1 998 
2 1000 
3 973 
4 985 
5 1000 
6 973 
7 396 841 
8 926 
9 863 
10 983 
11 1000 
12 396 
13 894 
14 981 
15 1000 
16 997 
17 973 981 801 
18 956 
19 997 
20 973 
21 860 
22 999 
23 797 
24 958 
25 686 937 
26 930 
27 999 
28 926 
29 973 
30 569 
31 532 
32 964 
33 435 775 991 
34 841 
35 625 
36 997 
37 901 
38 983 
39 997 
40 686 
41 672 981 
42 985 
43 999 
44 678 
45 952 
46 983 
47 672 
48 587 
49 894 
50 775 
51 926 
52 625 
53 956 
54 985 
55 877 
56 797 
57 988 
58 983 
59 1000 
60 956 
61 926 
62 1000 
63 952 
64 937 
65 997 
66 834 
67 1000 
68 957 
69 775 
70 957 
71 997 
72 867 
73 841 
74 997 
75 973 
76 860 
77 991 
78 901 770 
79 901 
80 930 
81 877 
82 976 
83 1000 
84 976 
85 929 
86 587 
87 396 
88 997 
89 862 
90 952 998 
91 997 
92 894 
93 801 
94 832 
95 710 
96 958 
97 998 
98 860 435 
99 929 686 867 
100 710 
101 1000 
102 775 929 862 
103 981 
104 973 957 
105 841 
106 770 
107 435 
108 832 
109 775 
110 952 
111 867 
112 860 
113 710 
114 894 
115 860 
116 867 
117 998 
118 775 
119 787 
120 997 
121 801 
122 847 
123 929 
124 981 
125 983 894 
126 832 
127 862 
128 860 817 
129 787 
130 775 
131 973 
132 801 
133 867 
134 956 
135 894 
136 396 
137 396 
138 713 991 
139 857 
140 686 
141 976 
142 981 
143 532 
144 973 
145 973 
146 1000 
147 569 
148 625 
149 929 
150 569 770 937 981 
151 983 
152 867 
153 983 862 
154 973 
155 832 
156 532 983 981 
157 985 
158 930 
159 957 985 997 
160 770 
161 832 
162 847 
163 775 
164 841 929 710 
165 958 
166 943 
167 863 
168 435 
169 976 
170 625 
171 847 
172 646 
173 976 
174 981 
175 659 
176 999 
177 867 
178 678 973 
179 587 
180 841 
181 847 
182 999 
183 957 
184 659 
185 930 
186 930 
187 981 985 
188 930 
189 983 
190 964 
191 901 
192 817 
193 841 
194 943 
195 899 
196 587 
197 834 
198 832 
199 775 
200 867 
201 817 
202 801 
203 973 
204 981 
205 983 929 985 988 
206 952 625 
207 710 
208 1000 
209 770 
210 991 
211 826 
212 860 
213 988 
214 956 
215 435 
216 988 
217 877 
218 863 
219 952 
220 860 
221 901 
222 857 
223 997 511 
224 862 926 
225 958 
226 646 
227 998 
228 894 
229 997 
230 997 
231 957 
232 817 
233 997 
234 958 
235 976 
236 997 
237 532 
238 976 
239 899 
240 985 
241 964 
242 998 
243 587 
244 396 
245 841 
246 983 
247 894 
248 659 
249 841 
250 894 
251 817 
252 976 
253 929 
254 775 
255 847 
256 964 
257 958 
258 929 
259 713 
260 973 
261 569 
262 957 
263 973 
264 985 
265 999 
266 956 
267 981 
268 770 
269 973 862 
270 877 
271 981 
272 930 
273 877 
274 775 930 988 
275 958 943 
276 998 
277 952 
278 435 
279 862 
280 929 
281 817 
282 877 
283 958 
284 999 
285 787 
286 998 
287 981 
288 841 
289 964 
290 899 
291 976 
292 894 
293 775 
294 988 
295 997 
296 832 
297 841 
298 857 
299 787 
300 862 
301 797 
302 983 
303 770 
304 511 
305 999 
306 999 
307 957 
308 981 
309 999 
310 952 
311 775 
312 973 
313 863 
314 988 
315 817 957 396 
316 532 
317 983 991 1000 997 
318 511 
319 998 
320 1000 
321 775 
322 678 
323 435 964 
324 991 
325 991 
326 877 841 396 
327 396 862 
328 901 
329 964 
330 981 
331 901 
332 672 
333 857 686 
334 775 511 435 
335 926 
336 991 
337 957 
338 997 
339 435 
340 958 
341 991 
342 926 
343 929 
344 867 
345 985 
346 957 
347 857 901 801 
348 396 
349 587 
350 787 
351 686 
352 937 
353 801 
354 646 
355 862 
356 801 
357 532 
358 659 
359 841 
360 899 
361 877 
362 532 997 826 863 
363 775 
364 952 
365 983 
366 841 797 
367 841 646 
368 832 
369 929 
370 976 
371 988 
372 770 
373 957 
374 770 
375 957 
376 625 
377 435 
378 998 
379 958 
380 832 
381 991 
382 958 
383 943 
384 841 
385 1000 
386 396 
387 981 
388 983 
389 646 
390 841 
391 894 
392 999 
393 985 
394 841 
395 926 
396 396 
397 957 
398 775 860 956 
399 957 646 860 
400 991 
401 860 
402 396 
403 569 983 930 952 
404 991 
405 686 
406 926 
407 841 787 
408 929 
409 943 
410 973 
411 952 
412 841 659 797 
413 964 
414 901 
415 983 
416 713 
417 834 
418 587 
419 926 
420 775 
421 860 
422 937 
423 857 
424 999 
425 997 
426 926 
427 625 
428 775 
429 787 
430 929 
431 396 
432 999 
433 983 
434 396 
435 435 
436 646 
437 801 
438 834 
439 930 
440 988 
441 983 
442 991 
443 973 
444 985 
445 943 
446 834 
447 983 
448 686 
449 832 
450 976 
451 973 
452 998 
453 532 
454 841 
455 973 396 832 801 
456 841 
457 787 
458 826 
459 957 
460 999 860 957 
461 899 
462 841 
463 678 770 672 
464 862 
465 817 
466 860 
467 1000 
468 713 
469 973 
470 625 
471 983 532 860 
472 991 
473 625 
474 985 
475 894 
476 1000 
477 981 
478 867 
479 952 
480 983 
481 625 
482 998 
483 964 
484 997 
485 863 
486 956 
487 841 
488 983 
489 952 
490 841 
491 646 
492 958 
493 973 801 999 
494 958 
495 999 
496 587 
497 396 
498 826 
499 929 
500 943 
501 863 
502 867 
503 801 
504 998 
505 511 
506 775 841 901 
507 857 1000 988 
508 532 
509 956 
510 899 
511 511 
512 863 
513 841 
514 775 569 710 
515 998 
516 841 1000 
517 937 976 988 
518 713 
519 899 
520 1000 
521 981 
522 686 1000 901 
523 841 
524 899 
525 775 
526 981 
527 926 
528 929 
529 957 
530 999 
531 952 
532 532 
533 867 
534 841 
535 860 
536 841 
537 926 
538 894 
539 672 
540 964 
541 396 
542 983 
543 860 
544 672 
545 999 
546 775 
547 985 
548 877 
549 985 
550 863 
551 847 
552 991 
553 952 710 901 998 
554 981 
555 997 
556 964 
557 817 
558 775 
559 943 
560 926 
561 926 
562 659 
563 958 
564 988 
565 841 1000 
566 956 678 672 
567 964 
568 841 
569 569 
570 435 877 801 
571 985 
572 983 
573 991 
574 998 
575 958 
576 841 587 860 
577 710 
578 981 
579 847 
580 943 
581 926 
582 860 
583 841 
584 958 
585 988 
586 396 775 713 587 826 
587 587 
588 867 
589 857 952 841 901 801 
590 686 
591 817 
592 973 
593 998 
594 832 
595 958 
596 857 
597 860 
598 952 
599 981 
600 997 
601 999 
602 964 
603 899 
604 997 
605 686 867 952 877 
606 801 
607 981 
608 981 
609 997 
610 943 
611 988 
612 976 
613 997 
614 901 
615 860 
616 901 
617 929 646 396 
618 973 
619 847 
620 943 
621 625 
622 797 
623 867 
624 569 
625 625 
626 686 
627 867 
628 952 
629 988 
630 973 
631 956 
632 901 
633 396 
634 396 
635 964 
636 964 
637 997 
638 862 
639 973 
640 998 
641 983 
642 713 
643 775 
644 998 
645 899 
646 646 
647 834 
648 841 
649 801 
650 926 
651 867 
652 983 
653 981 
654 991 
655 976 
656 847 
657 867 
658 999 
659 659 
660 396 
661 646 
662 775 
663 983 775 672 
664 952 
665 1000 
666 877 
667 981 
668 841 847 952 976 988 
669 770 
670 625 
671 797 
672 672 
673 894 937 957 901 801 997 988 
674 841 
675 985 
676 976 
677 985 
678 678 672 
679 862 
680 926 
681 860 
682 956 
683 952 
684 801 
685 964 
686 686 
687 775 
688 957 
689 775 
690 857 
691 713 
692 1000 
693 841 
694 937 
695 997 
696 958 
697 817 
698 983 
699 860 
700 860 957 
701 991 
702 901 
703 625 
704 646 
705 929 
706 930 
707 988 
708 587 
709 976 
710 710 
711 894 
712 860 
713 713 
714 985 
715 997 511 
716 964 
717 937 
718 826 
719 801 
720 929 
721 981 
722 894 
723 834 
724 841 
725 973 
726 857 
727 985 
728 956 
729 999 
730 678 672 
731 930 
732 1000 
733 841 
734 867 958 957 991 
735 569 
736 894 
737 929 
738 926 
739 930 
740 937 
741 826 
742 964 
743 929 
744 973 
745 956 
746 770 
747 826 
748 956 
749 435 
750 797 901 
751 981 
752 625 
753 832 981 
754 867 
755 899 
756 973 
757 976 
758 713 
759 860 
760 867 
761 797 710 
762 775 
763 826 
764 937 
765 801 
766 860 
767 857 
768 801 
769 646 983 991 
770 770 
771 997 
772 1000 
773 926 
774 396 532 958 
775 775 
776 952 
777 894 
778 686 
779 867 976 991 988 
780 985 
781 860 
782 943 
783 991 
784 801 
785 569 770 991 
786 862 
787 787 
788 999 
789 857 
790 929 
791 926 
792 862 
793 983 
794 956 
795 867 
796 952 
797 797 
798 847 
799 998 976 
800 672 646 841 
801 801 
802 801 
803 997 
804 988 
805 863 
806 396 
807 841 860 973 998 
808 817 
809 857 
810 981 
811 847 
812 952 
813 997 
814 930 
815 841 
816 770 
817 817 
818 943 
819 396 998 988 991 
820 929 
821 981 
822 988 
823 991 
824 957 
825 981 
826 826 
827 901 
828 973 958 985 988 998 
829 894 
830 926 
831 991 
832 832 
833 901 
834 834 
835 625 847 832 1000 
836 929 
837 981 
838 988 
839 926 
840 863 
841 841 
842 943 
843 929 
844 894 
845 943 
846 983 
847 847 
848 877 
849 834 943 
850 775 
851 894 
852 862 
853 797 862 929 826 396 997 
854 976 
855 983 
856 862 
857 857 
858 997 
859 1000 
860 860 
861 899 
862 862 
863 863 
864 899 
865 991 
866 952 
867 867 
868 817 957 826 988 985 1000 
869 998 
870 957 
871 841 646 
872 832 
873 860 
874 1000 
875 983 
876 826 
877 877 
878 956 
879 901 
880 894 
881 988 
882 964 
883 841 
884 998 
885 832 
886 867 
887 956 
888 894 
889 1000 
890 997 867 952 937 943 957 
891 787 964 973 997 985 991 
892 998 
893 713 686 396 956 832 983 
894 894 
895 937 
896 952 
897 867 
898 877 
899 899 
900 991 
901 901 
902 396 
903 956 826 
904 894 
905 937 964 
906 956 
907 973 
908 817 
909 997 
910 943 
911 985 
912 958 
913 983 
914 997 
915 863 
916 930 
917 775 396 976 981 1000 
918 973 
919 976 
920 983 
921 991 787 511 943 988 
922 899 
923 926 
924 926 
925 867 569 832 956 991 
926 926 
927 983 
928 929 
929 929 
930 930 
931 1000 
932 926 
933 981 
934 943 
935 930 
936 988 
937 937 894 
938 976 
939 991 
940 957 
941 952 
942 985 396 957 983 958 926 981 
943 943 
944 983 
945 985 
946 988 
947 997 
948 396 
949 976 
950 981 
951 997 
952 952 
953 997 
954 998 
955 1000 
956 956 
957 957 
958 958 
959 998 
960 901 
961 988 
962 999 867 998 1000 
963 988 
964 964 
965 625 991 981 943 
966 952 899 625 713 937 929 
967 532 841 983 937 976 997 
968 801 
969 985 
970 943 
971 997 
972 867 
973 973 
974 926 775 988 901 998 
975 981 
976 976 
977 981 
978 991 
979 659 943 973 988 930 998 
980 981 
981 981 
982 929 956 930 943 1000 991 
983 983 
984 976 
985 985 
986 985 
987 988 
988 988 
989 991 
990 1000 
991 991 
992 841 877 964 983 863 998 
993 991 
994 1000 
995 998 
996 832 625 901 841 894 1000 
997 997 
998 998 983 
999 999 1000 
1000 1000 
