1 999 
2 902 
3 971 
4 892 
5 538 
6 924 
7 976 
8 993 
9 971 
10 759 
11 893 
12 992 
13 999 
14 892 
15 999 
16 555 759 870 
17 954 
18 924 
19 924 
20 928 
21 892 
22 987 
23 967 
24 232 
25 746 
26 746 978 
27 976 
28 774 
29 959 
30 976 
31 954 
32 812 907 
33 904 
34 976 
35 717 
36 831 
37 994 
38 831 
39 932 
40 717 
41 994 
42 644 
43 948 
44 1000 
45 698 
46 759 
47 232 
48 932 
49 970 
50 537 
51 961 
52 870 
53 870 
54 774 825 876 936 
55 893 
56 970 
57 787 
58 750 
59 993 
60 538 906 
61 793 969 
62 812 657 
63 978 
64 812 
65 907 
66 924 948 
67 849 
68 970 
69 755 
70 978 
71 970 
72 936 
73 793 
74 978 
75 644 
76 668 
77 924 
78 831 774 
79 993 
80 993 
81 423 
82 759 
83 717 
84 922 
85 717 
86 999 
87 825 
88 746 
89 537 907 
90 954 
91 232 668 876 
92 907 
93 959 
94 905 
95 993 
96 746 
97 658 
98 969 
99 992 
100 538 
101 644 
102 537 
103 746 
104 812 
105 906 
106 232 740 905 
107 759 
108 750 
109 987 
110 954 
111 948 
112 936 
113 999 
114 904 
115 967 
116 232 
117 978 
118 961 
119 978 
120 538 
121 978 
122 967 
123 892 
124 801 
125 812 
126 924 
127 740 
128 928 
129 740 
130 948 
131 904 932 
132 849 
133 849 774 907 
134 698 
135 793 
136 948 
137 970 
138 232 774 
139 698 
140 849 
141 893 
142 902 
143 922 
144 922 
145 232 
146 698 
147 555 
148 740 
149 760 
150 776 
151 978 
152 661 
153 717 
154 902 
155 856 
156 776 
157 961 
158 976 
159 856 
160 904 969 976 
161 831 
162 967 
163 644 
164 967 
165 994 
166 928 
167 760 
168 993 
169 904 
170 750 
171 905 
172 948 
173 628 
174 812 
175 856 
176 628 905 
177 812 
178 750 
179 999 
180 924 
181 644 
182 978 
183 593 793 
184 978 
185 967 
186 987 
187 961 
188 1000 
189 801 
190 976 
191 976 
192 893 
193 978 
194 776 
195 746 
196 719 
197 976 
198 922 
199 978 
200 924 
201 954 
202 922 
203 976 
204 825 
205 904 
206 936 893 907 
207 976 
208 904 658 776 948 
209 961 
210 999 
211 719 
212 924 
213 661 
214 954 
215 776 
216 668 232 
217 668 
218 593 
219 961 
220 971 
221 928 
222 892 
223 954 
224 987 
225 904 
226 924 
227 971 
228 787 
229 232 
230 961 
231 904 
232 232 
233 719 
234 924 
235 856 
236 971 
237 971 
238 970 
239 993 
240 1000 
241 893 
242 969 
243 906 
244 924 
245 967 
246 825 
247 787 
248 892 
249 961 
250 661 
251 760 
252 893 
253 993 
254 755 
255 969 
256 856 
257 555 
258 893 
259 971 
260 905 936 
261 1000 
262 812 
263 905 
264 924 
265 232 
266 954 907 
267 992 
268 999 
269 717 892 970 987 992 
270 924 
271 876 
272 801 924 719 
273 538 904 905 
274 698 870 856 970 
275 793 
276 902 
277 717 
278 774 628 961 936 907 
279 961 
280 555 
281 948 
282 970 
283 870 
284 746 
285 849 
286 961 
287 750 
288 801 
289 1000 
290 776 
291 876 
292 644 
293 976 
294 994 
295 902 
296 905 
297 978 
298 924 
299 593 905 969 
300 987 
301 657 
302 759 
303 992 
304 978 
305 657 658 776 719 
306 978 
307 970 
308 849 904 787 
309 755 
310 994 
311 812 
312 969 
313 661 
314 906 
315 967 
316 232 
317 906 
318 971 
319 698 657 959 
320 812 
321 668 
322 959 
323 907 
324 849 750 774 928 
325 831 924 992 
326 904 
327 668 
328 959 
329 793 
330 1000 
331 876 
332 750 
333 978 
334 787 
335 992 
336 812 
337 976 
338 971 
339 994 
340 661 
341 928 
342 423 
343 856 
344 902 
345 719 
346 755 
347 971 
348 954 
349 232 774 
350 971 
351 976 
352 774 
353 628 
354 954 
355 876 
356 1000 
357 657 
358 658 
359 668 
360 932 698 876 936 
361 856 
362 870 
363 537 593 
364 961 
365 904 
366 993 
367 658 
368 932 
369 978 
370 856 
371 994 
372 932 
373 628 774 969 
374 1000 
375 812 
376 776 
377 644 
378 969 
379 232 
380 774 
381 812 
382 740 
383 801 
384 759 
385 759 
386 954 
387 668 
388 992 
389 971 
390 905 
391 870 
392 992 
393 892 
394 987 
395 755 
396 959 
397 922 904 936 893 
398 856 
399 959 
400 892 
401 959 
402 987 
403 825 
404 1000 
405 1000 
406 1000 
407 924 
408 232 
409 892 657 801 893 
410 831 
411 628 
412 970 
413 922 
414 760 
415 787 
416 755 
417 740 
418 993 
419 906 
420 969 
421 856 967 969 907 
422 999 
423 423 
424 555 906 856 
425 954 423 969 
426 961 
427 902 
428 993 
429 423 776 893 
430 993 
431 928 
432 924 
433 538 746 831 
434 825 924 928 893 907 
435 902 
436 999 
437 825 
438 967 
439 719 
440 793 
441 967 
442 999 
443 924 
444 658 
445 1000 
446 924 
447 993 
448 698 
449 759 
450 924 
451 657 
452 969 
453 555 
454 976 
455 870 
456 922 
457 719 
458 954 
459 987 
460 787 
461 825 
462 999 
463 906 
464 658 
465 902 
466 232 
467 902 
468 537 
469 537 
470 928 
471 904 
472 967 
473 719 
474 999 
475 959 
476 954 
477 628 
478 717 
479 993 
480 593 
481 774 
482 978 
483 992 
484 537 
485 538 
486 793 
487 922 
488 994 793 907 
489 537 
490 992 
491 993 
492 992 
493 661 
494 970 
495 801 
496 831 
497 812 
498 904 
499 970 
500 961 
501 954 
502 971 
503 644 
504 740 
505 924 
506 661 
507 961 936 976 999 
508 904 812 
509 969 
510 232 
511 971 
512 668 
513 644 
514 999 
515 922 
516 948 
517 993 
518 906 
519 987 
520 907 
521 555 
522 954 
523 892 
524 831 
525 893 
526 969 
527 668 
528 904 
529 661 
530 668 
531 987 
532 907 
533 961 
534 849 
535 232 
536 1000 
537 537 
538 538 
539 657 793 893 907 
540 928 
541 999 
542 936 
543 760 
544 876 
545 924 
546 668 
547 932 
548 948 
549 936 
550 954 
551 759 
552 755 
553 876 
554 967 
555 555 
556 759 924 905 907 
557 967 
558 661 
559 1000 
560 987 
561 787 
562 954 
563 538 
564 907 
565 698 
566 537 755 812 
567 755 
568 812 
569 906 
570 661 
571 970 
572 849 
573 793 
574 812 740 657 750 
575 993 
576 1000 
577 902 
578 717 
579 961 
580 905 
581 856 
582 755 
583 948 
584 987 
585 760 
586 801 
587 593 
588 906 
589 969 
590 593 
591 954 
592 717 
593 593 
594 992 
595 961 
596 922 
597 904 
598 904 
599 948 
600 893 
601 801 948 976 907 
602 954 
603 831 
604 787 
605 776 
606 954 746 760 992 
607 892 961 
608 661 
609 904 
610 967 
611 902 
612 759 
613 999 
614 870 
615 759 
616 893 
617 967 
618 954 755 717 904 
619 1000 
620 987 
621 936 
622 849 
623 423 
624 893 
625 760 
626 970 
627 971 
628 628 
629 825 
630 954 
631 970 
632 902 
633 893 
634 658 740 
635 932 
636 1000 
637 959 
638 967 
639 755 
640 932 
641 961 
642 776 
643 971 
644 644 
645 698 
646 825 
647 924 
648 993 
649 661 
650 936 
651 992 
652 970 
653 856 
654 760 
655 538 
656 967 
657 657 
658 658 
659 922 
660 954 
661 661 
662 661 
663 906 
664 893 
665 760 740 
666 698 
667 849 
668 668 
669 993 
670 999 
671 948 
672 922 
673 936 
674 893 907 
675 999 
676 928 
677 924 
678 902 976 907 
679 959 992 
680 787 740 
681 999 
682 825 876 
683 774 
684 537 
685 993 
686 932 
687 976 
688 961 
689 922 
690 976 870 
691 746 
692 906 
693 932 
694 987 
695 948 
696 232 
697 740 
698 698 
699 232 928 
700 657 
701 907 
702 959 
703 644 
704 870 
705 904 
706 936 
707 948 
708 755 
709 644 
710 907 
711 658 
712 750 
713 948 
714 856 
715 904 
716 760 
717 717 
718 932 
719 719 
720 902 
721 992 
722 959 
723 1000 
724 907 
725 904 
726 876 
727 902 
728 924 
729 928 
730 698 
731 971 
732 961 
733 978 
734 922 
735 892 
736 992 
737 812 
738 831 
739 993 
740 740 
741 954 793 
742 907 
743 907 
744 906 
745 657 
746 746 
747 987 
748 892 
749 856 
750 750 
751 870 
752 961 
753 831 
754 746 870 876 992 
755 755 
756 906 
757 812 893 999 
758 776 
759 759 
760 760 
761 760 
762 999 
763 906 
764 661 
765 904 746 740 924 
766 922 
767 232 954 904 999 
768 971 
769 932 
770 831 
771 776 924 906 961 
772 922 
773 999 
774 774 
775 907 
776 776 
777 987 
778 976 746 870 999 
779 793 
780 969 
781 967 
782 825 
783 893 
784 961 
785 976 
786 987 
787 787 
788 993 
789 992 
790 959 
791 992 
792 1000 
793 793 
794 719 
795 759 
796 976 
797 970 
798 999 
799 870 
800 961 
801 801 
802 924 
803 987 
804 987 
805 719 
806 948 
807 856 
808 698 
809 876 
810 740 
811 932 
812 812 
813 971 
814 232 954 661 905 971 969 
815 856 
816 993 
817 902 
818 870 
819 999 
820 856 
821 978 
822 893 
823 759 
824 969 
825 825 
826 423 961 954 948 969 959 
827 893 
828 967 
829 987 
830 932 
831 831 
832 628 876 959 907 992 
833 906 
834 906 
835 876 
836 719 
837 1000 
838 870 
839 904 
840 993 
841 978 
842 954 719 967 932 969 907 
843 932 
844 932 
845 992 
846 661 
847 959 
848 644 
849 849 
850 970 
851 924 
852 740 902 750 905 906 993 1000 
853 232 904 893 971 970 
854 970 
855 967 
856 856 
857 628 959 876 
858 992 
859 967 
860 999 
861 793 776 928 825 907 
862 970 
863 959 
864 969 
865 932 
866 644 
867 978 
868 893 
869 971 
870 870 
871 978 
872 928 
873 969 
874 876 
875 1000 
876 876 
877 907 
878 932 
879 992 
880 970 
881 987 
882 907 992 1000 
883 970 
884 959 
885 978 
886 905 
887 976 
888 537 740 904 971 876 
889 904 
890 976 
891 987 
892 892 
893 893 
894 774 759 907 992 
895 924 657 928 907 1000 
896 993 
897 870 
898 987 
899 961 
900 870 
901 759 849 719 969 959 
902 902 
903 970 
904 904 
905 905 
906 906 
907 907 
908 924 
909 905 774 904 961 970 987 
910 1000 
911 876 
912 936 
913 954 
914 740 801 976 948 969 907 
915 812 961 954 924 971 969 978 
916 987 
917 936 
918 967 
919 999 
920 967 
921 993 
922 922 
923 970 
924 924 
925 870 
926 1000 
927 932 
928 928 
929 967 
930 971 
931 992 
932 932 
933 970 
934 924 
935 967 
936 936 
937 906 
938 1000 
939 892 961 976 907 999 978 
940 812 928 657 876 907 1000 
941 787 593 849 993 992 
942 999 
943 961 
944 936 
945 1000 
946 776 423 812 976 959 907 
947 759 948 924 760 644 870 936 
948 948 
949 876 
950 1000 
951 856 
952 978 
953 993 
954 954 
955 999 
956 936 
957 969 
958 987 
959 959 
960 959 
961 961 
962 994 750 555 668 904 760 999 
963 1000 
964 961 924 759 969 948 993 907 
965 948 
966 999 
967 967 
968 928 831 902 907 987 992 
969 969 
970 970 
971 971 
972 970 
973 978 
974 1000 
975 992 
976 976 
977 907 
978 978 
979 893 
980 961 
981 907 
982 992 
983 987 
984 992 
985 1000 
986 987 
987 987 
988 1000 
989 993 
990 992 
991 978 
992 992 
993 993 
994 994 776 922 905 644 893 992 
995 954 856 987 969 870 876 967 
996 1000 
997 907 
998 1000 
999 999 
1000 1000 
