1 1000 
2 952 
3 899 
4 845 
5 959 991 
6 772 
7 969 998 
8 931 
9 998 
10 959 
11 878 
12 841 342 
13 1000 
14 672 
15 964 
16 952 
17 899 
18 952 877 
19 968 
20 841 
21 969 
22 931 
23 672 
24 992 
25 845 
26 847 
27 949 
28 999 
29 836 947 990 
30 948 
31 994 
32 772 
33 969 
34 915 
35 342 
36 991 
37 984 
38 999 
39 998 
40 845 
41 998 
42 969 
43 952 
44 969 
45 959 
46 949 
47 1000 
48 818 
49 927 
50 949 
51 964 
52 959 991 
53 672 
54 841 
55 786 
56 952 
57 878 
58 984 
59 952 
60 952 964 
61 964 
62 910 
63 910 
64 931 
65 878 
66 910 
67 912 
68 862 984 982 
69 775 
70 786 
71 877 
72 836 
73 342 
74 1000 
75 984 949 948 
76 877 
77 998 
78 877 
79 992 
80 841 
81 609 
82 953 
83 984 
84 994 992 
85 980 
86 927 
87 786 
88 877 
89 990 
90 910 
91 910 
92 952 
93 959 
94 948 
95 931 
96 991 
97 818 
98 959 
99 959 
100 847 
101 915 
102 991 992 998 
103 998 
104 845 
105 980 
106 991 952 
107 786 
108 953 
109 841 
110 980 
111 968 
112 969 
113 1000 
114 847 
115 877 
116 992 
117 999 
118 949 
119 968 
120 783 
121 786 
122 982 
123 949 992 
124 845 990 
125 999 
126 772 
127 1000 
128 862 
129 964 
130 865 
131 992 
132 899 998 
133 818 
134 793 
135 969 
136 949 952 964 
137 984 
138 964 
139 775 
140 915 990 
141 969 
142 915 
143 1000 
144 992 
145 949 
146 984 
147 877 
148 783 
149 991 
150 786 
151 786 
152 841 
153 947 
154 953 
155 915 
156 959 
157 982 
158 927 
159 947 
160 992 
161 877 786 
162 980 
163 910 
164 910 
165 1000 
166 1000 
167 964 
168 877 
169 964 
170 999 
171 818 968 
172 964 
173 959 
174 952 
175 994 
176 952 
177 912 
178 912 
179 841 
180 999 968 
181 862 
182 947 999 
183 947 
184 980 
185 959 
186 999 
187 793 
188 952 
189 877 
190 969 
191 959 
192 1000 
193 982 
194 999 
195 982 
196 949 
197 1000 
198 1000 
199 865 
200 999 
201 964 
202 984 
203 910 
204 775 
205 959 
206 982 
207 793 979 
208 342 
209 999 
210 969 952 
211 999 
212 959 
213 952 
214 991 
215 948 
216 991 
217 959 
218 1000 
219 609 342 
220 964 
221 990 
222 969 
223 772 927 
224 877 
225 915 
226 952 
227 953 980 990 
228 947 968 
229 990 
230 757 
231 992 
232 964 
233 910 
234 654 
235 947 
236 959 
237 979 
238 949 
239 877 
240 998 
241 990 
242 979 
243 793 
244 931 
245 947 
246 654 
247 982 
248 793 
249 964 
250 818 
251 959 
252 990 947 992 
253 948 
254 984 
255 342 
256 984 
257 968 
258 969 
259 991 
260 654 
261 841 
262 865 
263 1000 
264 772 
265 982 
266 991 
267 990 
268 994 
269 991 
270 992 
271 982 
272 994 
273 818 
274 991 862 
275 952 
276 949 
277 998 
278 786 
279 991 
280 964 
281 793 
282 927 
283 899 
284 786 
285 931 
286 990 
287 1000 
288 990 
289 992 
290 984 865 980 
291 969 
292 947 
293 1000 
294 862 
295 992 
296 952 1000 
297 964 
298 984 
299 992 
300 836 
301 609 
302 836 
303 836 
304 999 
305 969 927 
306 982 
307 990 
308 775 
309 818 
310 964 793 342 
311 927 
312 964 982 
313 998 
314 994 
315 992 
316 862 
317 927 
318 899 
319 998 
320 982 
321 968 
322 984 
323 984 
324 757 
325 982 
326 984 
327 999 
328 979 
329 982 
330 915 
331 818 
332 783 
333 948 
334 992 
335 959 
336 899 
337 927 
338 948 
339 793 
340 847 
341 959 
342 342 
343 984 
344 953 
345 1000 
346 927 
347 991 
348 772 931 
349 968 
350 992 
351 992 
352 786 
353 969 
354 927 772 
355 990 
356 999 
357 992 
358 927 
359 927 
360 994 
361 984 
362 952 
363 968 
364 865 
365 910 
366 757 
367 931 
368 609 
369 949 
370 991 
371 947 
372 990 
373 775 
374 912 
375 912 818 
376 845 
377 786 
378 999 
379 672 
380 999 
381 847 
382 980 
383 982 
384 959 
385 991 
386 969 
387 862 
388 991 
389 915 
390 969 
391 998 
392 862 
393 947 
394 952 
395 899 
396 757 
397 793 
398 999 
399 991 
400 786 
401 931 
402 342 
403 949 
404 877 
405 953 
406 969 
407 959 
408 952 
409 991 
410 931 
411 836 
412 980 
413 609 
414 878 
415 342 
416 992 
417 899 
418 998 
419 969 
420 899 
421 998 
422 847 
423 992 
424 969 
425 878 
426 999 
427 927 
428 836 
429 783 
430 927 
431 949 
432 910 
433 964 
434 994 
435 1000 
436 999 
437 968 
438 980 
439 964 
440 672 
441 991 
442 953 992 
443 969 
444 786 
445 984 
446 992 
447 818 
448 931 
449 342 948 
450 969 
451 984 
452 952 
453 999 
454 912 
455 990 
456 953 
457 1000 
458 992 999 
459 948 
460 953 
461 991 
462 1000 
463 980 
464 947 
465 998 
466 948 
467 994 
468 994 
469 757 
470 982 
471 992 
472 841 
473 952 
474 984 
475 865 
476 991 
477 877 
478 757 
479 999 
480 899 
481 878 
482 877 
483 949 
484 910 
485 984 
486 757 
487 994 
488 952 
489 1000 
490 845 
491 984 
492 992 
493 1000 
494 992 
495 947 
496 969 
497 654 
498 877 
499 990 
500 990 
501 992 
502 982 
503 959 
504 969 915 
505 877 
506 952 
507 949 
508 775 
509 877 
510 912 
511 948 
512 947 
513 969 
514 994 
515 998 
516 877 
517 947 
518 910 
519 984 
520 836 
521 912 
522 672 
523 980 
524 772 
525 990 
526 969 
527 984 980 
528 982 1000 
529 991 899 994 
530 927 
531 841 
532 672 
533 1000 
534 994 
535 877 
536 836 
537 899 841 
538 982 
539 994 
540 775 
541 847 
542 980 
543 982 
544 982 
545 959 
546 952 
547 964 
548 949 999 
549 793 
550 994 
551 998 
552 772 
553 865 
554 999 
555 841 
556 877 
557 931 1000 
558 952 
559 947 
560 980 
561 953 
562 862 
563 609 342 
564 959 
565 912 
566 847 
567 948 
568 783 
569 984 
570 841 
571 968 
572 949 
573 969 
574 847 991 
575 999 
576 793 
577 862 
578 982 
579 979 
580 959 
581 915 
582 772 
583 757 
584 910 
585 969 
586 992 
587 984 910 786 
588 964 
589 847 
590 964 990 
591 992 
592 772 
593 999 
594 1000 
595 984 757 982 
596 964 927 
597 952 
598 845 
599 953 
600 878 979 994 
601 836 912 
602 793 
603 862 
604 984 845 994 
605 998 
606 818 
607 952 
608 818 
609 609 
610 982 
611 772 
612 845 
613 672 
614 992 
615 959 
616 984 
617 877 
618 969 
619 959 
620 982 836 998 
621 994 
622 772 
623 964 
624 845 
625 878 949 982 
626 982 
627 757 
628 999 
629 990 
630 862 
631 793 
632 990 
633 990 
634 964 
635 841 
636 991 
637 947 
638 948 
639 949 
640 992 
641 948 
642 912 
643 968 
644 877 
645 772 
646 841 
647 1000 
648 949 
649 980 
650 915 
651 952 
652 968 
653 915 
654 654 
655 910 1000 
656 968 
657 991 
658 968 836 927 
659 862 959 998 
660 899 
661 818 
662 836 
663 841 
664 783 
665 912 786 994 
666 990 
667 964 
668 899 
669 990 
670 818 
671 878 948 1000 
672 672 
673 969 
674 998 
675 877 
676 877 980 948 
677 910 
678 949 
679 949 
680 948 
681 952 
682 979 969 845 
683 877 
684 964 994 999 
685 877 
686 998 
687 899 
688 999 
689 947 
690 910 
691 990 
692 786 
693 999 
694 931 
695 927 
696 910 
697 949 
698 783 
699 931 
700 862 
701 877 
702 910 
703 969 
704 899 
705 969 
706 818 
707 672 
708 999 
709 979 998 
710 964 
711 964 
712 931 
713 959 
714 968 
715 969 
716 952 
717 818 
718 982 
719 927 
720 979 
721 878 
722 775 
723 912 
724 948 
725 994 
726 878 
727 980 
728 991 
729 964 991 953 
730 847 
731 979 
732 969 
733 927 
734 927 
735 878 931 982 
736 994 
737 968 
738 783 
739 998 
740 980 
741 990 
742 793 969 
743 952 
744 991 
745 964 
746 931 
747 1000 
748 982 
749 931 927 915 
750 984 
751 968 
752 783 
753 952 786 
754 998 
755 994 
756 865 
757 757 
758 948 
759 992 
760 968 
761 949 
762 910 
763 980 
764 915 
765 672 
766 994 
767 783 
768 969 
769 877 984 999 
770 1000 
771 998 
772 772 
773 991 
774 991 
775 775 
776 786 
777 948 
778 927 
779 877 
780 912 
781 980 
782 927 
783 783 
784 990 
785 947 
786 786 
787 910 654 
788 953 
789 862 
790 982 
791 949 836 927 
792 998 
793 793 
794 969 
795 991 
796 994 
797 927 
798 953 
799 952 
800 931 
801 912 
802 994 
803 841 
804 991 342 
805 877 
806 931 
807 984 927 910 
808 992 
809 786 990 
810 999 
811 968 
812 991 
813 959 
814 947 
815 953 
816 953 982 991 
817 927 
818 818 
819 931 
820 953 
821 969 982 998 
822 927 
823 953 
824 979 
825 786 
826 818 
827 952 
828 847 
829 949 980 1000 
830 862 
831 964 
832 877 
833 990 
834 982 
835 984 
836 836 
837 931 
838 952 
839 915 
840 991 
841 841 
842 990 
843 980 
844 984 
845 845 
846 931 992 999 
847 847 
848 984 999 818 
849 1000 
850 969 786 998 
851 992 998 999 
852 952 
853 952 
854 847 
855 990 
856 992 
857 998 
858 982 
859 757 
860 968 
861 999 
862 862 
863 984 
864 999 
865 865 984 
866 992 
867 786 
868 947 
869 877 
870 992 
871 991 
872 899 
873 982 
874 998 
875 991 
876 982 
877 877 
878 878 
879 964 
880 947 
881 999 
882 952 
883 947 
884 1000 
885 959 912 999 
886 845 877 982 
887 862 
888 990 
889 953 
890 927 910 1000 
891 982 
892 964 912 998 
893 998 
894 841 
895 915 
896 959 
897 912 
898 949 
899 899 
900 959 
901 959 
902 847 
903 964 
904 998 
905 836 982 999 
906 953 
907 980 
908 990 
909 847 
910 910 
911 991 
912 912 
913 964 
914 836 
915 915 
916 992 
917 910 
918 969 
919 910 
920 991 
921 948 
922 845 
923 927 
924 980 
925 953 
926 980 
927 927 
928 1000 
929 982 991 998 
930 959 
931 931 
932 964 
933 969 
934 982 
935 818 
936 994 
937 969 
938 959 
939 982 
940 959 
941 990 818 1000 
942 877 
943 968 994 982 991 
944 953 
945 948 
946 948 
947 947 
948 948 
949 949 
950 999 
951 969 982 968 
952 952 
953 953 
954 999 
955 992 
956 841 992 953 
957 982 
958 994 
959 959 
960 998 
961 998 
962 994 
963 927 
964 964 
965 998 
966 1000 
967 982 
968 968 999 
969 969 
970 1000 
971 994 
972 786 990 
973 927 
974 927 999 
975 964 990 927 
976 910 654 915 
977 1000 
978 969 
979 949 979 968 
980 980 
981 999 
982 982 
983 984 865 992 
984 984 
985 991 
986 841 969 980 
987 999 
988 990 
989 991 
990 990 
991 991 
992 992 
993 1000 947 990 968 994 
994 994 
995 931 992 991 
996 786 947 990 
997 998 
998 998 
999 999 
1000 1000 
