1 987 
2 980 
3 682 
4 881 
5 705 
6 1000 
7 913 
8 880 
9 1000 
10 982 
11 893 
12 957 
13 751 
14 987 
15 931 
16 1000 
17 881 
18 982 
19 642 
20 951 
21 705 
22 938 
23 751 
24 994 
25 999 
26 994 
27 954 
28 628 
29 962 
30 790 
31 893 
32 987 
33 980 
34 982 
35 988 
36 961 
37 992 
38 980 
39 951 
40 320 
41 916 
42 980 
43 1000 
44 998 
45 999 
46 856 
47 938 
48 931 
49 951 
50 988 
51 992 
52 980 
53 624 
54 856 
55 962 
56 929 
57 987 
58 957 
59 913 
60 982 
61 915 
62 982 
63 916 
64 681 
65 926 
66 854 
67 434 
68 915 
69 992 
70 979 
71 1000 
72 881 
73 596 
74 628 915 
75 980 
76 914 
77 994 
78 881 
79 998 
80 790 
81 829 
82 854 
83 982 
84 987 
85 916 
86 849 
87 624 
88 724 
89 596 
90 988 
91 931 
92 874 
93 916 
94 961 
95 705 
96 988 
97 988 
98 960 
99 962 
100 994 
101 881 
102 998 
103 1000 
104 628 
105 913 951 
106 954 
107 913 
108 724 
109 913 
110 926 
111 960 
112 790 
113 926 
114 824 
115 616 672 
116 994 
117 790 
118 957 
119 616 914 
120 849 
121 982 
122 874 873 961 
123 954 
124 998 
125 979 
126 854 957 
127 916 
128 957 
129 998 
130 998 
131 920 
132 627 
133 913 
134 962 
135 1000 
136 951 
137 910 
138 951 
139 914 
140 705 
141 616 
142 893 
143 849 642 682 
144 849 
145 999 
146 724 
147 705 
148 854 
149 961 
150 994 
151 960 
152 929 
153 913 980 994 
154 616 
155 929 
156 987 
157 742 
158 992 
159 962 
160 880 
161 982 
162 893 
163 999 
164 682 980 
165 434 
166 954 
167 914 
168 642 
169 365 
170 627 724 
171 913 
172 873 
173 365 873 931 
174 602 
175 627 
176 742 
177 365 
178 992 
179 916 
180 742 
181 929 
182 998 
183 998 
184 982 
185 829 
186 751 999 
187 998 
188 881 
189 434 998 
190 874 
191 724 
192 1000 
193 616 
194 929 
195 751 
196 960 
197 873 
198 365 
199 866 
200 979 
201 910 
202 320 
203 988 
204 913 
205 992 
206 742 
207 856 
208 854 
209 751 365 916 
210 596 
211 874 602 
212 627 916 
213 994 
214 790 
215 681 682 
216 962 
217 915 
218 926 
219 954 
220 988 
221 920 
222 681 320 
223 914 
224 962 893 
225 705 
226 910 
227 596 
228 992 
229 980 
230 998 
231 881 
232 913 434 
233 829 
234 881 
235 881 
236 982 
237 926 
238 682 
239 434 
240 849 
241 624 
242 992 
243 988 881 
244 880 
245 982 
246 988 
247 915 
248 992 
249 957 
250 624 
251 998 
252 365 
253 790 
254 829 
255 998 
256 915 
257 790 
258 873 
259 628 
260 672 
261 951 
262 920 
263 926 
264 790 
265 602 
266 931 
267 987 
268 980 
269 994 
270 951 
271 999 
272 957 
273 999 
274 866 
275 999 
276 988 
277 998 
278 957 
279 849 
280 957 
281 616 
282 961 
283 856 
284 999 
285 994 
286 824 
287 856 
288 926 
289 790 
290 994 
291 961 
292 705 893 866 
293 849 
294 742 980 
295 961 
296 980 
297 642 
298 957 
299 920 
300 931 
301 913 
302 751 
303 829 
304 1000 
305 961 
306 929 
307 829 910 920 
308 913 
309 979 
310 979 
311 979 
312 596 
313 926 
314 596 628 
315 672 
316 642 
317 856 
318 951 
319 829 
320 320 
321 365 
322 961 
323 926 
324 938 
325 642 
326 987 
327 854 
328 681 
329 910 
330 893 
331 999 
332 790 
333 992 
334 920 
335 616 
336 926 
337 957 
338 824 
339 988 
340 849 434 910 920 
341 999 
342 672 596 
343 829 
344 999 
345 856 
346 1000 
347 979 
348 790 
349 856 
350 893 
351 627 
352 957 994 938 
353 682 
354 987 
355 873 
356 987 824 854 931 
357 992 
358 682 824 893 
359 979 
360 672 705 929 992 
361 951 
362 961 
363 705 724 999 
364 616 
365 365 
366 873 
367 957 
368 881 
369 980 
370 992 
371 434 
372 790 
373 893 
374 320 
375 893 
376 994 
377 988 
378 931 
379 682 602 627 
380 628 849 
381 926 
382 913 
383 616 
384 434 
385 854 
386 980 
387 987 
388 954 
389 866 
390 987 
391 988 
392 951 
393 854 
394 627 
395 914 
396 681 
397 849 
398 999 
399 790 
400 824 616 854 
401 988 
402 960 
403 1000 
404 999 
405 999 
406 929 
407 1000 866 982 994 
408 880 
409 1000 
410 987 
411 998 
412 881 
413 881 
414 829 
415 616 681 596 
416 705 
417 987 
418 910 
419 954 
420 914 
421 596 
422 999 
423 914 
424 929 
425 915 
426 938 
427 1000 
428 1000 
429 957 
430 926 
431 938 
432 951 929 920 
433 987 
434 434 
435 602 
436 960 
437 992 
438 962 
439 962 
440 672 
441 962 929 824 998 
442 962 
443 962 
444 910 
445 999 
446 790 
447 931 
448 866 434 954 
449 982 
450 916 
451 824 938 
452 954 
453 849 
454 992 
455 960 
456 915 
457 624 434 
458 979 
459 962 
460 938 
461 929 
462 880 
463 910 
464 960 
465 320 
466 916 
467 994 
468 824 
469 954 
470 980 
471 998 
472 893 
473 627 
474 628 
475 999 
476 910 
477 954 
478 910 
479 931 
480 938 
481 920 
482 926 
483 954 
484 987 
485 874 
486 960 
487 961 
488 881 
489 914 
490 672 
491 982 
492 724 
493 980 
494 960 
495 920 
496 920 
497 893 724 
498 979 
499 596 
500 602 913 829 866 
501 931 
502 642 
503 751 
504 988 
505 856 365 
506 790 
507 616 
508 987 
509 920 
510 628 
511 915 
512 962 
513 931 
514 874 
515 751 
516 910 751 
517 672 
518 938 
519 951 
520 672 874 724 
521 979 
522 982 
523 957 
524 926 
525 999 
526 938 
527 994 
528 914 
529 434 
530 988 
531 988 
532 988 
533 994 
534 992 
535 624 
536 931 
537 962 
538 962 
539 856 
540 938 
541 880 
542 910 
543 960 
544 931 
545 1000 
546 856 
547 628 
548 602 
549 914 
550 602 
551 681 999 929 
552 320 
553 979 
554 982 
555 893 
556 994 
557 724 
558 957 
559 824 751 642 
560 434 
561 742 
562 916 
563 873 
564 982 
565 724 
566 960 
567 849 926 
568 866 
569 893 
570 961 
571 979 
572 824 
573 596 
574 980 
575 988 
576 893 
577 979 
578 751 
579 682 
580 987 
581 988 
582 988 
583 602 742 
584 987 
585 929 
586 929 
587 880 
588 999 
589 849 
590 874 
591 682 
592 881 
593 627 
594 915 
595 994 
596 596 
597 1000 
598 854 
599 824 
600 880 
601 856 
602 602 
603 962 
604 994 
605 434 
606 954 
607 951 
608 880 
609 951 
610 866 
611 320 
612 931 
613 873 
614 961 
615 790 616 992 
616 616 
617 914 
618 920 
619 938 
620 856 
621 751 893 
622 987 
623 960 
624 624 
625 627 987 
626 856 
627 627 
628 628 
629 926 
630 951 
631 628 873 
632 994 
633 962 
634 957 
635 824 
636 628 
637 992 
638 960 
639 915 
640 365 
641 957 
642 642 
643 938 
644 988 
645 962 
646 926 
647 910 
648 962 
649 849 
650 742 988 
651 705 
652 916 
653 724 
654 951 979 
655 681 
656 829 
657 642 
658 874 
659 874 
660 672 
661 961 
662 913 962 
663 957 
664 938 
665 929 
666 854 
667 910 
668 910 
669 988 
670 992 
671 979 
672 672 
673 849 
674 914 
675 998 
676 602 
677 365 
678 915 
679 916 
680 954 
681 681 
682 682 
683 881 
684 705 
685 998 
686 951 
687 982 
688 988 
689 951 
690 616 
691 962 
692 790 
693 998 
694 987 
695 988 
696 951 
697 920 
698 938 
699 992 
700 998 
701 790 
702 915 
703 982 
704 881 
705 705 
706 951 
707 893 
708 602 988 1000 
709 829 
710 929 
711 849 
712 961 
713 980 
714 874 
715 913 
716 913 
717 914 
718 915 881 951 954 
719 987 
720 961 
721 874 
722 824 
723 979 
724 724 
725 849 
726 434 
727 988 
728 602 
729 938 
730 1000 
731 866 
732 992 
733 880 
734 873 
735 880 
736 627 
737 954 
738 880 
739 987 
740 913 873 987 998 
741 915 866 987 
742 742 
743 961 
744 988 
745 751 742 320 992 931 
746 980 
747 915 
748 954 
749 893 
750 938 
751 751 
752 994 
753 913 
754 999 
755 992 
756 913 
757 742 
758 987 
759 320 
760 672 
761 938 
762 951 
763 962 
764 938 
765 926 
766 596 
767 751 
768 873 
769 994 
770 881 
771 961 
772 874 
773 938 
774 987 
775 913 
776 960 
777 962 
778 681 365 320 960 992 
779 881 742 320 954 980 1000 
780 873 
781 929 
782 893 
783 914 
784 962 
785 998 
786 926 
787 724 
788 866 
789 365 
790 790 
791 962 
792 980 
793 880 
794 910 
795 982 999 998 980 
796 913 999 954 982 979 
797 849 
798 929 
799 790 
800 992 
801 434 
802 873 
803 880 
804 854 
805 790 751 957 
806 938 
807 982 
808 790 
809 910 
810 866 
811 880 
812 994 
813 829 
814 994 
815 866 
816 980 
817 988 596 602 961 
818 881 
819 914 
820 979 
821 994 
822 320 849 982 954 960 992 
823 998 
824 824 
825 960 
826 705 
827 856 627 915 982 998 
828 954 
829 829 
830 954 
831 881 
832 893 
833 320 
834 880 
835 910 
836 962 
837 998 
838 705 
839 881 957 999 992 1000 
840 914 
841 962 
842 929 
843 988 
844 998 
845 954 
846 893 
847 434 951 987 
848 920 
849 849 
850 998 
851 320 
852 980 
853 979 
854 854 
855 926 
856 856 
857 913 
858 957 
859 999 987 998 
860 849 
861 998 
862 988 
863 829 
864 915 
865 929 
866 866 
867 856 854 929 1000 
868 957 
869 999 
870 960 
871 920 
872 881 
873 873 
874 874 
875 913 
876 790 
877 980 
878 1000 
879 881 
880 880 
881 881 
882 982 
883 1000 
884 987 
885 880 
886 1000 
887 992 
888 434 
889 994 
890 365 849 982 998 
891 914 
892 988 
893 893 
894 926 
895 962 
896 914 
897 873 
898 979 
899 988 
900 979 
901 992 
902 724 
903 920 
904 681 856 929 980 920 979 
905 982 
906 960 
907 980 
908 960 
909 951 
910 910 
911 915 
912 962 
913 913 
914 914 
915 915 
916 916 
917 979 
918 999 
919 951 
920 920 
921 960 
922 998 
923 705 866 982 998 1000 
924 961 
925 962 999 910 954 994 982 
926 926 
927 992 
928 913 
929 929 
930 998 
931 931 
932 982 
933 957 
934 926 
935 954 
936 1000 
937 954 
938 938 
939 982 
940 931 
941 961 
942 987 
943 960 
944 998 
945 790 999 980 913 938 920 
946 998 
947 999 954 938 914 962 920 
948 979 
949 998 
950 999 
951 951 
952 954 957 320 938 866 980 
953 992 
954 954 
955 961 
956 938 
957 957 
958 1000 
959 992 
960 960 
961 961 
962 962 
963 979 
964 994 915 988 913 914 987 
965 998 
966 1000 
967 1000 
968 998 
969 988 
970 992 
971 994 
972 920 
973 938 
974 987 
975 961 
976 979 
977 987 
978 980 
979 979 
980 980 
981 910 874 987 920 880 960 
982 982 
983 916 854 616 881 873 954 
984 999 624 960 992 979 
985 998 
986 1000 
987 987 
988 988 
989 856 724 988 962 880 960 
990 1000 
991 931 624 893 999 962 992 
992 992 
993 893 929 931 926 979 1000 
994 994 
995 705 916 790 987 999 992 
996 1000 
997 910 724 856 920 951 1000 
998 998 
999 999 
1000 1000 
