1 972 
2 829 
3 491 
4 978 
5 975 
6 879 
7 963 
8 962 
9 961 
10 808 
11 1000 
12 982 
13 964 
14 992 
15 714 
16 992 
17 943 
18 962 
19 961 
20 978 
21 759 
22 869 
23 994 
24 978 
25 943 
26 962 
27 968 
28 992 
29 995 
30 975 
31 994 
32 978 
33 950 
34 794 
35 964 
36 997 
37 982 
38 592 
39 986 
40 1000 999 
41 963 
42 869 
43 995 
44 592 994 
45 879 
46 1000 
47 997 
48 963 
49 962 
50 995 
51 1000 
52 961 794 
53 685 
54 992 
55 978 
56 997 
57 561 
58 872 
59 995 
60 968 
61 968 
62 997 
63 561 
64 964 
65 950 
66 972 
67 794 
68 963 
69 968 
70 992 976 964 
71 986 
72 685 
73 999 
74 998 
75 978 
76 863 
77 561 
78 976 
79 994 
80 999 
81 561 
82 962 
83 714 
84 879 
85 808 
86 986 
87 789 
88 994 
89 943 
90 997 
91 975 
92 869 
93 920 
94 975 
95 997 
96 863 
97 976 
98 968 
99 992 
100 491 
101 976 
102 982 
103 789 
104 997 
105 968 
106 879 
107 869 
108 994 
109 879 
110 962 
111 975 
112 997 
113 999 
114 986 
115 986 
116 491 892 
117 644 
118 983 
119 869 
120 983 
121 808 968 
122 808 
123 961 
124 728 
125 869 
126 863 
127 986 
128 561 
129 995 
130 976 
131 994 
132 872 
133 561 
134 999 
135 999 
136 961 
137 961 
138 961 
139 879 
140 961 
141 975 
142 978 
143 829 
144 491 
145 726 
146 863 
147 892 
148 794 
149 759 
150 995 
151 1000 
152 976 
153 995 
154 794 726 
155 975 
156 968 
157 976 
158 999 
159 983 
160 879 
161 1000 
162 759 
163 978 
164 1000 
165 986 
166 972 
167 943 
168 1000 
169 950 
170 950 
171 759 
172 975 1000 561 
173 982 
174 644 
175 1000 
176 869 
177 997 
178 992 
179 983 
180 999 
181 879 
182 982 
183 997 
184 879 
185 961 
186 994 
187 714 
188 994 
189 964 
190 628 
191 992 
192 714 
193 1000 
194 962 
195 995 
196 943 
197 995 
198 978 
199 943 
200 964 561 
201 728 
202 998 
203 975 
204 789 
205 789 994 
206 644 
207 978 
208 685 
209 972 
210 972 963 
211 983 
212 879 
213 1000 
214 995 
215 994 
216 999 
217 976 
218 892 
219 986 
220 961 
221 592 
222 994 
223 972 726 
224 992 
225 992 
226 992 
227 892 
228 759 
229 995 
230 995 
231 982 
232 983 943 
233 986 
234 963 
235 1000 
236 978 
237 1000 
238 976 
239 999 
240 998 
241 879 
242 997 
243 892 
244 978 
245 879 
246 997 
247 998 
248 992 
249 644 
250 978 
251 728 628 
252 1000 
253 995 
254 992 
255 728 
256 789 964 
257 972 
258 997 
259 999 
260 644 
261 879 983 
262 997 
263 968 
264 986 
265 975 
266 628 
267 978 
268 561 
269 983 
270 863 
271 962 
272 961 
273 997 
274 997 
275 794 
276 892 
277 869 
278 759 
279 976 
280 976 
281 983 
282 997 
283 983 
284 992 
285 964 
286 794 685 
287 839 
288 879 
289 983 
290 920 
291 920 
292 992 
293 561 
294 561 976 
295 983 
296 968 
297 983 
298 975 
299 628 808 
300 726 
301 968 
302 963 
303 943 
304 972 892 
305 978 
306 998 
307 968 
308 1000 
309 978 
310 789 
311 968 
312 794 
313 644 
314 986 
315 950 
316 714 
317 995 
318 968 
319 1000 
320 714 
321 999 
322 759 
323 998 
324 964 
325 968 
326 1000 863 
327 978 
328 920 
329 978 
330 976 
331 997 
332 714 
333 968 
334 1000 
335 998 
336 995 
337 728 
338 592 789 982 863 
339 962 
340 961 
341 950 
342 992 
343 999 
344 962 
345 964 
346 999 
347 794 
348 726 794 
349 829 
350 714 
351 975 
352 968 
353 829 
354 976 
355 961 
356 978 
357 808 
358 968 
359 1000 
360 962 
361 992 
362 997 
363 972 
364 794 
365 950 
366 961 
367 972 
368 962 
369 999 
370 992 
371 999 
372 995 
373 975 
374 962 
375 972 
376 943 
377 1000 
378 961 
379 978 
380 963 
381 961 
382 920 794 
383 992 
384 561 
385 943 
386 491 
387 997 
388 998 
389 999 
390 789 
391 839 
392 726 
393 794 
394 972 
395 983 
396 892 
397 1000 
398 561 
399 628 
400 983 
401 968 
402 994 
403 968 714 
404 1000 
405 869 
406 972 
407 982 
408 920 
409 972 
410 728 
411 759 
412 983 
413 968 
414 872 
415 995 975 
416 943 
417 976 
418 997 963 
419 628 
420 976 
421 963 
422 872 
423 1000 
424 982 
425 994 
426 968 978 
427 714 
428 794 
429 983 
430 961 
431 995 
432 975 
433 976 
434 982 
435 986 
436 962 
437 978 
438 829 
439 968 
440 975 
441 879 978 
442 829 
443 986 
444 714 
445 963 
446 714 
447 995 975 
448 869 
449 1000 
450 961 
451 714 
452 997 
453 999 
454 976 
455 644 
456 726 
457 685 
458 997 
459 982 
460 829 
461 994 
462 726 872 
463 986 
464 982 
465 994 
466 975 
467 829 
468 789 
469 994 
470 978 
471 994 
472 714 
473 982 
474 961 
475 983 995 
476 978 
477 978 
478 1000 
479 992 
480 794 726 998 1000 
481 964 
482 759 
483 975 
484 892 
485 491 892 
486 972 
487 943 
488 879 
489 592 
490 986 
491 491 592 
492 961 
493 592 1000 
494 995 
495 863 
496 972 
497 685 
498 685 994 
499 968 
500 998 
501 644 
502 999 
503 976 
504 997 
505 972 920 
506 992 
507 968 
508 892 
509 879 
510 976 
511 892 999 
512 1000 
513 983 
514 644 
515 863 920 
516 998 
517 975 
518 972 
519 943 
520 962 
521 982 
522 561 
523 998 
524 964 
525 728 
526 961 
527 839 
528 992 
529 994 
530 999 
531 839 
532 491 
533 978 943 
534 685 
535 879 
536 997 
537 994 
538 964 
539 978 
540 1000 
541 943 
542 992 
543 879 
544 994 
545 839 
546 999 
547 999 
548 963 
549 644 
550 978 
551 995 
552 794 
553 968 
554 759 
555 943 
556 995 
557 879 
558 892 
559 950 
560 968 
561 561 
562 728 
563 1000 
564 992 
565 726 
566 995 
567 964 
568 972 
569 994 992 
570 644 
571 976 
572 964 
573 961 
574 986 
575 1000 995 
576 994 
577 961 
578 994 
579 879 
580 961 
581 998 
582 982 
583 997 
584 976 
585 994 
586 983 
587 872 
588 728 
589 962 
590 794 
591 728 794 972 
592 592 
593 975 
594 964 
595 986 
596 839 
597 976 
598 968 
599 726 
600 644 
601 872 
602 950 
603 992 
604 978 
605 995 
606 972 
607 808 
608 963 
609 999 
610 789 
611 975 
612 759 
613 962 
614 994 950 
615 808 
616 879 
617 728 1000 
618 726 
619 950 
620 839 
621 1000 592 
622 986 
623 972 
624 968 
625 975 
626 978 
627 968 
628 628 
629 999 
630 982 
631 997 
632 962 
633 986 
634 992 
635 982 
636 872 
637 992 
638 997 
639 992 
640 995 
641 992 
642 995 
643 975 
644 644 
645 759 997 
646 759 
647 999 
648 1000 
649 872 
650 1000 
651 961 
652 962 
653 997 
654 992 
655 992 
656 986 
657 982 
658 789 
659 972 
660 808 
661 920 
662 998 
663 863 
664 986 
665 983 
666 728 
667 1000 
668 994 
669 759 
670 975 
671 872 
672 983 
673 963 
674 994 
675 963 
676 863 
677 829 
678 982 968 
679 986 
680 992 
681 983 
682 789 
683 961 
684 983 
685 685 
686 995 
687 950 978 
688 963 982 
689 968 992 
690 759 
691 972 872 
692 714 
693 892 
694 829 
695 829 
696 920 
697 976 
698 997 
699 995 
700 963 
701 999 
702 794 
703 968 
704 726 
705 808 
706 892 
707 962 
708 978 
709 561 
710 714 
711 728 
712 978 
713 975 
714 714 
715 964 
716 879 
717 963 
718 714 
719 986 
720 994 
721 1000 
722 869 995 
723 714 
724 759 
725 714 
726 726 
727 998 
728 728 
729 962 
730 728 
731 964 
732 995 
733 961 
734 964 
735 982 
736 975 986 
737 879 
738 976 
739 992 961 
740 963 964 
741 976 
742 999 964 
743 997 
744 983 
745 872 
746 999 
747 950 
748 829 
749 997 
750 964 
751 976 
752 879 
753 994 
754 879 
755 976 
756 879 1000 
757 976 986 
758 963 
759 759 
760 685 950 
761 920 
762 950 
763 968 
764 975 
765 628 
766 975 
767 808 
768 962 
769 982 
770 978 
771 794 964 
772 685 
773 982 
774 978 
775 999 
776 863 
777 994 
778 962 986 
779 839 
780 999 
781 1000 
782 962 714 
783 961 
784 986 982 
785 968 
786 986 
787 759 
788 794 961 
789 789 
790 863 
791 999 
792 1000 
793 794 
794 794 
795 982 
796 972 
797 997 
798 995 872 
799 943 
800 963 
801 1000 
802 975 
803 995 
804 863 
805 998 
806 994 
807 759 
808 808 
809 997 
810 920 
811 982 
812 839 
813 976 
814 997 
815 997 
816 986 
817 997 
818 983 
819 943 
820 978 
821 978 
822 839 968 
823 892 
824 975 
825 920 
826 975 
827 994 
828 794 963 
829 829 
830 998 
831 968 
832 983 
833 1000 
834 998 997 
835 983 
836 491 994 
837 759 
838 961 
839 839 
840 961 
841 962 
842 995 
843 968 
844 975 
845 992 
846 995 
847 983 
848 994 
849 963 
850 920 
851 968 
852 892 
853 983 994 
854 863 
855 992 
856 975 978 
857 983 950 
858 728 962 
859 997 
860 950 839 
861 976 
862 961 
863 863 
864 976 
865 759 950 
866 962 
867 962 
868 561 961 
869 869 
870 975 
871 998 
872 872 
873 892 
874 968 
875 972 
876 994 
877 1000 
878 976 964 
879 879 
880 943 
881 992 
882 964 978 
883 963 
884 999 
885 879 
886 995 
887 975 
888 943 
889 1000 
890 879 
891 964 
892 892 
893 839 994 
894 968 
895 994 
896 992 
897 978 
898 1000 
899 962 
900 1000 
901 964 
902 920 
903 872 
904 968 
905 972 
906 994 
907 950 
908 962 
909 872 
910 962 
911 964 
912 962 
913 999 920 
914 986 
915 994 
916 992 
917 968 685 950 
918 982 
919 983 
920 920 
921 963 968 
922 961 
923 986 
924 997 
925 992 
926 995 
927 976 
928 995 
929 994 
930 999 
931 978 
932 975 
933 995 
934 999 
935 982 
936 995 
937 759 950 
938 982 
939 972 
940 978 
941 962 
942 997 
943 943 
944 997 
945 986 
946 992 
947 968 
948 962 
949 978 
950 950 
951 992 
952 983 
953 994 
954 995 
955 879 
956 997 
957 986 
958 983 975 
959 997 
960 961 978 
961 961 
962 962 
963 963 
964 964 992 
965 968 
966 995 
967 976 
968 968 
969 975 
970 978 
971 982 
972 972 
973 950 994 
974 978 
975 975 
976 976 
977 975 
978 978 
979 992 
980 962 863 
981 986 
982 982 
983 983 
984 994 
985 999 
986 986 
987 983 
988 992 872 964 
989 1000 
990 999 
991 992 964 
992 992 
993 995 
994 994 
995 995 
996 1000 
997 997 
998 998 968 
999 999 
1000 1000 
