1 757 
2 748 
3 944 
4 980 
5 982 
6 814 
7 814 
8 962 
9 949 
10 977 
11 748 
12 989 
13 992 
14 640 
15 986 
16 930 
17 786 
18 779 
19 868 
20 986 
21 830 
22 980 
23 543 844 
24 998 
25 962 
26 989 
27 975 
28 944 
29 998 
30 779 
31 993 
32 748 988 
33 982 
34 980 
35 929 
36 949 
37 921 
38 949 
39 775 900 
40 930 
41 983 
42 814 
43 929 988 
44 989 
45 941 
46 640 
47 930 
48 814 
49 977 
50 766 
51 766 
52 997 
53 944 
54 757 
55 930 
56 949 
57 543 
58 668 982 
59 875 
60 983 
61 983 
62 983 
63 980 
64 538 
65 939 
66 762 
67 949 
68 543 987 
69 994 
70 989 
71 980 
72 710 
73 868 
74 844 
75 998 
76 994 
77 975 
78 405 
79 975 
80 930 
81 923 
82 983 
83 923 
84 987 
85 844 
86 987 
87 844 
88 930 
89 640 
90 405 
91 988 
92 987 
93 962 
94 757 
95 980 
96 762 
97 884 
98 929 
99 988 
100 993 
101 962 
102 998 
103 762 
104 939 
105 949 
106 710 
107 949 
108 748 
109 994 
110 993 
111 775 
112 998 
113 775 
114 830 
115 975 
116 405 
117 982 
118 779 
119 997 
120 998 
121 929 
122 949 
123 293 
124 786 
125 907 
126 949 
127 939 
128 775 
129 997 
130 668 
131 944 
132 987 
133 907 
134 668 
135 988 
136 939 
137 844 
138 997 941 
139 929 
140 982 
141 762 
142 757 
143 993 
144 993 
145 975 
146 994 
147 949 775 
148 779 
149 962 
150 907 
151 987 
152 930 
153 775 
154 944 
155 993 
156 929 
157 980 
158 949 
159 987 
160 993 
161 977 
162 710 941 939 
163 844 
164 944 
165 941 
166 994 
167 962 
168 538 
169 923 
170 939 
171 748 
172 293 
173 975 
174 921 
175 295 
176 779 
177 941 
178 988 
179 923 
180 980 
181 295 
182 998 
183 766 
184 980 
185 980 
186 982 543 
187 986 
188 997 
189 988 
190 987 
191 884 
192 875 
193 987 
194 987 
195 962 
196 989 
197 988 
198 997 
199 993 
200 983 
201 987 
202 757 
203 988 
204 543 786 
205 975 875 
206 538 
207 668 923 
208 884 
209 825 
210 998 
211 923 
212 830 
213 745 
214 975 
215 998 
216 994 
217 923 
218 989 
219 998 
220 975 
221 983 
222 293 921 
223 983 
224 774 
225 989 
226 814 
227 668 
228 295 
229 774 868 875 
230 993 
231 405 
232 975 
233 779 
234 668 
235 710 
236 929 
237 900 
238 949 
239 830 
240 941 
241 988 
242 710 
243 987 
244 814 
245 988 
246 538 
247 668 
248 844 
249 977 
250 762 
251 980 
252 982 
253 939 
254 923 
255 939 
256 538 
257 989 
258 975 
259 884 
260 962 
261 875 
262 775 
263 939 
264 775 
265 939 
266 989 
267 998 
268 786 
269 944 
270 929 
271 944 
272 977 
273 825 
274 977 
275 998 
276 668 
277 900 
278 923 
279 907 
280 987 
281 939 980 
282 748 
283 293 
284 989 
285 949 
286 405 
287 949 
288 921 
289 994 
290 930 
291 929 
292 994 
293 293 
294 921 
295 295 293 
296 774 
297 998 
298 997 
299 774 
300 980 
301 949 
302 994 
303 875 
304 998 
305 997 
306 757 
307 989 
308 766 998 
309 998 
310 923 
311 997 
312 748 
313 962 830 844 
314 941 
315 923 
316 923 
317 757 
318 930 
319 982 
320 975 
321 668 
322 944 
323 766 
324 825 
325 962 
326 710 977 993 988 
327 962 
328 962 
329 986 
330 982 
331 977 
332 987 
333 987 
334 988 
335 998 
336 944 
337 997 
338 939 
339 997 
340 988 
341 814 
342 538 
343 944 
344 988 
345 994 
346 977 
347 983 
348 830 
349 748 
350 988 
351 921 
352 989 
353 844 
354 941 
355 975 
356 987 
357 980 
358 939 
359 405 992 
360 997 
361 900 
362 762 774 930 
363 640 
364 988 
365 923 
366 774 
367 975 
368 992 
369 994 
370 949 
371 405 
372 825 
373 929 
374 997 
375 293 
376 786 
377 668 814 
378 998 
379 939 
380 989 
381 941 
382 766 
383 640 
384 980 
385 775 
386 975 
387 830 
388 962 
389 930 
390 977 
391 994 
392 988 
393 786 
394 779 
395 983 
396 994 
397 766 
398 989 
399 762 
400 975 
401 748 
402 757 
403 668 
404 989 
405 405 
406 993 
407 929 
408 668 
409 774 
410 640 
411 907 
412 977 
413 941 
414 997 
415 900 
416 868 
417 774 
418 868 
419 949 
420 775 
421 994 
422 994 
423 982 
424 989 
425 983 
426 930 
427 983 994 
428 987 
429 779 
430 994 
431 779 
432 900 
433 975 
434 921 
435 993 
436 668 
437 762 
438 980 
439 989 
440 923 
441 929 
442 994 
443 987 
444 757 
445 779 
446 975 
447 944 
448 997 
449 988 
450 929 
451 987 
452 989 
453 825 
454 907 
455 779 
456 757 
457 989 
458 875 
459 998 
460 989 
461 988 
462 907 
463 998 
464 748 
465 775 
466 949 
467 975 
468 989 921 
469 993 
470 640 
471 944 
472 640 
473 982 
474 884 
475 982 
476 994 
477 929 
478 668 748 825 
479 997 
480 907 
481 941 
482 745 
483 786 
484 949 
485 900 
486 929 
487 977 
488 868 980 
489 987 
490 983 
491 907 
492 868 
493 710 
494 944 
495 907 543 774 
496 993 
497 779 
498 986 929 988 
499 900 
500 900 
501 825 
502 941 
503 949 
504 875 
505 875 987 
506 814 
507 987 993 
508 930 
509 710 
510 962 
511 668 900 
512 921 
513 774 
514 844 
515 998 
516 977 766 
517 668 
518 538 
519 786 
520 762 
521 907 
522 875 830 987 
523 993 
524 814 921 
525 825 
526 745 
527 929 
528 983 
529 875 
530 884 
531 762 
532 997 
533 907 
534 941 
535 994 
536 977 
537 997 
538 538 
539 786 
540 989 
541 977 
542 992 
543 543 
544 762 900 
545 640 
546 884 
547 988 
548 982 
549 543 
550 543 
551 992 
552 993 
553 844 
554 998 
555 745 
556 962 
557 975 
558 921 
559 982 
560 983 
561 992 
562 998 
563 997 
564 779 
565 900 
566 987 
567 986 
568 997 
569 814 982 
570 939 
571 875 
572 941 
573 774 
574 907 
575 868 875 989 
576 986 
577 988 
578 929 
579 923 
580 779 
581 762 
582 900 921 939 
583 939 
584 745 
585 543 
586 939 
587 907 
588 844 
589 900 980 997 
590 941 
591 762 
592 994 
593 980 
594 986 
595 962 
596 929 
597 930 
598 930 
599 775 
600 941 
601 941 
602 982 
603 993 
604 941 
605 710 
606 944 
607 997 
608 930 
609 923 977 993 
610 543 
611 907 
612 844 
613 997 
614 830 
615 944 
616 779 
617 987 
618 998 
619 825 
620 900 
621 994 
622 988 
623 983 
624 987 
625 988 
626 994 
627 907 
628 980 
629 988 
630 766 
631 830 988 987 993 
632 900 
633 900 
634 543 
635 994 
636 825 
637 989 
638 930 
639 980 
640 640 
641 993 
642 779 
643 668 
644 786 
645 997 
646 900 
647 538 930 939 998 
648 987 
649 775 
650 944 
651 983 
652 989 
653 921 
654 405 786 710 
655 775 
656 993 998 997 
657 987 
658 975 
659 982 
660 980 
661 987 949 997 
662 930 
663 944 
664 745 
665 993 
666 982 
667 998 
668 668 
669 929 
670 997 
671 775 
672 930 
673 668 
674 986 
675 994 
676 983 
677 543 
678 989 
679 977 941 949 
680 868 
681 997 
682 982 
683 930 
684 814 
685 929 
686 949 
687 762 543 983 975 
688 762 
689 775 980 939 994 
690 949 
691 907 543 949 930 
692 710 989 998 
693 814 
694 987 
695 997 
696 994 
697 944 
698 786 
699 748 
700 875 
701 977 983 
702 977 
703 875 
704 745 
705 988 
706 989 
707 982 
708 988 
709 907 
710 710 
711 992 
712 988 
713 989 
714 923 998 
715 980 
716 998 
717 923 
718 929 
719 982 
720 900 998 
721 986 
722 993 
723 986 
724 543 
725 982 
726 987 
727 983 
728 774 
729 543 
730 989 
731 745 939 997 
732 757 814 
733 830 
734 921 
735 994 
736 668 989 
737 907 
738 668 989 
739 900 
740 921 
741 900 
742 982 
743 983 
744 748 
745 745 
746 988 
747 944 
748 748 
749 949 
750 884 
751 986 980 998 
752 949 
753 757 
754 830 
755 900 
756 982 
757 757 
758 982 
759 962 
760 988 
761 994 
762 762 
763 977 
764 710 
765 962 
766 766 
767 997 
768 757 
769 977 
770 989 
771 944 
772 944 
773 762 
774 774 
775 775 
776 748 668 987 
777 868 
778 884 
779 779 
780 884 
781 944 
782 998 
783 944 
784 988 
785 814 
786 786 
787 962 
788 977 
789 900 
790 825 868 775 983 
791 923 
792 944 
793 875 
794 930 
795 988 
796 977 
797 993 
798 929 
799 868 
800 844 
801 405 543 
802 994 
803 538 
804 993 
805 884 
806 668 
807 923 
808 982 
809 939 
810 825 830 977 997 
811 962 
812 774 
813 941 977 983 994 
814 814 
815 930 
816 989 
817 988 
818 949 
819 775 
820 983 
821 944 
822 710 
823 983 
824 994 
825 825 
826 977 
827 994 
828 975 
829 997 
830 830 
831 982 
832 987 
833 830 
834 775 
835 989 
836 929 
837 983 
838 949 
839 980 930 900 993 
840 944 
841 977 
842 962 
843 949 543 907 774 
844 844 
845 921 
846 757 
847 907 
848 814 868 997 
849 884 
850 929 
851 929 
852 668 988 983 
853 986 
854 941 
855 939 
856 962 
857 980 
858 944 
859 775 
860 997 
861 774 
862 538 825 949 868 
863 988 
864 907 
865 944 
866 774 949 998 
867 989 
868 868 
869 993 
870 975 
871 989 
872 980 
873 844 
874 907 774 884 929 
875 875 
876 983 
877 900 
878 977 
879 982 
880 923 
881 997 
882 994 
883 921 
884 884 
885 997 
886 944 
887 930 
888 993 
889 900 745 989 997 
890 983 
891 962 
892 930 980 993 998 
893 944 
894 907 
895 997 
896 949 
897 993 
898 982 
899 977 986 921 
900 900 
901 962 
902 907 
903 988 
904 949 
905 929 
906 939 
907 907 
908 814 
909 998 
910 982 
911 993 
912 929 
913 989 
914 975 
915 989 
916 980 962 994 998 
917 921 
918 944 
919 980 
920 980 
921 921 
922 944 
923 923 
924 929 
925 929 
926 830 825 900 989 
927 977 
928 923 
929 929 
930 930 
931 668 989 543 983 
932 988 
933 930 
934 980 
935 988 
936 929 
937 998 
938 975 
939 939 
940 921 
941 941 
942 987 
943 868 775 949 993 
944 944 
945 988 
946 900 944 
947 982 
948 989 
949 949 
950 949 
951 748 745 907 993 
952 988 
953 975 
954 939 
955 987 
956 983 
957 907 875 939 975 
958 998 
959 998 
960 993 
961 962 
962 962 
963 998 
964 923 949 543 977 
965 982 
966 993 
967 987 
968 983 
969 962 
970 975 
971 998 
972 975 
973 987 
974 998 
975 975 
976 993 
977 977 
978 993 
979 994 
980 980 
981 998 
982 982 
983 983 
984 992 994 987 977 
985 993 
986 986 989 907 921 
987 987 
988 988 
989 989 
990 998 
991 994 
992 992 766 983 980 
993 993 
994 994 
995 997 
996 997 
997 997 
998 998 
999 949 977 884 962 
1000 775 994 962 975 
