1 954 
2 973 
3 975 
4 907 
5 989 
6 967 
7 840 
8 936 
9 967 
10 794 
11 961 
12 974 
13 608 
14 916 
15 879 
16 967 
17 928 
18 1000 
19 916 
20 756 
21 983 
22 989 
23 756 
24 967 
25 605 
26 625 
27 879 
28 967 
29 830 
30 777 
31 1000 
32 989 
33 907 
34 951 
35 954 
36 984 
37 866 
38 954 
39 989 
40 954 
41 823 
42 794 
43 752 
44 966 
45 997 
46 973 
47 936 
48 967 
49 873 
50 984 
51 951 
52 966 
53 873 
54 830 
55 625 
56 907 
57 567 
58 691 
59 866 
60 936 
61 975 
62 956 
63 984 
64 567 
65 608 
66 997 
67 634 
68 794 
69 823 
70 975 
71 997 
72 997 
73 961 
74 823 
75 997 
76 935 
77 928 
78 951 
79 983 
80 866 
81 526 
82 634 
83 634 
84 756 
85 888 
86 975 
87 951 
88 975 
89 989 
90 951 
91 895 
92 907 
93 974 
94 936 
95 956 
96 989 
97 956 
98 907 
99 966 
100 823 
101 830 
102 873 
103 935 
104 983 
105 954 
106 898 
107 961 
108 936 
109 1000 
110 967 
111 830 
112 951 
113 966 
114 865 
115 935 895 866 
116 916 
117 935 
118 916 
119 895 
120 907 
121 752 
122 898 
123 984 
124 954 
125 956 
126 907 
127 888 
128 866 
129 605 
130 983 
131 997 
132 974 
133 954 
134 866 935 
135 951 
136 997 
137 752 
138 967 
139 865 
140 895 
141 935 
142 756 
143 888 
144 777 
145 973 
146 873 
147 989 
148 1000 
149 830 
150 975 
151 967 
152 1000 
153 959 
154 756 
155 984 
156 954 
157 879 
158 898 
159 756 
160 975 
161 951 
162 526 
163 973 
164 961 
165 967 
166 879 
167 625 
168 954 
169 928 
170 967 
171 984 
172 961 
173 966 
174 974 
175 983 
176 625 
177 973 
178 928 
179 984 
180 951 
181 959 
182 973 
183 936 
184 989 
185 961 
186 888 
187 935 
188 1000 
189 840 
190 961 
191 865 
192 973 
193 865 
194 936 
195 954 
196 951 
197 956 
198 873 
199 959 
200 983 
201 984 
202 967 
203 865 
204 830 
205 822 
206 961 
207 1000 
208 983 
209 898 
210 989 
211 866 888 
212 625 
213 935 
214 974 
215 526 
216 888 
217 974 
218 989 
219 935 
220 936 
221 974 
222 865 
223 954 
224 974 
225 973 
226 951 
227 989 
228 997 
229 567 
230 959 
231 830 
232 1000 
233 983 
234 823 
235 973 
236 865 
237 928 989 
238 916 
239 956 
240 966 
241 959 
242 956 
243 916 
244 895 
245 984 
246 1000 
247 895 
248 822 
249 822 
250 777 
251 823 
252 951 
253 691 973 
254 984 
255 956 
256 959 
257 822 
258 967 
259 907 
260 989 
261 973 
262 974 
263 879 
264 956 
265 959 
266 840 
267 916 
268 928 
269 879 
270 794 
271 936 
272 625 
273 959 
274 961 
275 956 
276 959 
277 961 
278 752 
279 983 
280 823 840 
281 928 
282 983 
283 898 
284 967 997 
285 916 
286 879 
287 936 
288 526 
289 954 
290 961 
291 936 
292 830 
293 956 
294 625 
295 1000 
296 956 
297 823 
298 959 
299 898 
300 961 
301 691 1000 
302 983 
303 907 
304 966 
305 973 
306 777 
307 966 
308 907 
309 907 
310 823 
311 865 
312 959 
313 966 
314 997 
315 865 966 
316 973 
317 956 
318 966 
319 691 
320 989 
321 752 
322 961 
323 936 
324 989 
325 830 
326 1000 
327 907 
328 959 
329 984 
330 989 
331 974 
332 961 
333 959 
334 907 
335 966 
336 1000 
337 888 
338 865 
339 873 
340 888 
341 967 
342 954 
343 961 
344 973 
345 973 
346 983 
347 989 
348 983 
349 895 
350 956 
351 823 
352 1000 
353 967 
354 625 967 
355 966 
356 1000 
357 794 
358 691 
359 954 
360 752 928 
361 989 
362 823 
363 898 
364 822 
365 625 
366 951 
367 865 
368 567 
369 1000 
370 954 989 
371 959 
372 983 
373 984 
374 984 
375 966 
376 974 
377 984 
378 956 
379 984 
380 1000 
381 879 
382 866 
383 605 
384 956 
385 907 
386 916 
387 935 
388 997 
389 967 
390 973 
391 625 
392 961 
393 997 
394 935 
395 956 
396 691 
397 567 
398 935 
399 830 
400 956 
401 777 
402 928 
403 935 983 
404 959 
405 936 
406 973 
407 966 879 
408 1000 
409 830 
410 956 
411 794 
412 951 
413 752 
414 974 
415 794 
416 954 
417 983 
418 997 
419 997 
420 975 
421 959 
422 983 
423 961 
424 888 
425 822 
426 865 
427 983 
428 984 
429 898 
430 935 
431 997 
432 822 
433 794 
434 966 
435 967 
436 866 
437 625 
438 608 
439 974 
440 898 
441 895 
442 822 
443 822 
444 605 
445 989 
446 984 
447 973 
448 961 
449 608 
450 830 
451 983 
452 936 
453 873 
454 1000 
455 974 
456 973 
457 966 
458 879 928 
459 975 
460 984 
461 997 
462 997 
463 873 1000 
464 794 
465 983 
466 634 
467 840 
468 989 
469 605 
470 961 
471 840 
472 605 
473 567 
474 951 
475 974 
476 916 
477 961 
478 984 
479 959 
480 975 
481 961 907 
482 879 
483 961 
484 1000 
485 966 
486 625 
487 989 
488 936 
489 777 
490 997 
491 777 
492 928 
493 625 
494 974 
495 691 
496 989 
497 605 
498 935 
499 605 954 
500 997 
501 984 
502 983 
503 752 
504 966 
505 966 
506 907 
507 907 951 
508 895 
509 966 
510 983 
511 966 
512 997 
513 961 956 
514 951 
515 983 
516 928 
517 567 
518 907 
519 830 
520 997 
521 935 895 
522 608 
523 873 
524 936 997 
525 879 
526 526 
527 974 
528 567 
529 956 
530 608 
531 777 
532 605 
533 959 
534 997 
535 830 
536 967 
537 951 
538 956 
539 959 
540 975 
541 916 928 
542 959 
543 625 873 
544 898 
545 967 
546 888 
547 973 
548 608 
549 935 895 
550 984 
551 984 
552 898 
553 1000 
554 983 
555 935 
556 1000 
557 966 
558 983 
559 1000 
560 966 
561 756 
562 959 
563 823 
564 983 
565 866 
566 959 
567 567 
568 959 
569 954 
570 997 
571 984 
572 605 
573 975 
574 752 
575 907 
576 916 
577 984 
578 879 1000 
579 936 
580 997 
581 983 975 
582 935 
583 983 
584 822 
585 605 
586 822 
587 966 
588 888 
589 966 
590 975 
591 526 
592 865 
593 907 
594 634 
595 984 
596 1000 
597 916 
598 907 
599 966 
600 895 
601 966 
602 967 
603 973 
604 567 
605 605 
606 866 
607 634 
608 608 
609 752 
610 840 
611 966 
612 954 
613 989 983 
614 984 
615 691 
616 608 
617 756 
618 997 
619 975 
620 951 
621 984 
622 973 
623 907 
624 997 
625 625 
626 974 
627 916 
628 823 830 
629 625 
630 967 
631 830 
632 777 
633 567 
634 634 
635 954 974 
636 997 
637 823 
638 1000 
639 634 
640 989 
641 526 756 
642 935 
643 928 
644 898 
645 975 
646 974 
647 959 
648 794 
649 984 
650 822 
651 866 
652 989 
653 959 
654 974 
655 888 
656 840 
657 935 634 
658 608 
659 935 895 
660 1000 
661 822 
662 634 
663 961 983 
664 959 
665 989 
666 989 
667 830 
668 526 
669 777 
670 956 
671 984 
672 879 
673 873 
674 956 
675 975 
676 1000 
677 840 
678 794 
679 935 777 
680 567 
681 954 
682 794 
683 974 
684 983 
685 954 
686 956 
687 974 
688 895 935 
689 966 
690 691 
691 691 
692 975 
693 916 
694 951 
695 975 
696 989 
697 961 
698 936 
699 989 
700 936 
701 975 
702 975 
703 865 
704 866 
705 756 
706 954 
707 956 
708 951 
709 973 
710 1000 
711 830 
712 895 
713 822 
714 966 
715 961 
716 956 
717 691 
718 865 
719 997 
720 956 
721 1000 
722 967 
723 961 
724 974 
725 907 
726 1000 
727 907 
728 879 
729 961 
730 967 
731 916 
732 973 
733 959 
734 984 
735 691 
736 936 
737 823 840 
738 951 
739 822 
740 898 
741 822 
742 984 
743 997 
744 983 951 
745 907 
746 967 
747 975 
748 951 967 
749 956 
750 997 
751 973 
752 752 
753 975 
754 865 956 
755 526 691 
756 756 
757 928 956 
758 983 
759 865 
760 961 
761 928 
762 966 
763 956 
764 975 
765 691 
766 865 
767 959 
768 830 
769 840 
770 756 
771 865 
772 840 
773 984 
774 898 
775 1000 
776 997 
777 777 
778 973 
779 830 
780 989 
781 959 
782 916 
783 830 
784 873 
785 984 
786 691 
787 1000 
788 873 526 
789 865 
790 961 
791 907 
792 997 
793 989 
794 794 
795 830 
796 951 
797 935 
798 873 
799 967 
800 973 
801 935 895 
802 1000 
803 966 
804 954 967 
805 936 954 
806 956 
807 895 
808 822 
809 989 
810 967 
811 959 
812 830 
813 983 
814 975 
815 959 
816 823 
817 974 
818 888 
819 975 974 
820 888 
821 959 
822 822 
823 823 
824 840 
825 956 
826 625 
827 830 
828 935 895 
829 959 
830 830 
831 898 
832 1000 
833 608 928 
834 956 
835 898 
836 997 
837 928 
838 936 984 
839 879 
840 840 
841 954 
842 873 840 
843 822 961 
844 989 
845 956 
846 888 997 
847 967 
848 916 
849 984 
850 961 
851 983 
852 625 
853 895 935 
854 916 
855 975 
856 895 866 
857 956 
858 973 
859 888 
860 866 
861 928 
862 895 935 
863 951 
864 989 
865 865 
866 866 
867 959 
868 866 
869 1000 
870 984 
871 898 
872 984 
873 873 
874 898 
875 907 
876 967 
877 752 956 
878 956 
879 879 
880 888 
881 954 
882 975 973 
883 975 
884 975 
885 989 
886 959 
887 608 928 
888 888 
889 959 928 
890 967 
891 1000 
892 954 
893 983 
894 895 935 
895 895 935 
896 956 
897 907 
898 898 
899 907 
900 928 
901 916 997 
902 907 989 
903 898 989 
904 879 974 
905 974 
906 989 936 
907 907 
908 989 
909 974 
910 1000 
911 928 961 
912 956 
913 777 840 
914 966 
915 973 
916 916 
917 916 
918 967 
919 983 
920 967 989 
921 961 
922 961 
923 975 
924 954 865 
925 973 
926 959 
927 983 
928 928 
929 956 
930 984 
931 936 
932 989 
933 959 
934 975 
935 935 895 
936 936 
937 956 
938 975 
939 959 
940 956 
941 973 
942 997 
943 974 
944 974 
945 997 
946 956 
947 974 
948 1000 
949 973 
950 873 959 
951 951 
952 989 966 
953 967 
954 954 
955 1000 
956 956 
957 983 
958 997 
959 959 
960 967 
961 961 
962 984 
963 961 959 
964 974 
965 989 
966 966 
967 967 
968 966 
969 973 
970 1000 
971 975 
972 974 
973 973 
974 974 
975 975 
976 898 961 
977 1000 
978 989 
979 983 
980 997 
981 984 
982 989 
983 983 
984 984 
985 951 956 
986 936 865 
987 997 
988 840 973 
989 989 
990 1000 
991 997 
992 984 
993 954 866 
994 997 
995 951 975 
996 997 
997 997 
998 997 
999 956 888 
1000 1000 
