1 883 
2 981 
3 94 
4 770 
5 968 
6 961 
7 863 
8 997 
9 981 
10 886 
11 987 
12 970 999 
13 580 
14 932 
15 999 
16 487 863 
17 978 
18 944 
19 756 1000 
20 914 
21 941 
22 886 967 
23 944 
24 932 
25 978 
26 967 
27 914 
28 961 
29 914 
30 756 980 982 
31 889 
32 446 
33 1000 
34 932 998 
35 446 
36 860 
37 979 
38 889 
39 801 
40 979 
41 801 
42 997 
43 987 
44 961 
45 875 
46 686 
47 898 
48 998 
49 968 
50 883 
51 898 
52 941 
53 999 
54 487 901 992 
55 443 886 902 
56 997 
57 756 
58 672 
59 928 929 
60 978 
61 982 
62 993 
63 929 
64 982 975 
65 889 
66 928 
67 970 
68 975 992 999 
69 970 
70 999 
71 932 
72 1000 
73 993 
74 982 
75 980 
76 914 
77 967 
78 992 
79 981 
80 975 
81 985 
82 982 
83 979 
84 723 
85 883 
86 929 
87 932 985 
88 860 
89 961 
90 929 
91 94 910 992 
92 992 
93 998 
94 94 
95 999 
96 94 
97 941 
98 932 633 
99 944 
100 999 
101 985 
102 886 
103 633 
104 929 
105 860 
106 980 
107 985 
108 94 
109 932 
110 981 
111 987 
112 770 
113 970 
114 970 
115 863 443 
116 902 
117 498 
118 723 
119 886 
120 729 
121 929 
122 975 
123 961 
124 507 
125 889 
126 723 
127 932 
128 910 
129 801 
130 672 
131 898 
132 997 
133 998 
134 928 
135 883 
136 801 
137 902 
138 886 
139 729 
140 686 
141 910 
142 998 
143 928 967 998 
144 957 
145 998 
146 957 
147 902 
148 981 
149 961 
150 443 
151 978 
152 999 
153 981 
154 633 
155 979 
156 982 
157 944 
158 584 980 
159 633 
160 968 
161 580 
162 975 
163 889 
164 999 
165 944 
166 957 
167 94 
168 910 
169 985 801 
170 967 
171 914 
172 929 
173 998 
174 998 
175 985 
176 932 
177 863 
178 801 756 980 
179 1000 
180 980 
181 985 
182 580 
183 967 
184 967 
185 982 
186 981 
187 1000 
188 889 
189 970 
190 487 
191 729 
192 886 
193 997 
194 985 
195 978 
196 928 
197 992 
198 443 
199 978 
200 981 
201 932 
202 968 
203 997 
204 863 
205 944 
206 883 487 863 
207 883 
208 999 
209 985 
210 889 
211 998 
212 999 
213 507 
214 975 
215 1000 
216 999 
217 979 
218 883 
219 992 
220 898 
221 987 
222 998 
223 1000 
224 979 
225 999 
226 902 929 
227 860 
228 987 
229 967 
230 580 
231 961 
232 1000 
233 633 
234 929 
235 932 
236 987 
237 875 
238 507 
239 941 
240 875 
241 929 
242 980 
243 929 
244 723 
245 981 
246 997 
247 981 
248 961 
249 998 
250 932 
251 507 
252 1000 
253 987 
254 978 
255 756 
256 910 
257 941 
258 883 
259 889 
260 507 
261 910 
262 94 
263 770 
264 446 
265 970 
266 580 
267 507 
268 961 
269 985 
270 967 
271 932 
272 928 
273 875 
274 944 
275 987 
276 957 
277 901 
278 672 
279 801 
280 979 
281 875 
282 910 
283 929 
284 980 
285 902 
286 507 
287 723 
288 898 
289 978 
290 863 
291 970 
292 914 
293 997 
294 967 
295 889 
296 498 
297 941 
298 998 
299 801 
300 985 
301 968 
302 975 
303 898 
304 982 
305 998 
306 941 
307 889 
308 584 
309 898 
310 982 979 487 
311 979 
312 889 
313 987 
314 1000 
315 979 
316 886 
317 863 
318 580 
319 801 
320 968 
321 584 
322 978 
323 985 
324 889 
325 997 
326 981 
327 970 
328 889 
329 932 
330 886 
331 987 
332 967 
333 998 
334 886 
335 997 
336 970 
337 1000 
338 929 
339 770 
340 987 
341 928 
342 902 
343 932 
344 941 
345 487 
346 997 
347 910 
348 970 
349 756 886 
350 94 978 941 1000 
351 898 
352 94 
353 993 
354 992 
355 967 
356 487 
357 863 
358 998 
359 979 883 
360 961 
361 992 
362 944 
363 914 
364 580 
365 980 
366 979 
367 999 
368 901 
369 801 
370 914 
371 999 
372 941 
373 932 
374 860 
375 801 
376 729 
377 999 
378 978 979 
379 889 
380 997 
381 723 
382 992 
383 94 584 910 
384 801 
385 967 
386 961 
387 997 
388 999 
389 975 
390 910 
391 978 
392 987 
393 970 
394 981 
395 978 982 1000 
396 999 
397 686 
398 941 
399 981 
400 979 
401 883 
402 863 
403 932 
404 487 
405 941 
406 982 
407 889 
408 967 
409 982 
410 801 
411 998 
412 770 
413 898 
414 914 
415 889 
416 932 
417 961 
418 932 
419 967 
420 633 
421 998 
422 507 
423 902 
424 993 
425 961 
426 886 
427 970 
428 998 
429 1000 
430 672 
431 928 
432 914 
433 729 
434 910 
435 875 
436 875 981 898 967 992 
437 975 
438 985 
439 944 
440 580 
441 975 
442 993 
443 443 
444 801 
445 944 910 992 
446 446 
447 1000 
448 941 
449 756 
450 498 
451 898 
452 94 
453 979 
454 901 
455 982 
456 987 
457 886 
458 992 
459 863 
460 929 
461 770 
462 902 
463 886 
464 968 
465 863 
466 998 
467 898 
468 968 
469 999 
470 979 
471 928 
472 901 
473 498 
474 487 
475 910 
476 975 
477 914 
478 979 
479 968 
480 985 
481 968 
482 997 
483 883 
484 999 
485 987 
486 756 
487 487 
488 944 
489 961 
490 979 
491 970 
492 633 
493 94 
494 875 
495 944 
496 997 
497 998 
498 498 
499 979 
500 941 
501 584 
502 985 
503 998 
504 801 
505 672 981 
506 932 
507 507 
508 975 
509 975 
510 875 
511 944 
512 967 
513 944 
514 992 
515 729 
516 941 
517 961 
518 584 
519 987 
520 980 
521 498 
522 875 999 
523 886 
524 498 
525 997 
526 932 
527 801 
528 961 
529 999 970 
530 970 
531 944 
532 970 
533 985 
534 723 
535 863 
536 729 
537 860 
538 770 
539 770 932 
540 672 
541 979 
542 982 
543 1000 
544 1000 
545 863 
546 729 
547 898 
548 992 
549 883 
550 981 
551 987 
552 723 
553 729 
554 929 
555 883 
556 941 
557 968 
558 944 
559 961 
560 898 
561 770 
562 756 
563 889 
564 941 
565 979 
566 999 
567 883 
568 801 
569 979 
570 801 
571 978 
572 961 672 979 
573 580 
574 980 
575 978 
576 981 
577 987 
578 889 
579 860 
580 580 
581 723 932 
582 729 
583 443 
584 584 
585 446 
586 967 
587 729 975 
588 987 
589 443 985 
590 756 
591 979 
592 886 
593 902 
594 914 
595 987 
596 967 
597 982 
598 886 
599 729 
600 999 
601 941 
602 863 
603 961 
604 981 
605 980 
606 875 
607 928 
608 997 
609 970 
610 883 
611 968 
612 970 
613 863 999 
614 1000 
615 985 
616 997 
617 968 
618 889 
619 999 
620 446 
621 944 
622 770 
623 992 
624 980 
625 944 
626 932 979 886 
627 998 
628 863 
629 910 
630 898 
631 980 
632 968 
633 633 
634 980 
635 863 
636 961 
637 672 
638 446 
639 801 
640 985 
641 999 
642 507 
643 978 
644 982 999 961 
645 443 
646 801 
647 875 
648 992 
649 883 
650 729 
651 729 
652 910 
653 928 
654 979 982 998 
655 987 
656 941 
657 975 
658 997 
659 770 975 987 
660 987 
661 860 
662 987 
663 446 
664 992 
665 686 
666 443 
667 961 970 1000 
668 981 985 967 998 
669 993 94 944 985 
670 932 
671 980 
672 672 
673 987 
674 997 
675 886 
676 985 
677 932 
678 985 
679 968 
680 998 
681 967 
682 941 
683 997 
684 914 
685 981 
686 686 
687 997 
688 982 
689 985 
690 997 
691 944 
692 987 
693 985 
694 932 
695 979 
696 980 
697 997 
698 801 
699 999 
700 982 
701 1000 
702 999 
703 979 
704 801 
705 729 
706 981 
707 770 
708 961 
709 985 
710 981 
711 863 
712 968 
713 944 
714 975 
715 886 446 992 968 979 
716 987 
717 982 
718 801 
719 729 
720 756 
721 980 
722 914 
723 723 
724 985 
725 889 
726 929 
727 863 
728 901 
729 729 
730 886 
731 487 
732 898 
733 914 
734 902 
735 94 902 987 
736 961 487 967 997 
737 979 
738 1000 
739 975 
740 901 
741 886 729 979 975 
742 910 
743 992 
744 982 883 992 980 
745 998 
746 898 
747 975 
748 672 
749 987 
750 980 
751 932 
752 914 
753 902 
754 998 
755 863 
756 756 
757 967 
758 997 
759 932 
760 932 898 863 901 1000 
761 981 801 980 1000 
762 980 
763 968 
764 1000 
765 898 
766 979 
767 944 
768 992 
769 875 
770 770 
771 932 
772 863 
773 981 
774 987 
775 932 584 979 928 860 
776 975 
777 507 
778 1000 
779 901 
780 901 
781 992 
782 886 
783 507 
784 980 
785 979 
786 982 
787 999 
788 928 
789 987 
790 961 932 
791 928 
792 968 
793 686 914 929 967 997 
794 980 
795 999 
796 932 
797 961 
798 875 
799 980 
800 860 
801 801 
802 982 
803 985 
804 860 
805 875 982 987 
806 932 
807 982 
808 967 
809 914 
810 902 985 967 
811 992 
812 968 
813 997 
814 997 
815 980 
816 860 999 901 
817 982 
818 993 944 981 970 
819 998 
820 1000 
821 992 
822 997 
823 997 
824 928 
825 928 
826 992 
827 1000 
828 992 
829 1000 
830 507 
831 998 
832 968 
833 999 
834 723 910 975 998 
835 999 
836 886 
837 985 
838 992 
839 443 901 987 1000 
840 999 
841 944 
842 932 
843 756 
844 980 
845 970 
846 898 
847 999 
848 992 
849 889 
850 967 
851 928 
852 889 
853 932 
854 863 
855 875 932 981 929 980 
856 863 
857 987 
858 998 
859 487 443 985 998 975 
860 860 
861 875 
862 941 
863 863 
864 980 
865 968 
866 443 981 982 967 999 
867 928 
868 756 
869 928 
870 886 
871 932 
872 985 
873 446 998 975 987 997 
874 985 
875 875 
876 902 
877 997 
878 932 
879 901 
880 981 
881 889 
882 981 
883 883 
884 970 
885 999 
886 886 
887 982 
888 975 
889 889 
890 898 
891 961 999 898 975 
892 801 
893 770 
894 961 
895 914 
896 889 
897 944 
898 898 
899 729 
900 985 
901 901 
902 902 
903 801 
904 901 
905 1000 
906 1000 
907 985 
908 902 
909 975 
910 910 
911 898 
912 446 863 584 961 928 
913 998 
914 914 
915 970 
916 1000 
917 992 
918 967 
919 985 
920 982 
921 910 
922 729 
923 961 982 901 980 975 
924 941 
925 975 
926 985 
927 944 
928 928 
929 929 
930 980 
931 992 507 889 982 914 
932 932 
933 987 
934 929 
935 932 980 686 981 770 
936 929 
937 941 
938 979 961 860 975 
939 970 
940 987 
941 941 
942 1000 
943 970 
944 944 
945 999 
946 981 
947 970 
948 980 
949 975 
950 970 
951 968 
952 633 932 860 982 970 
953 979 
954 932 999 992 944 981 
955 999 
956 957 487 998 980 985 
957 957 886 967 932 998 
958 999 
959 987 
960 987 
961 961 
962 979 
963 886 487 875 672 979 
964 1000 
965 975 
966 961 
967 967 
968 968 
969 978 584 910 801 982 
970 970 
971 985 
972 987 
973 941 
974 970 
975 975 
976 967 
977 980 
978 978 998 889 961 997 
979 979 
980 980 
981 981 
982 982 
983 929 886 967 944 980 
984 979 633 507 941 928 
985 985 
986 998 928 941 979 970 
987 987 
988 686 982 929 770 970 
989 997 
990 997 
991 987 
992 992 
993 993 992 672 898 
994 1000 
995 998 
996 1000 
997 997 
998 998 
999 999 
1000 1000 
