1 699 987 
2 843 
3 909 
4 977 
5 646 
6 901 
7 838 
8 986 
9 914 
10 987 
11 857 
12 646 
13 716 
14 953 
15 923 972 978 
16 972 
17 654 
18 952 
19 675 
20 991 
21 991 
22 957 
23 986 
24 930 
25 841 
26 960 
27 986 
28 960 
29 993 
30 682 853 
31 843 
32 991 
33 654 
34 914 
35 716 
36 952 
37 914 
38 675 
39 994 
40 883 843 991 
41 699 
42 953 
43 987 
44 987 
45 968 923 
46 957 
47 646 
48 994 
49 952 
50 986 
51 999 
52 973 
53 1000 
54 987 
55 699 
56 914 
57 968 
58 968 
59 874 
60 991 
61 957 
62 952 
63 993 
64 972 
65 841 
66 914 
67 994 
68 917 991 
69 972 
70 994 
71 914 
72 699 
73 999 
74 987 
75 953 
76 986 
77 853 
78 999 
79 978 
80 953 
81 841 
82 883 
83 977 
84 986 
85 960 
86 923 
87 994 
88 917 
89 762 
90 917 
91 923 
92 993 
93 853 
94 843 
95 953 
96 914 
97 986 
98 699 994 
99 857 
100 517 
101 994 
102 994 
103 986 
104 901 
105 901 
106 841 
107 1000 
108 914 
109 960 
110 819 
111 863 
112 699 
113 991 930 
114 953 
115 665 
116 857 
117 863 
118 978 
119 699 
120 930 
121 901 
122 978 
123 987 
124 909 
125 914 
126 999 
127 843 
128 968 
129 675 
130 978 
131 832 
132 994 
133 968 
134 917 
135 952 
136 986 
137 986 
138 986 
139 874 
140 914 901 
141 901 
142 843 
143 923 
144 917 
145 968 
146 960 
147 993 
148 517 
149 808 
150 654 
151 986 
152 991 
153 987 
154 841 
155 517 
156 953 
157 977 
158 957 
159 953 
160 917 
161 960 
162 863 
163 819 
164 841 
165 819 
166 999 
167 917 
168 994 
169 857 
170 978 
171 917 
172 838 
173 991 
174 914 
175 794 
176 952 
177 999 
178 819 
179 953 
180 994 
181 953 
182 957 
183 978 
184 762 
185 901 
186 808 
187 841 
188 1000 
189 953 
190 999 
191 953 
192 960 
193 999 
194 993 
195 999 
196 517 
197 832 
198 675 
199 986 
200 517 
201 994 
202 977 
203 991 
204 1000 
205 999 
206 923 874 
207 808 
208 863 
209 909 
210 972 
211 957 
212 762 
213 968 
214 819 
215 909 
216 968 
217 646 
218 968 
219 808 
220 699 
221 987 
222 794 
223 930 
224 654 
225 972 
226 874 
227 923 
228 994 
229 952 
230 682 
231 977 
232 973 
233 716 
234 781 
235 973 
236 923 
237 994 
238 953 
239 654 
240 843 
241 972 
242 843 
243 923 
244 993 
245 1000 
246 665 
247 914 
248 901 
249 838 
250 675 
251 994 
252 952 
253 993 
254 857 991 
255 987 
256 841 
257 901 
258 1000 
259 857 
260 930 
261 914 
262 986 
263 914 
264 973 
265 853 
266 960 
267 808 
268 978 
269 838 
270 953 
271 901 
272 960 930 
273 978 
274 993 
275 977 
276 999 
277 957 
278 874 
279 1000 
280 909 
281 909 
282 832 
283 917 
284 1000 
285 991 
286 914 794 
287 973 
288 917 
289 952 
290 863 
291 952 
292 993 
293 699 
294 853 
295 841 
296 953 
297 978 
298 682 
299 863 
300 832 
301 794 
302 843 
303 843 
304 977 
305 968 
306 973 
307 953 
308 863 
309 832 
310 699 
311 646 
312 952 
313 762 
314 832 
315 987 
316 794 
317 699 
318 1000 
319 972 
320 716 
321 972 
322 832 
323 917 
324 914 
325 972 978 
326 987 
327 762 
328 853 
329 838 
330 682 
331 986 
332 909 
333 978 968 
334 972 
335 987 
336 973 
337 832 
338 999 
339 923 
340 960 
341 991 
342 917 
343 973 
344 909 
345 1000 
346 991 
347 853 
348 1000 
349 794 991 
350 838 
351 665 
352 991 
353 1000 
354 960 
355 953 
356 675 
357 909 
358 857 
359 999 
360 986 
361 930 
362 977 
363 968 
364 972 
365 991 
366 978 
367 909 
368 977 
369 957 
370 930 
371 665 
372 987 
373 991 
374 994 
375 987 
376 993 
377 987 
378 953 
379 968 
380 952 762 
381 781 
382 675 
383 841 
384 841 
385 901 
386 994 
387 986 
388 972 
389 991 
390 986 
391 857 
392 762 
393 843 
394 675 
395 952 
396 1000 
397 972 
398 794 
399 682 762 
400 843 
401 808 
402 699 
403 993 
404 952 
405 819 
406 1000 
407 973 
408 952 
409 883 
410 994 
411 675 
412 999 
413 781 
414 843 
415 972 
416 682 
417 999 
418 1000 
419 841 
420 917 
421 993 
422 930 
423 857 
424 781 
425 968 
426 987 991 
427 853 
428 863 
429 930 
430 972 
431 857 
432 517 
433 978 
434 999 
435 986 
436 857 
437 960 
438 930 
439 957 
440 977 
441 994 
442 699 
443 993 
444 838 
445 960 991 
446 977 
447 973 
448 517 
449 952 
450 914 
451 952 
452 972 1000 
453 957 
454 838 
455 874 977 
456 923 
457 914 
458 977 
459 762 952 
460 843 
461 863 
462 909 972 
463 930 
464 952 
465 973 
466 957 
467 883 
468 914 957 
469 1000 
470 977 
471 973 
472 952 
473 960 994 
474 843 
475 901 
476 917 
477 853 
478 863 
479 909 
480 675 
481 960 
482 994 
483 654 
484 977 
485 977 
486 682 
487 675 
488 972 
489 819 
490 1000 
491 993 
492 991 
493 953 
494 1000 
495 675 
496 914 
497 960 
498 874 
499 665 
500 838 
501 991 
502 952 
503 853 
504 874 999 
505 874 952 999 
506 991 
507 978 
508 972 
509 883 
510 832 
511 914 
512 1000 
513 909 
514 838 
515 930 
516 994 
517 517 
518 953 
519 654 
520 986 
521 968 
522 665 
523 843 
524 682 
525 909 
526 517 
527 991 
528 716 
529 978 
530 991 
531 987 
532 901 
533 930 
534 682 
535 857 
536 986 
537 977 
538 978 
539 973 
540 993 
541 973 
542 808 
543 699 
544 857 
545 665 
546 968 
547 914 
548 914 
549 863 960 
550 994 
551 762 
552 838 
553 999 
554 952 
555 953 
556 838 
557 923 
558 999 
559 923 
560 973 
561 930 
562 646 
563 960 
564 952 
565 973 
566 960 
567 978 977 
568 968 
569 853 
570 991 
571 781 
572 968 
573 987 
574 909 
575 665 
576 930 
577 917 
578 952 
579 794 
580 883 
581 968 
582 953 
583 968 
584 857 
585 665 
586 953 
587 517 
588 762 
589 952 
590 973 957 
591 654 
592 986 
593 994 
594 972 
595 841 
596 952 
597 1000 
598 883 
599 863 
600 917 994 
601 968 
602 952 
603 1000 
604 716 
605 987 
606 853 
607 909 
608 973 
609 914 
610 977 
611 960 
612 960 
613 977 
614 991 
615 968 
616 832 
617 957 
618 794 
619 857 
620 841 
621 973 
622 874 
623 1000 
624 968 
625 986 
626 883 
627 994 
628 819 
629 841 
630 977 
631 901 
632 874 
633 977 
634 808 
635 1000 
636 853 
637 843 
638 986 
639 654 
640 953 
641 999 
642 843 
643 987 
644 909 
645 999 
646 646 
647 972 
648 930 
649 968 
650 853 
651 794 
652 930 
653 762 
654 654 
655 781 
656 874 
657 986 
658 999 
659 994 972 
660 991 
661 853 
662 960 
663 841 
664 853 863 874 
665 665 
666 716 
667 993 1000 
668 883 
669 986 
670 993 
671 957 
672 909 
673 994 
674 832 
675 675 
676 1000 
677 909 
678 986 
679 781 
680 978 
681 923 
682 682 
683 986 
684 923 
685 654 
686 972 
687 978 
688 819 
689 987 
690 977 
691 841 
692 654 
693 972 
694 957 
695 874 
696 952 
697 993 
698 716 
699 699 
700 874 
701 978 
702 986 
703 716 
704 863 
705 968 
706 973 
707 808 
708 957 
709 972 
710 699 
711 968 
712 923 
713 923 
714 968 
715 675 
716 716 
717 716 
718 699 853 960 
719 863 
720 986 
721 901 994 
722 843 
723 952 
724 857 
725 819 
726 883 
727 1000 
728 986 987 
729 953 
730 953 
731 1000 
732 923 
733 968 
734 857 953 999 
735 917 
736 517 
737 832 
738 853 
739 716 952 1000 
740 952 
741 832 
742 978 
743 517 
744 952 
745 808 682 
746 993 
747 960 978 999 
748 994 
749 1000 
750 838 
751 883 
752 843 
753 1000 
754 917 
755 999 
756 952 
757 930 
758 923 
759 901 
760 909 
761 952 
762 762 
763 991 
764 781 
765 973 
766 901 
767 909 952 
768 993 
769 930 
770 999 
771 991 
772 794 
773 857 
774 973 
775 968 
776 973 
777 1000 
778 914 
779 999 
780 930 
781 781 
782 960 
783 994 
784 914 
785 977 
786 977 
787 930 
788 957 
789 978 
790 883 
791 841 909 957 
792 999 
793 953 
794 794 
795 883 
796 987 
797 682 930 909 
798 675 
799 973 
800 808 
801 914 
802 999 
803 863 
804 874 952 987 
805 986 
806 978 
807 972 
808 808 
809 819 
810 991 
811 841 
812 832 
813 960 
814 977 
815 987 
816 978 
817 841 
818 978 
819 819 
820 978 
821 994 
822 909 
823 914 
824 993 978 1000 
825 923 
826 857 
827 999 
828 968 
829 857 
830 914 
831 994 
832 832 
833 1000 
834 841 
835 993 
836 986 
837 986 
838 838 
839 914 
840 978 
841 841 
842 917 
843 843 
844 960 
845 994 
846 993 986 987 
847 968 
848 909 
849 699 
850 857 
851 883 
852 991 
853 853 
854 914 
855 987 
856 917 
857 857 
858 968 
859 972 
860 914 
861 968 1000 991 
862 953 
863 863 
864 960 
865 841 
866 838 
867 930 
868 991 999 987 
869 1000 
870 923 
871 968 
872 883 
873 930 1000 957 
874 874 
875 994 
876 993 
877 994 
878 986 
879 838 930 986 
880 923 
881 991 
882 993 
883 883 
884 923 
885 953 
886 977 
887 952 
888 960 
889 675 
890 960 
891 952 
892 957 
893 675 
894 762 968 972 
895 972 
896 808 819 957 
897 999 
898 952 
899 972 
900 901 
901 901 
902 999 
903 1000 
904 977 
905 1000 
906 960 
907 930 
908 986 
909 909 
910 991 
911 930 
912 993 973 923 
913 972 
914 914 
915 991 
916 808 993 960 
917 917 
918 978 
919 977 
920 957 
921 923 
922 841 
923 923 
924 953 973 1000 
925 675 991 917 
926 953 
927 654 952 973 
928 978 
929 968 909 973 
930 930 
931 991 
932 987 
933 987 
934 994 
935 914 
936 978 
937 863 978 987 
938 994 
939 978 
940 957 
941 999 
942 972 
943 953 
944 972 
945 999 
946 987 
947 986 
948 957 
949 953 
950 987 
951 957 
952 952 
953 953 
954 991 
955 987 
956 994 952 987 
957 957 
958 952 
959 978 
960 960 
961 1000 
962 986 952 991 
963 999 
964 968 
965 999 
966 917 991 957 
967 973 
968 968 
969 999 
970 986 
971 1000 
972 972 
973 973 
974 853 994 960 
975 987 
976 1000 
977 977 
978 978 
979 986 
980 968 
981 999 
982 986 
983 991 
984 987 
985 987 
986 986 
987 987 
988 991 
989 987 953 832 
990 646 838 923 
991 991 
992 841 994 819 
993 993 977 781 
994 994 
995 675 986 957 
996 909 841 977 
997 991 994 857 
998 794 957 986 
999 999 
1000 1000 
