1 939 
2 994 
3 882 
4 924 
5 874 
6 874 
7 955 
8 989 
9 805 
10 562 995 
11 958 
12 987 
13 984 
14 955 
15 831 
16 962 
17 956 
18 956 
19 899 
20 987 
21 989 
22 871 
23 882 
24 844 
25 962 
26 987 
27 992 
28 882 
29 924 
30 994 
31 562 
32 939 
33 882 
34 874 
35 823 
36 866 
37 847 
38 926 847 971 
39 924 
40 882 
41 958 
42 971 
43 894 729 
44 958 
45 973 
46 994 
47 984 
48 712 
49 984 
50 926 
51 939 
52 718 
53 955 
54 741 
55 902 
56 971 937 
57 882 
58 994 
59 844 
60 984 
61 973 
62 958 
63 998 
64 962 
65 937 
66 193 
67 744 937 
68 989 
69 835 
70 882 
71 835 
72 804 
73 939 
74 956 
75 998 
76 926 
77 823 
78 844 892 
79 741 
80 715 
81 193 
82 926 
83 193 571 971 
84 991 
85 992 
86 882 
87 994 
88 882 
89 805 
90 670 
91 804 
92 835 
93 926 805 
94 998 
95 956 
96 998 
97 902 
98 804 
99 995 
100 937 998 
101 971 
102 955 
103 924 
104 729 
105 844 
106 990 
107 844 
108 892 831 
109 989 
110 926 892 
111 882 
112 955 
113 866 
114 823 
115 729 
116 729 
117 926 
118 866 
119 658 990 
120 894 
121 989 
122 193 894 
123 670 
124 958 
125 844 
126 924 
127 658 
128 882 
129 990 
130 804 
131 984 
132 989 
133 937 
134 764 
135 973 
136 998 
137 992 
138 718 
139 718 
140 892 
141 971 670 
142 744 
143 973 
144 847 
145 882 
146 937 
147 894 
148 823 
149 657 992 989 
150 741 
151 994 
152 729 831 
153 741 
154 712 
155 991 
156 899 658 744 
157 926 
158 926 
159 882 
160 670 
161 871 
162 955 
163 899 835 
164 926 
165 994 
166 967 
167 967 
168 844 
169 657 
170 962 
171 995 
172 956 
173 729 
174 894 
175 926 
176 990 
177 791 
178 958 
179 955 
180 962 
181 882 990 992 
182 939 
183 823 
184 994 
185 894 
186 998 
187 939 
188 924 
189 967 
190 995 
191 712 
192 956 
193 193 
194 899 
195 992 
196 964 
197 989 
198 899 
199 995 
200 955 
201 844 
202 994 
203 831 764 
204 989 
205 956 
206 998 
207 992 902 
208 937 
209 937 
210 670 
211 926 
212 658 
213 835 
214 955 
215 882 
216 871 
217 844 
218 971 
219 967 
220 962 
221 658 
222 989 
223 729 
224 987 
225 992 
226 823 
227 962 
228 892 
229 729 
230 987 
231 998 
232 791 
233 882 
234 882 
235 971 
236 871 
237 937 
238 804 
239 902 
240 894 
241 962 
242 971 
243 804 
244 924 
245 715 
246 804 
247 939 609 871 
248 958 994 
249 926 
250 715 
251 791 
252 764 
253 939 
254 892 
255 998 
256 882 
257 989 
258 871 657 847 937 984 
259 741 
260 991 
261 805 
262 967 984 
263 939 
264 984 
265 712 
266 744 894 937 
267 955 
268 657 
269 831 
270 718 
271 958 
272 657 
273 994 
274 973 
275 804 
276 989 
277 992 
278 987 
279 971 
280 926 
281 871 
282 712 
283 994 
284 984 
285 995 
286 962 
287 871 
288 989 
289 899 
290 658 937 
291 987 
292 989 
293 892 
294 847 
295 844 
296 973 193 
297 894 
298 894 
299 892 
300 926 
301 992 
302 866 
303 998 
304 992 
305 866 
306 964 
307 894 
308 764 
309 967 
310 791 
311 995 
312 971 
313 987 894 
314 894 
315 657 
316 998 964 
317 964 
318 924 
319 715 
320 571 
321 991 
322 992 
323 835 
324 962 
325 847 
326 971 
327 990 
328 990 
329 995 
330 847 
331 882 
332 657 
333 882 
334 964 958 955 
335 939 
336 973 
337 729 
338 973 
339 987 
340 964 
341 844 
342 729 892 991 987 
343 899 835 823 718 729 
344 995 
345 987 
346 791 
347 844 
348 902 
349 899 
350 992 
351 894 
352 882 
353 658 
354 973 
355 991 
356 744 
357 804 
358 971 
359 973 
360 971 
361 924 
362 958 
363 892 
364 871 
365 902 
366 989 899 844 831 
367 962 
368 715 
369 984 
370 955 847 882 
371 998 
372 992 
373 994 
374 926 989 955 
375 992 
376 847 902 
377 937 
378 899 991 
379 971 
380 562 
381 998 
382 973 
383 874 
384 712 
385 804 
386 994 
387 804 
388 871 
389 831 
390 835 
391 924 994 
392 939 
393 835 
394 874 
395 937 
396 967 
397 995 
398 958 
399 823 
400 882 
401 831 
402 987 
403 956 
404 973 
405 971 
406 964 
407 715 
408 998 
409 902 
410 962 
411 973 
412 973 
413 571 
414 871 
415 984 
416 995 
417 744 741 955 973 
418 958 
419 805 
420 958 
421 984 964 
422 871 
423 805 
424 712 
425 995 
426 984 
427 892 
428 956 
429 967 
430 964 
431 193 902 987 
432 715 
433 805 
434 899 
435 874 
436 989 
437 998 
438 805 937 902 871 991 
439 939 
440 715 
441 987 
442 984 
443 990 
444 729 
445 991 
446 998 
447 871 
448 998 
449 805 
450 939 
451 967 
452 955 
453 967 
454 823 
455 764 
456 967 
457 658 
458 899 
459 984 
460 967 
461 844 
462 926 
463 871 
464 992 
465 844 
466 967 
467 882 804 990 
468 804 
469 882 764 894 955 
470 998 
471 989 
472 964 
473 937 
474 992 
475 955 
476 971 
477 715 
478 729 
479 937 658 670 
480 658 
481 562 
482 902 
483 973 
484 831 
485 991 
486 658 984 657 964 
487 894 
488 956 
489 924 
490 871 
491 571 
492 899 
493 956 871 995 998 989 
494 984 
495 989 
496 926 
497 994 
498 902 
499 967 
500 987 
501 882 
502 609 
503 831 
504 892 729 804 670 
505 971 
506 924 
507 609 
508 835 
509 984 937 995 
510 882 
511 958 
512 744 
513 866 
514 894 
515 892 
516 962 
517 926 805 
518 892 
519 991 
520 998 
521 871 
522 926 
523 989 
524 994 
525 844 
526 874 
527 715 
528 995 
529 804 
530 956 
531 990 
532 962 
533 958 
534 609 
535 967 
536 729 937 987 990 
537 894 
538 991 
539 971 
540 939 
541 892 
542 995 
543 892 
544 990 
545 764 899 
546 937 
547 964 
548 871 
549 899 
550 998 
551 882 899 871 804 
552 958 
553 998 729 764 926 
554 791 
555 987 
556 764 
557 955 
558 995 
559 991 
560 882 
561 990 
562 562 
563 991 
564 990 
565 956 
566 899 998 939 924 871 990 992 
567 718 
568 924 
569 956 
570 874 
571 571 
572 990 
573 937 
574 984 
575 926 
576 994 
577 894 718 
578 899 
579 804 
580 926 
581 958 
582 764 
583 609 
584 991 
585 964 
586 831 
587 956 
588 866 
589 729 
590 882 764 831 
591 971 
592 984 
593 805 
594 939 
595 962 
596 995 
597 973 
598 987 
599 971 
600 835 
601 994 
602 871 
603 937 
604 823 
605 874 
606 984 
607 973 
608 962 998 
609 609 
610 823 
611 937 
612 984 
613 955 
614 991 
615 937 
616 924 
617 926 
618 744 
619 729 
620 998 
621 831 
622 866 
623 894 882 971 
624 967 
625 847 
626 973 
627 987 
628 984 
629 804 
630 926 
631 871 989 
632 962 
633 926 995 
634 926 
635 831 
636 924 
637 892 
638 835 
639 741 
640 804 
641 973 
642 844 
643 924 
644 882 
645 882 
646 882 
647 964 
648 804 
649 871 
650 805 
651 992 
652 882 
653 805 
654 991 
655 956 
656 990 
657 657 
658 658 
659 658 
660 984 
661 791 
662 955 
663 844 
664 958 
665 844 
666 998 
667 899 
668 804 
669 964 
670 670 
671 991 
672 971 
673 712 
674 926 
675 955 
676 744 
677 892 
678 958 
679 670 971 
680 973 
681 995 
682 193 
683 990 
684 984 
685 892 
686 984 
687 967 
688 729 
689 844 
690 994 
691 964 
692 882 
693 844 
694 823 874 902 
695 984 
696 844 
697 967 
698 967 
699 924 
700 994 
701 670 
702 955 
703 729 
704 998 
705 894 729 871 
706 805 
707 998 
708 939 804 971 995 
709 962 
710 990 
711 998 
712 712 
713 805 
714 973 
715 715 
716 892 
717 926 
718 718 
719 899 
720 984 
721 823 
722 998 
723 956 
724 823 
725 744 984 994 
726 971 
727 741 
728 741 
729 729 
730 995 
731 871 
732 791 
733 955 
734 866 
735 894 
736 984 
737 995 
738 657 
739 804 
740 992 
741 741 
742 894 926 871 
743 991 
744 744 
745 994 
746 998 
747 871 
748 874 
749 571 
750 989 
751 882 
752 835 
753 971 
754 994 
755 899 
756 715 
757 791 
758 718 
759 882 992 958 990 
760 729 
761 995 
762 926 956 998 
763 955 844 990 
764 764 
765 899 989 995 
766 967 
767 964 
768 926 
769 926 871 964 
770 847 
771 844 
772 892 
773 995 
774 926 
775 955 998 937 956 984 
776 939 
777 926 
778 995 
779 871 
780 937 
781 991 
782 991 
783 992 
784 994 
785 971 
786 998 847 866 
787 894 
788 571 992 989 991 
789 990 
790 962 
791 791 
792 956 
793 844 
794 991 
795 964 
796 994 
797 994 
798 835 
799 844 
800 823 
801 998 
802 989 
803 804 
804 804 
805 805 
806 955 
807 882 
808 658 571 994 971 991 
809 955 
810 847 
811 894 
812 991 
813 874 967 937 924 992 
814 871 
815 955 
816 992 
817 804 
818 926 
819 804 
820 823 
821 844 
822 955 
823 823 
824 998 
825 937 
826 958 
827 805 
828 971 
829 956 
830 958 
831 831 
832 989 
833 892 609 571 741 871 
834 984 
835 835 
836 987 
837 991 
838 995 
839 937 609 823 992 
840 804 
841 987 
842 562 998 
843 994 
844 844 
845 991 
846 712 937 958 994 
847 847 
848 987 
849 962 
850 924 
851 990 
852 831 
853 874 
854 973 
855 871 
856 967 
857 995 
858 990 
859 924 
860 831 
861 971 
862 847 
863 882 
864 956 
865 984 
866 866 
867 995 
868 967 
869 998 
870 967 
871 871 
872 831 
873 894 882 995 924 994 
874 874 
875 937 
876 871 
877 937 
878 866 
879 844 
880 844 
881 729 
882 882 
883 994 
884 882 
885 874 
886 992 
887 926 
888 984 
889 964 
890 712 
891 984 
892 892 
893 193 937 729 958 989 
894 894 
895 955 
896 926 
897 926 
898 964 
899 899 
900 984 
901 998 
902 902 
903 990 
904 998 
905 995 
906 987 
907 562 804 998 967 990 
908 882 
909 971 
910 992 
911 871 
912 990 
913 989 
914 847 967 
915 804 
916 955 892 998 990 987 
917 998 
918 956 
919 992 
920 984 
921 804 926 715 744 844 
922 994 
923 967 
924 924 
925 971 
926 926 
927 871 866 990 987 991 
928 871 
929 994 
930 882 
931 987 
932 871 
933 973 
934 971 
935 990 
936 964 
937 937 926 
938 962 
939 939 892 
940 958 
941 962 
942 866 937 718 926 989 
943 973 
944 926 804 998 991 992 
945 984 
946 902 844 995 971 
947 729 193 992 971 964 
948 971 
949 992 
950 956 
951 971 
952 894 805 937 992 994 
953 987 
954 926 
955 955 
956 956 
957 956 
958 958 
959 562 955 937 835 939 
960 937 
961 991 
962 962 
963 670 902 871 831 964 
964 964 
965 924 
966 989 984 
967 967 
968 967 
969 835 967 995 984 987 
970 992 
971 971 
972 990 
973 973 
974 984 
975 995 
976 964 
977 995 
978 899 964 991 844 962 
979 823 562 964 962 987 
980 871 
981 962 
982 882 715 991 990 956 
983 939 741 973 926 924 
984 984 
985 987 
986 991 
987 987 
988 998 
989 989 992 
990 990 
991 991 
992 992 
993 892 670 571 609 958 992 
994 994 
995 995 
996 994 
997 995 
998 998 
999 987 
1000 994 
