1 932 
2 869 
3 886 
4 869 
5 994 
6 572 
7 994 
8 986 
9 752 
10 613 488 994 
11 922 849 931 984 
12 994 
13 922 
14 782 
15 372 
16 931 
17 938 
18 922 
19 1000 
20 983 
21 572 
22 922 
23 883 
24 849 
25 427 572 
26 949 908 997 
27 613 
28 997 
29 985 
30 427 
31 931 
32 936 
33 752 
34 766 
35 752 
36 572 
37 858 
38 949 
39 997 
40 950 
41 898 
42 993 
43 903 
44 922 
45 936 
46 961 
47 986 
48 898 
49 766 
50 956 
51 985 
52 956 
53 921 
54 770 
55 830 
56 983 
57 675 949 
58 956 
59 993 913 
60 993 
61 984 
62 572 
63 613 
64 913 
65 830 
66 971 
67 986 982 
68 1000 
69 948 
70 572 
71 986 
72 994 
73 396 
74 993 
75 761 
76 875 
77 766 
78 396 
79 994 
80 752 
81 922 
82 922 
83 875 719 
84 981 
85 940 
86 982 
87 931 740 
88 886 604 981 
89 721 
90 948 
91 839 
92 938 
93 770 
94 994 
95 982 
96 675 
97 849 
98 986 
99 993 
100 785 
101 969 
102 719 
103 886 
104 769 
105 913 
106 961 
107 994 670 
108 852 
109 971 
110 931 
111 675 766 
112 940 
113 993 
114 956 
115 886 
116 721 
117 950 
118 994 
119 886 
120 556 740 
121 922 984 
122 770 
123 649 
124 634 
125 572 
126 852 
127 613 
128 572 
129 1000 
130 883 
131 997 
132 858 
133 932 
134 849 
135 938 
136 1000 
137 1000 
138 971 
139 917 
140 936 
141 986 
142 956 
143 931 
144 488 
145 961 
146 613 961 
147 982 
148 985 
149 1000 
150 670 
151 940 
152 969 
153 971 
154 786 
155 984 
156 572 
157 971 
158 997 
159 948 
160 985 
161 932 
162 886 898 
163 969 
164 396 
165 997 
166 875 
167 922 
168 982 
169 956 
170 649 
171 858 
172 761 
173 869 
174 501 
175 572 
176 831 
177 922 
178 938 
179 936 
180 981 
181 997 
182 922 
183 761 
184 984 
185 852 572 
186 782 
187 936 
188 986 
189 969 
190 903 
191 985 
192 997 
193 770 
194 948 
195 556 740 
196 981 
197 993 
198 949 
199 993 922 
200 950 
201 858 
202 961 981 983 985 
203 932 971 
204 983 
205 986 
206 908 903 956 931 993 984 
207 971 
208 956 
209 948 
210 921 
211 766 
212 969 
213 761 852 
214 932 
215 940 
216 938 
217 572 
218 501 
219 984 
220 993 
221 984 
222 985 
223 770 
224 670 
225 961 
226 908 903 997 985 949 
227 931 
228 831 
229 948 
230 982 
231 782 
232 670 
233 761 983 
234 981 
235 940 
236 948 
237 752 986 948 
238 613 572 982 932 
239 740 
240 675 
241 986 
242 903 
243 913 556 572 
244 950 
245 949 
246 886 
247 427 
248 994 
249 769 
250 936 
251 948 
252 971 
253 981 556 769 982 
254 994 
255 470 572 
256 858 
257 849 
258 488 949 948 
259 886 
260 869 
261 993 
262 961 
263 949 
264 649 
265 613 949 922 
266 981 
267 940 
268 886 
269 839 
270 983 
271 831 
272 997 
273 985 
274 849 
275 982 
276 940 
277 766 
278 752 852 931 984 1000 
279 556 
280 886 
281 668 
282 922 
283 917 
284 993 
285 931 372 675 950 
286 572 
287 993 
288 898 971 
289 971 
290 556 
291 752 948 950 
292 921 
293 785 634 948 985 949 
294 938 
295 572 613 786 
296 675 
297 949 
298 675 982 1000 984 
299 898 
300 721 786 572 
301 949 
302 922 
303 501 
304 982 
305 830 
306 921 961 986 994 
307 786 
308 993 
309 922 
310 396 
311 921 
312 971 
313 986 
314 969 
315 938 
316 770 
317 950 
318 556 372 613 
319 948 
320 572 
321 556 
322 913 
323 634 
324 983 
325 961 
326 785 
327 984 
328 668 
329 858 
330 830 
331 396 
332 898 
333 372 
334 883 
335 898 
336 950 
337 956 
338 740 
339 740 
340 983 938 903 849 
341 852 
342 982 
343 675 969 
344 488 
345 986 
346 883 
347 986 
348 427 
349 982 
350 649 913 
351 908 
352 950 
353 670 
354 869 
355 985 
356 830 
357 786 
358 875 
359 613 
360 903 
361 993 
362 721 
363 982 
364 993 
365 721 
366 752 
367 922 
368 981 
369 938 
370 427 
371 830 
372 372 
373 908 
374 613 
375 719 
376 1000 
377 668 
378 675 971 
379 501 
380 961 
381 971 
382 948 
383 985 
384 913 
385 886 
386 936 634 782 
387 634 
388 938 
389 994 
390 852 
391 903 
392 921 
393 886 
394 604 
395 983 
396 396 
397 427 
398 993 
399 839 
400 1000 
401 986 
402 761 
403 634 
404 782 
405 675 572 852 
406 769 740 948 956 922 1000 
407 908 
408 830 
409 938 
410 501 
411 752 786 740 
412 766 
413 572 
414 668 
415 740 
416 719 
417 983 
418 949 
419 940 
420 858 
421 886 
422 501 
423 913 
424 785 
425 604 
426 470 
427 427 
428 940 
429 427 
430 986 
431 649 
432 613 
433 1000 
434 572 
435 852 
436 997 
437 752 
438 969 
439 922 
440 721 
441 1000 
442 766 
443 931 
444 670 
445 993 
446 948 
447 938 969 831 903 981 
448 766 
449 997 
450 994 
451 961 
452 931 
453 903 
454 950 
455 993 
456 994 
457 913 
458 372 668 831 
459 786 
460 969 
461 931 
462 969 
463 396 572 852 831 
464 983 
465 1000 
466 984 
467 981 
468 931 
469 932 
470 470 
471 922 
472 984 
473 396 
474 985 
475 770 
476 969 
477 949 
478 869 
479 766 
480 982 
481 913 
482 839 
483 613 
484 721 
485 983 
486 985 
487 931 
488 488 
489 875 
490 886 
491 936 
492 982 
493 986 
494 994 
495 721 
496 869 852 839 604 786 
497 932 
498 986 
499 994 
500 982 
501 501 
502 1000 
503 981 
504 984 
505 886 
506 936 
507 572 831 721 921 858 
508 785 
509 766 
510 971 
511 956 
512 572 
513 961 
514 949 
515 985 
516 984 852 922 985 
517 886 770 839 
518 668 
519 903 
520 396 634 994 
521 634 938 
522 613 427 740 
523 950 
524 831 
525 372 
526 949 
527 869 
528 949 
529 886 
530 488 
531 675 
532 488 
533 604 
534 886 
535 830 
536 604 770 948 
537 981 
538 572 
539 932 
540 981 634 769 961 
541 740 
542 982 
543 886 
544 852 
545 969 
546 936 
547 961 
548 981 604 950 
549 993 
550 986 
551 830 
552 470 
553 983 
554 981 
555 938 
556 556 
557 839 
558 908 670 869 921 983 
559 613 
560 932 
561 572 
562 993 572 
563 852 
564 936 
565 839 875 936 849 983 1000 
566 986 
567 613 
568 1000 
569 831 
570 849 
571 839 
572 572 
573 922 
574 634 
575 983 
576 938 
577 898 
578 981 
579 634 
580 993 
581 986 
582 950 
583 949 
584 931 
585 994 
586 886 
587 971 
588 986 
589 971 
590 785 
591 949 
592 761 
593 938 
594 883 849 936 858 983 1000 
595 921 
596 613 
597 949 
598 961 
599 971 770 719 956 984 
600 949 
601 986 
602 993 
603 668 
604 604 
605 984 
606 948 
607 849 
608 396 
609 604 740 
610 830 
611 769 
612 961 
613 613 
614 971 
615 984 
616 985 
617 770 
618 971 
619 984 
620 981 
621 830 
622 883 
623 917 
624 1000 
625 938 
626 913 782 670 898 849 938 993 
627 427 
628 903 
629 721 
630 917 
631 572 769 719 936 
632 913 
633 858 
634 634 
635 875 
636 922 
637 949 
638 984 
639 613 
640 971 
641 675 
642 501 
643 634 
644 903 
645 956 
646 908 
647 1000 
648 922 
649 649 
650 858 
651 961 
652 921 
653 898 
654 785 
655 572 
656 961 
657 931 
658 982 
659 752 
660 875 
661 993 634 470 668 613 
662 572 
663 994 
664 931 
665 949 886 670 613 931 
666 949 
667 936 
668 668 
669 938 
670 670 
671 649 
672 997 
673 613 
674 740 
675 675 
676 982 
677 961 
678 971 
679 556 
680 997 
681 649 971 785 985 949 
682 668 770 932 931 983 984 
683 993 
684 572 
685 852 
686 852 
687 903 
688 721 
689 983 
690 985 
691 971 
692 883 956 908 936 961 
693 858 
694 839 
695 852 
696 961 
697 983 
698 770 
699 1000 
700 985 
701 961 
702 858 
703 839 
704 830 
705 993 769 
706 969 
707 971 
708 938 
709 849 
710 993 938 831 936 
711 830 
712 940 
713 858 
714 949 
715 969 
716 886 372 769 917 956 
717 740 
718 769 
719 719 
720 938 761 
721 721 
722 983 
723 921 
724 993 
725 613 
726 752 
727 913 
728 993 886 572 470 
729 922 470 
730 932 984 997 
731 993 
732 913 
733 971 
734 994 
735 981 
736 719 
737 931 
738 969 770 752 396 
739 883 
740 740 
741 839 
742 869 
743 969 
744 961 
745 997 
746 849 
747 396 
748 961 
749 922 
750 668 786 961 921 670 
751 986 
752 752 
753 634 
754 956 
755 785 
756 993 
757 938 
758 766 
759 769 766 936 858 961 
760 949 
761 761 
762 886 
763 993 
764 858 
765 903 
766 766 
767 931 
768 908 
769 769 
770 770 
771 997 
772 752 
773 949 
774 931 
775 997 
776 886 634 950 913 
777 782 
778 839 
779 983 
780 956 
781 938 
782 782 
783 1000 
784 922 830 997 
785 785 
786 786 
787 634 
788 950 
789 785 
790 782 
791 938 
792 983 
793 984 
794 634 
795 1000 
796 668 
797 427 
798 903 782 
799 922 
800 634 922 556 997 
801 908 
802 984 
803 956 
804 956 
805 949 
806 971 
807 931 
808 921 
809 994 
810 922 
811 993 
812 994 
813 993 
814 932 
815 922 
816 940 
817 971 
818 982 
819 670 
820 986 
821 572 
822 883 
823 949 849 956 994 
824 938 982 
825 985 
826 572 922 1000 997 
827 830 
828 950 
829 984 
830 830 
831 831 
832 922 938 883 950 949 
833 931 
834 950 
835 922 
836 917 
837 986 
838 898 
839 839 
840 993 
841 766 
842 932 
843 984 719 
844 961 
845 675 
846 969 
847 997 
848 740 
849 849 
850 981 903 
851 982 
852 852 
853 501 761 903 971 
854 949 
855 994 
856 969 
857 993 971 913 1000 
858 858 
859 931 
860 961 
861 903 
862 886 
863 949 675 913 993 
864 983 
865 940 
866 948 
867 740 
868 913 
869 869 
870 785 849 
871 932 
872 997 
873 766 
874 740 
875 875 
876 993 
877 849 
878 1000 
879 984 
880 994 
881 950 
882 940 
883 883 
884 761 898 956 986 984 
885 994 
886 886 
887 932 
888 875 913 
889 950 
890 931 
891 950 
892 427 997 
893 994 
894 922 
895 903 
896 572 
897 849 
898 898 
899 981 
900 721 
901 985 
902 956 
903 903 
904 1000 
905 913 
906 993 
907 908 
908 908 
909 993 
910 922 886 949 721 785 981 932 950 
911 903 
912 908 
913 913 
914 1000 
915 949 921 931 997 981 1000 994 
916 986 
917 917 770 983 985 
918 993 740 922 984 981 969 986 982 
919 922 
920 922 
921 921 
922 922 
923 932 
924 986 
925 922 
926 969 
927 830 572 670 931 903 984 997 
928 994 
929 981 
930 994 
931 931 
932 932 
933 572 427 931 875 908 938 981 
934 903 
935 984 
936 936 
937 940 
938 938 
939 936 470 831 922 981 994 940 985 
940 940 
941 931 
942 956 
943 948 994 
944 997 
945 858 
946 938 
947 883 
948 948 
949 949 
950 950 
951 997 
952 501 634 936 830 971 994 938 940 
953 986 
954 994 
955 949 971 782 849 981 994 986 997 
956 956 
957 940 
958 950 
959 940 997 
960 986 
961 961 
962 903 
963 883 997 719 1000 
964 997 
965 971 869 983 985 883 908 997 
966 986 981 
967 922 
968 986 
969 969 
970 994 
971 971 
972 997 
973 1000 
974 994 
975 613 649 913 488 949 830 985 984 883 
976 1000 
977 982 
978 949 839 831 649 898 961 984 985 
979 849 913 
980 931 
981 981 983 
982 982 
983 983 
984 984 
985 985 
986 986 
987 675 949 898 721 913 971 985 969 981 
988 985 997 
989 1000 
990 993 769 886 839 961 948 981 
991 971 
992 982 949 
993 993 
994 994 
995 984 
996 993 936 898 938 981 917 969 849 985 
997 997 
998 997 
999 949 
1000 1000 
