1 859 
2 719 
3 984 
4 859 
5 880 
6 761 
7 877 
8 708 796 757 908 
9 882 
10 857 898 990 
11 963 976 898 
12 571 
13 925 
14 994 
15 981 
16 981 
17 984 
18 790 
19 880 
20 898 
21 914 
22 994 
23 965 
24 995 
25 997 
26 935 
27 997 578 922 995 
28 839 
29 935 
30 819 
31 882 
32 924 
33 997 
34 571 
35 739 
36 1000 
37 960 
38 997 
39 998 
40 882 
41 819 997 
42 925 
43 960 708 
44 995 
45 775 875 
46 1000 
47 922 
48 935 
49 960 
50 248 
51 570 
52 311 
53 958 
54 984 
55 613 
56 679 
57 935 
58 965 
59 757 
60 997 
61 922 
62 935 960 
63 957 
64 965 
65 922 
66 976 
67 935 877 839 757 
68 924 
69 850 
70 882 
71 805 
72 924 
73 766 898 935 
74 984 
75 922 
76 796 
77 994 
78 578 990 
79 932 
80 995 
81 601 
82 960 
83 719 
84 995 972 937 
85 997 
86 981 
87 932 
88 994 
89 719 578 963 
90 761 
91 880 
92 997 
93 857 
94 898 732 
95 965 
96 963 
97 963 
98 935 
99 722 
100 757 
101 937 
102 877 
103 932 
104 957 
105 679 
106 937 
107 984 790 
108 898 
109 571 
110 965 
111 997 
112 857 
113 905 
114 972 
115 957 
116 578 
117 908 
118 739 
119 571 
120 757 
121 966 
122 898 796 
123 570 
124 790 
125 732 
126 311 
127 880 
128 796 
129 984 
130 935 
131 739 
132 790 
133 1000 
134 311 976 
135 719 
136 578 
137 805 
138 994 
139 966 
140 976 
141 981 
142 859 
143 571 
144 966 
145 796 679 
146 994 
147 311 
148 922 997 
149 937 
150 924 
151 722 761 
152 997 
153 965 
154 850 
155 908 
156 965 
157 924 
158 570 
159 912 
160 965 
161 882 
162 859 
163 722 
164 957 
165 719 
166 248 766 
167 935 
168 859 
169 940 
170 905 
171 922 
172 995 
173 757 876 762 850 
174 1000 
175 925 
176 994 
177 998 
178 995 
179 963 
180 990 
181 998 
182 859 
183 960 
184 905 
185 924 
186 960 
187 719 
188 613 
189 719 
190 937 
191 998 
192 995 578 925 
193 963 
194 311 
195 984 
196 995 
197 998 
198 905 
199 775 762 
200 1000 
201 898 
202 940 
203 922 
204 976 
205 613 732 761 
206 972 
207 857 
208 995 
209 766 
210 997 
211 976 877 925 
212 876 
213 613 
214 790 
215 981 
216 912 
217 719 908 
218 875 
219 877 
220 995 
221 719 
222 966 732 
223 994 
224 882 
225 937 
226 940 
227 766 
228 311 
229 839 
230 766 761 935 
231 924 
232 311 
233 984 
234 912 
235 965 
236 998 
237 898 
238 972 
239 761 
240 708 
241 972 
242 775 
243 908 
244 898 
245 963 
246 998 
247 922 
248 248 681 
249 995 
250 732 
251 998 
252 981 
253 932 
254 882 
255 990 
256 908 
257 997 
258 601 
259 981 
260 997 
261 990 
262 877 
263 601 
264 990 
265 972 
266 997 
267 940 
268 932 
269 976 
270 679 
271 960 
272 248 
273 722 
274 957 
275 719 850 937 
276 875 
277 998 
278 898 
279 922 
280 960 925 972 981 
281 997 880 
282 613 
283 1000 
284 976 
285 925 
286 905 
287 965 
288 905 
289 995 898 
290 719 
291 732 
292 932 
293 976 766 
294 984 
295 984 
296 966 
297 681 
298 935 
299 997 
300 937 
301 937 
302 932 
303 965 
304 981 
305 1000 766 
306 976 
307 972 
308 932 
309 965 
310 922 
311 311 
312 681 
313 995 
314 719 
315 898 
316 997 
317 995 
318 805 
319 732 
320 924 
321 875 
322 965 
323 963 
324 790 775 578 859 
325 613 
326 850 
327 1000 
328 935 
329 965 
330 972 
331 981 
332 960 
333 995 
334 997 
335 990 
336 914 
337 766 
338 311 
339 972 
340 876 
341 761 766 
342 997 
343 935 
344 914 601 912 
345 805 
346 766 
347 876 
348 990 
349 571 
350 914 
351 722 
352 940 
353 963 819 877 937 
354 912 
355 905 
356 981 
357 957 
358 960 876 925 
359 578 
360 875 
361 908 
362 937 
363 570 
364 937 
365 775 
366 796 
367 994 
368 1000 
369 877 
370 965 
371 914 
372 708 
373 935 
374 775 
375 963 
376 960 
377 905 
378 819 
379 963 
380 990 912 
381 679 762 
382 998 
383 935 739 922 
384 965 
385 937 
386 997 
387 898 
388 859 
389 966 
390 1000 995 976 984 997 
391 775 
392 998 
393 976 
394 912 
395 940 
396 924 
397 924 
398 914 
399 935 
400 958 
401 984 
402 925 
403 912 
404 995 
405 882 
406 981 
407 984 
408 937 
409 963 
410 601 
411 997 679 922 976 
412 679 578 990 
413 984 
414 766 
415 925 
416 775 935 957 994 1000 908 
417 766 
418 761 
419 981 
420 965 
421 681 
422 722 
423 898 
424 1000 
425 997 
426 998 
427 708 819 
428 1000 
429 1000 
430 601 
431 679 
432 914 
433 995 
434 935 
435 981 
436 1000 
437 757 
438 880 
439 958 
440 937 
441 922 766 762 997 
442 571 
443 990 
444 805 
445 679 
446 819 
447 972 
448 995 
449 875 
450 924 
451 963 
452 994 
453 719 
454 880 
455 995 
456 790 
457 935 
458 819 
459 963 
460 571 
461 957 
462 924 
463 925 875 995 
464 875 
465 850 
466 940 
467 976 
468 995 
469 960 
470 875 
471 805 
472 850 
473 940 935 
474 963 
475 757 
476 963 
477 998 
478 775 997 679 
479 839 
480 925 
481 766 
482 898 932 972 
483 994 
484 994 
485 908 
486 960 732 
487 994 
488 908 
489 898 
490 681 
491 984 
492 972 
493 311 732 679 
494 912 
495 960 
496 880 
497 722 
498 957 
499 932 
500 1000 
501 990 
502 935 
503 719 
504 796 
505 790 
506 958 
507 905 
508 957 
509 708 
510 857 
511 908 
512 601 935 775 963 
513 796 925 914 876 859 972 
514 311 981 990 
515 722 
516 882 
517 935 
518 995 
519 981 
520 719 
521 966 
522 914 839 922 
523 966 
524 957 
525 998 
526 960 
527 990 
528 960 
529 922 
530 932 997 857 937 
531 570 
532 898 
533 875 
534 976 
535 924 
536 925 
537 981 
538 935 
539 839 
540 796 
541 819 
542 761 805 876 
543 963 
544 997 
545 935 
546 984 
547 995 
548 880 
549 925 
550 976 
551 990 
552 963 
553 935 
554 963 
555 965 
556 1000 
557 311 922 898 965 
558 796 
559 965 
560 984 
561 732 
562 940 
563 601 
564 912 
565 924 601 990 
566 998 
567 819 
568 914 
569 757 
570 570 
571 571 
572 995 
573 972 
574 805 613 790 935 
575 877 
576 898 
577 875 
578 578 
579 876 
580 966 
581 248 719 965 
582 932 
583 972 
584 857 
585 935 
586 766 
587 994 
588 775 
589 960 
590 912 880 775 1000 
591 997 
592 922 
593 819 
594 857 
595 880 
596 966 
597 990 
598 601 
599 935 
600 875 
601 601 
602 912 
603 775 
604 905 
605 932 
606 997 
607 850 
608 850 
609 998 
610 766 
611 905 
612 875 
613 613 
614 912 
615 994 
616 681 708 766 898 
617 914 
618 972 
619 722 
620 963 
621 957 
622 990 
623 935 
624 708 
625 924 
626 912 
627 976 
628 708 
629 995 
630 912 859 935 922 850 937 
631 932 722 775 
632 963 
633 935 
634 905 719 912 859 984 
635 912 708 762 898 850 
636 571 839 932 997 995 
637 940 
638 898 958 880 922 
639 984 
640 935 681 876 732 796 981 
641 790 
642 708 
643 761 
644 850 
645 875 
646 898 960 
647 905 
648 976 
649 965 
650 708 
651 966 
652 995 
653 976 
654 875 
655 990 732 880 914 966 976 1000 
656 966 
657 898 
658 957 
659 935 
660 905 
661 990 
662 990 
663 790 
664 796 
665 613 
666 937 997 880 
667 965 
668 966 
669 839 
670 922 
671 963 
672 981 
673 981 
674 1000 
675 790 
676 990 
677 679 
678 882 
679 679 
680 997 
681 681 
682 990 
683 997 
684 898 
685 905 
686 932 
687 882 
688 957 
689 681 
690 914 
691 966 
692 790 
693 976 
694 990 
695 981 
696 957 
697 882 
698 757 739 898 960 
699 908 
700 850 
701 882 
702 1000 
703 775 
704 762 
705 935 
706 994 
707 905 
708 708 
709 984 
710 775 
711 1000 
712 912 571 990 
713 719 908 
714 932 
715 958 819 
716 839 
717 796 
718 681 
719 719 
720 912 
721 839 
722 722 
723 972 997 981 
724 1000 
725 311 972 850 925 
726 762 
727 908 
728 908 796 997 
729 880 
730 859 
731 708 
732 732 
733 708 
734 976 
735 757 
736 908 
737 966 
738 957 
739 739 
740 940 
741 905 
742 708 
743 914 
744 937 
745 570 976 766 
746 762 
747 935 
748 1000 
749 924 
750 876 
751 972 
752 994 
753 876 
754 937 
755 819 
756 965 
757 757 
758 571 
759 994 
760 732 
761 761 
762 762 
763 963 
764 766 
765 908 
766 766 
767 960 
768 796 
769 972 
770 995 984 
771 990 
772 994 
773 679 613 997 990 
774 925 
775 775 
776 937 
777 997 
778 972 
779 1000 
780 248 972 775 
781 940 
782 877 
783 857 
784 994 
785 882 
786 248 925 966 937 
787 981 
788 850 
789 960 
790 790 
791 857 
792 857 
793 766 570 601 
794 994 
795 972 
796 796 
797 857 
798 908 
799 739 761 578 1000 
800 839 
801 796 
802 578 
803 914 
804 796 
805 805 
806 766 972 819 997 
807 762 
808 998 
809 995 
810 796 
811 981 
812 965 
813 966 
814 311 
815 940 875 
816 898 
817 966 
818 998 
819 819 
820 766 761 994 937 
821 681 601 990 960 925 
822 908 
823 940 
824 857 
825 981 
826 766 981 994 997 
827 960 
828 914 
829 935 248 960 937 
830 995 
831 935 995 981 
832 963 
833 898 
834 960 
835 994 
836 994 
837 957 
838 925 
839 839 
840 966 
841 990 
842 981 908 877 994 
843 966 
844 908 
845 912 
846 796 
847 877 
848 990 
849 914 
850 850 
851 732 
852 935 
853 1000 
854 882 914 570 796 922 
855 922 
856 995 
857 857 
858 935 960 937 819 719 850 
859 859 
860 912 908 963 990 997 1000 
861 876 
862 963 
863 925 
864 937 
865 990 
866 912 940 790 859 924 994 
867 722 766 762 997 
868 965 
869 940 
870 935 
871 981 
872 972 
873 922 766 937 914 
874 1000 
875 875 
876 876 
877 877 
878 935 
879 998 
880 880 
881 963 972 578 990 965 
882 882 
883 957 
884 976 
885 311 859 912 857 963 940 850 
886 766 775 681 914 940 984 
887 875 940 990 935 966 1000 
888 997 
889 859 
890 914 
891 990 
892 995 
893 839 
894 882 
895 922 
896 995 
897 935 
898 898 
899 966 
900 995 
901 997 
902 937 
903 995 
904 578 
905 905 
906 998 
907 922 
908 908 
909 850 
910 965 
911 966 
912 912 
913 998 
914 914 
915 914 
916 998 
917 775 882 875 739 935 757 981 
918 984 766 905 912 578 994 
919 984 972 912 963 990 998 
920 924 
921 976 
922 922 
923 757 722 
924 924 
925 925 
926 924 
927 976 
928 937 819 984 766 908 875 998 
929 578 965 940 762 972 990 924 984 
930 963 
931 981 
932 932 
933 990 
934 1000 
935 935 
936 997 
937 937 
938 1000 
939 957 
940 940 935 997 
941 997 
942 995 
943 981 
944 981 
945 965 
946 997 
947 960 613 972 762 966 994 
948 997 
949 914 
950 960 940 990 935 796 914 994 
951 994 
952 981 
953 963 
954 981 
955 998 
956 875 937 
957 957 
958 958 997 940 898 990 908 914 
959 850 
960 960 
961 925 
962 981 766 966 995 
963 963 
964 990 
965 965 
966 966 
967 972 994 
968 994 
969 994 
970 960 
971 963 
972 972 
973 1000 
974 995 
975 984 972 
976 976 
977 966 
978 994 
979 937 
980 1000 
981 981 
982 965 
983 997 
984 984 
985 994 
986 995 
987 998 
988 819 997 932 924 876 937 
989 908 994 
990 990 
991 898 965 940 922 912 976 998 
992 990 
993 937 
994 994 
995 995 
996 998 
997 997 
998 998 
999 981 
1000 1000 
