1 944 
2 957 
3 875 
4 773 
5 907 1000 
6 704 
7 875 
8 907 
9 848 
10 957 
11 955 
12 634 
13 926 
14 926 
15 932 
16 54 760 733 977 990 
17 283 818 999 
18 957 
19 283 468 689 930 
20 969 
21 346 
22 634 
23 611 
24 1000 
25 944 
26 704 
27 699 
28 949 
29 992 
30 569 
31 760 
32 809 
33 1000 
34 977 
35 574 
36 815 
37 574 
38 878 907 995 
39 574 
40 699 496 
41 970 
42 709 
43 468 
44 907 
45 960 
46 551 821 960 
47 496 
48 821 
49 828 
50 924 
51 852 
52 818 
53 828 
54 54 
55 878 
56 969 877 818 
57 994 
58 994 
59 551 
60 634 
61 926 
62 987 
63 955 
64 977 
65 994 
66 585 
67 944 
68 709 994 
69 999 
70 585 
71 254 
72 943 
73 932 
74 977 
75 673 
76 828 
77 733 
78 641 
79 433 995 
80 752 
81 926 
82 995 
83 585 
84 955 
85 878 
86 846 
87 930 
88 990 
89 468 733 990 
90 846 
91 488 
92 994 
93 992 
94 932 
95 875 
96 999 
97 999 
98 937 
99 283 689 
100 689 
101 551 
102 488 
103 996 
104 488 
105 811 
106 488 838 
107 1000 
108 960 
109 718 
110 846 
111 926 
112 569 
113 955 
114 689 
115 875 
116 944 
117 641 
118 789 
119 624 54 
120 1000 
121 815 
122 818 
123 987 
124 277 641 
125 283 733 821 944 
126 926 
127 930 
128 254 
129 846 977 1000 
130 924 
131 709 
132 992 
133 848 
134 955 
135 838 
136 624 815 930 818 
137 283 949 
138 585 
139 673 
140 999 
141 733 
142 992 
143 818 
144 762 
145 752 
146 990 
147 943 
148 709 
149 818 
150 977 
151 673 
152 760 
153 733 
154 346 944 818 
155 990 
156 949 
157 995 
158 752 
159 809 
160 924 
161 994 
162 569 
163 54 
164 585 
165 811 
166 878 
167 861 
168 468 
169 960 
170 969 
171 760 
172 999 
173 673 
174 955 
175 930 
176 673 
177 551 
178 932 
179 907 
180 762 
181 944 
182 907 
183 957 
184 930 
185 283 
186 433 
187 760 488 789 990 
188 1000 
189 346 1000 
190 752 
191 760 818 907 1000 
192 704 
193 926 
194 704 
195 828 
196 821 
197 718 
198 949 
199 283 
200 995 
201 838 
202 254 
203 551 
204 496 
205 809 
206 861 
207 969 
208 752 
209 937 
210 852 
211 877 
212 960 
213 733 
214 641 
215 924 
216 960 
217 970 
218 54 
219 955 
220 861 
221 990 
222 944 
223 996 
224 815 
225 878 
226 999 
227 944 
228 1000 
229 994 
230 254 
231 992 
232 704 
233 789 
234 878 
235 821 
236 994 
237 944 
238 943 
239 926 
240 996 709 54 
241 955 
242 949 
243 992 
244 990 
245 995 
246 977 
247 624 
248 937 
249 930 
250 949 
251 704 
252 673 283 
253 932 
254 254 
255 955 624 468 
256 926 
257 992 
258 718 
259 762 
260 885 
261 846 
262 885 
263 878 
264 926 611 949 
265 468 
266 955 
267 634 
268 949 
269 977 
270 878 
271 1000 
272 818 
273 999 
274 818 
275 949 
276 673 
277 277 
278 987 
279 773 
280 762 
281 994 
282 569 
283 283 
284 990 
285 585 
286 960 
287 969 
288 977 
289 932 
290 277 
291 611 
292 877 
293 992 
294 861 
295 574 
296 990 
297 957 
298 877 
299 969 
300 943 
301 949 
302 926 
303 995 
304 949 
305 949 
306 944 551 689 930 
307 949 
308 624 
309 995 
310 977 
311 828 
312 689 254 924 821 957 
313 960 
314 673 
315 907 
316 878 
317 809 
318 815 
319 346 699 811 821 
320 990 
321 992 
322 846 
323 752 
324 718 
325 641 
326 957 
327 932 
328 762 
329 718 624 773 
330 937 
331 990 
332 960 
333 54 
334 957 
335 990 
336 994 
337 848 
338 994 
339 488 773 818 994 
340 955 
341 924 
342 254 
343 254 
344 689 
345 574 709 821 930 
346 346 
347 960 
348 699 
349 944 
350 970 
351 987 
352 944 
353 818 
354 924 
355 689 
356 254 
357 907 
358 944 
359 875 
360 924 
361 999 
362 1000 
363 932 
364 611 
365 977 
366 283 818 
367 283 
368 815 
369 957 
370 877 
371 932 
372 970 
373 943 
374 699 551 907 
375 926 
376 970 
377 852 
378 969 
379 762 
380 930 
381 926 773 254 
382 957 
383 809 
384 718 
385 818 
386 944 
387 848 
388 1000 
389 585 
390 977 
391 932 
392 828 
393 999 
394 999 
395 875 
396 944 
397 1000 
398 930 
399 634 815 821 930 
400 955 
401 943 
402 955 
403 969 
404 875 
405 878 
406 861 
407 990 
408 624 944 818 
409 762 
410 969 
411 760 
412 926 
413 999 
414 718 
415 673 709 54 877 
416 852 
417 955 
418 932 
419 970 
420 468 
421 1000 
422 995 
423 673 
424 960 
425 875 
426 815 
427 861 
428 878 
429 990 
430 949 
431 937 
432 789 
433 277 433 762 
434 828 
435 569 818 955 
436 992 
437 994 
438 937 
439 818 
440 992 
441 987 
442 926 
443 992 
444 551 
445 846 
446 1000 
447 960 
448 878 
449 877 
450 990 
451 815 
452 990 
453 861 
454 995 
455 852 
456 709 
457 641 
458 752 
459 937 
460 733 
461 852 
462 821 
463 699 949 994 1000 
464 773 634 762 
465 957 
466 718 
467 930 
468 468 
469 704 
470 995 
471 762 
472 996 585 1000 
473 709 
474 990 
475 960 
476 704 
477 955 
478 960 
479 924 
480 718 
481 877 
482 789 
483 828 875 957 994 
484 996 
485 838 
486 848 
487 992 
488 488 
489 926 
490 995 
491 877 
492 641 
493 907 
494 930 
495 999 
496 496 
497 877 
498 861 
499 811 
500 992 
501 969 
502 995 
503 488 
504 957 
505 838 
506 818 
507 970 
508 878 
509 924 
510 969 
511 704 
512 926 
513 848 
514 760 
515 346 
516 846 
517 852 
518 569 54 760 848 949 
519 885 
520 937 
521 943 
522 992 
523 569 
524 969 
525 689 
526 960 551 885 861 
527 992 
528 999 
529 585 878 811 
530 943 
531 969 
532 949 
533 760 
534 937 
535 551 
536 990 
537 977 
538 977 
539 877 
540 733 
541 762 
542 957 
543 789 
544 585 878 346 
545 960 
546 848 
547 907 
548 704 
549 689 
550 704 611 346 
551 551 
552 970 
553 634 
554 811 
555 932 
556 861 
557 885 
558 704 
559 718 
560 957 
561 937 
562 818 
563 944 
564 930 
565 924 699 689 811 733 
566 960 
567 930 
568 811 
569 569 
570 949 
571 996 
572 992 
573 969 
574 574 
575 569 
576 970 
577 611 924 861 994 
578 773 
579 960 
580 818 
581 760 
582 760 718 569 762 
583 999 
584 821 
585 585 
586 569 
587 992 
588 926 821 970 992 
589 943 
590 999 
591 574 
592 699 
593 885 
594 969 
595 949 
596 885 
597 852 
598 673 990 
599 574 
600 1000 
601 760 
602 699 
603 878 
604 977 
605 733 
606 877 
607 789 
608 930 
609 468 
610 885 
611 611 
612 877 
613 977 
614 926 
615 585 
616 704 
617 624 283 699 569 54 
618 718 
619 828 
620 943 
621 718 752 733 
622 809 
623 878 
624 624 
625 970 
626 773 
627 994 
628 838 
629 611 996 569 
630 828 
631 970 
632 877 
633 852 
634 634 
635 994 
636 995 
637 821 
638 846 
639 990 
640 990 
641 641 
642 932 
643 969 
644 924 
645 995 
646 433 551 
647 254 
648 838 
649 969 
650 907 
651 718 
652 877 
653 943 
654 789 
655 634 
656 624 
657 992 
658 957 
659 992 
660 809 
661 970 
662 955 
663 673 
664 821 
665 641 
666 926 
667 704 
668 1000 
669 969 
670 994 
671 970 
672 846 
673 673 
674 992 
675 875 704 346 760 878 
676 969 
677 838 
678 960 
679 937 
680 718 704 932 
681 838 
682 957 
683 924 
684 992 
685 994 
686 995 
687 809 
688 821 
689 689 
690 957 
691 995 
692 992 
693 990 
694 828 
695 957 
696 999 
697 930 
698 846 
699 699 
700 283 
701 468 
702 574 
703 861 
704 704 
705 885 
706 346 
707 932 762 
708 994 861 
709 709 
710 957 
711 838 
712 704 932 1000 
713 878 
714 977 
715 852 
716 848 
717 762 
718 718 
719 673 
720 943 
721 789 
722 944 
723 283 
724 970 
725 907 
726 944 
727 995 
728 943 
729 957 
730 926 
731 995 
732 924 
733 733 
734 930 
735 999 
736 852 
737 924 
738 992 
739 875 
740 699 
741 949 
742 944 551 
743 611 990 994 
744 752 
745 930 
746 926 
747 488 
748 932 
749 846 
750 818 
751 949 
752 752 
753 718 
754 838 
755 994 
756 585 
757 987 878 346 773 809 
758 634 924 1000 
759 551 
760 760 
761 760 
762 762 
763 960 
764 551 
765 852 
766 689 
767 848 
768 496 762 994 
769 957 
770 943 
771 861 
772 811 
773 773 
774 704 
775 818 
776 969 
777 957 
778 569 
779 924 762 957 1000 
780 926 
781 960 
782 1000 
783 1000 
784 673 999 994 
785 468 
786 818 
787 709 
788 811 
789 789 
790 828 673 977 1000 
791 932 
792 944 
793 878 
794 937 
795 990 
796 551 
797 54 
798 821 
799 809 
800 861 
801 926 
802 811 
803 54 926 838 
804 969 
805 689 
806 877 
807 689 
808 955 
809 809 
810 878 254 709 944 
811 811 
812 907 
813 1000 
814 848 
815 815 
816 932 
817 937 
818 818 
819 673 996 957 924 
820 254 
821 821 
822 848 
823 995 
824 852 
825 937 
826 992 
827 994 
828 828 
829 969 
830 969 
831 937 
832 957 
833 852 
834 838 
835 924 
836 932 
837 977 
838 838 
839 977 
840 760 
841 838 
842 848 
843 733 
844 878 673 821 838 885 937 943 
845 878 
846 846 
847 943 
848 848 
849 969 
850 994 
851 815 718 960 999 995 994 
852 852 
853 994 
854 861 
855 957 
856 999 
857 885 
858 846 
859 733 
860 995 
861 861 
862 969 
863 960 
864 861 
865 924 
866 1000 
867 815 789 733 960 907 1000 995 
868 907 
869 999 
870 969 
871 551 
872 809 
873 970 
874 969 
875 875 
876 992 
877 877 
878 878 
879 496 283 932 907 
880 932 
881 937 
882 960 
883 885 
884 932 
885 885 
886 977 
887 574 875 762 877 930 960 907 
888 944 634 924 937 970 861 
889 634 789 957 907 955 994 
890 762 
891 875 
892 995 
893 1000 
894 992 
895 1000 
896 926 
897 907 
898 846 
899 969 
900 994 
901 957 
902 970 
903 877 
904 937 
905 848 
906 994 
907 907 
908 970 
909 932 
910 995 
911 992 
912 254 574 957 987 969 885 
913 943 
914 861 
915 838 
916 977 
917 970 
918 960 
919 977 
920 752 773 861 846 875 990 
921 877 
922 990 
923 977 
924 924 
925 995 
926 926 
927 932 
928 861 
929 1000 
930 930 
931 999 
932 932 
933 1000 
934 937 992 709 773 818 885 907 955 
935 821 
936 990 
937 937 
938 990 
939 960 
940 762 
941 969 
942 990 
943 943 
944 944 
945 990 
946 995 
947 875 551 
948 943 
949 949 
950 992 760 970 878 932 943 955 995 
951 955 
952 930 
953 944 970 846 689 821 999 990 
954 496 704 641 718 926 875 907 977 
955 955 
956 818 
957 957 
958 995 
959 995 
960 960 
961 932 861 970 977 990 994 
962 990 
963 999 
964 611 937 762 877 969 990 
965 995 
966 957 
967 999 
968 990 
969 969 
970 970 
971 585 641 944 930 762 932 995 
972 907 
973 815 878 718 969 992 960 999 994 
974 907 
975 955 
976 999 
977 977 
978 977 
979 995 
980 551 569 949 875 789 937 960 994 
981 990 
982 955 
983 1000 
984 1000 
985 995 
986 994 
987 987 752 760 949 699 955 848 1000 
988 926 488 885 809 937 955 999 
989 990 
990 990 
991 254 641 930 957 878 569 821 977 
992 992 
993 926 496 878 773 970 704 809 995 
994 994 
995 995 
996 996 878 762 718 885 699 943 995 
997 994 
998 994 
999 994 999 
1000 1000 
