1 4994 
2 4978 
3 4986 
4 4145 
5 4945 
6 4973 
7 4870 
8 4873 
9 4882 
10 4988 
11 4631 
12 4304 
13 4771 
14 4682 
15 4984 
16 4999 
17 4968 
18 3885 
19 4980 
20 4833 
21 4983 
22 4923 
23 4883 
24 4723 
25 3866 
26 4965 
27 4964 
28 4984 
29 4716 
30 4883 
31 4884 
32 4869 
33 4957 
34 4723 
35 4753 
36 5000 
37 4769 
38 4983 
39 4889 
40 4960 
41 4885 
42 3379 
43 4145 
44 4912 
45 4976 
46 4870 
47 4864 4947 4962 
48 4973 
49 4987 
50 4884 
51 4973 
52 4960 
53 4862 
54 4532 
55 4753 
56 4757 
57 4954 
58 4815 
59 4950 
60 4782 
61 4823 4954 4771 
62 4983 
63 4959 4863 
64 4972 
65 4977 
66 4878 
67 4972 4758 
68 4923 
69 4958 
70 4440 
71 4941 
72 3885 
73 4864 4947 
74 4939 
75 4947 
76 4924 
77 4923 
78 4958 
79 4859 
80 4916 
81 4757 
82 3091 4771 
83 4870 
84 4873 
85 4973 
86 2929 
87 4999 
88 4996 
89 4618 
90 4941 
91 4682 4874 
92 4989 
93 4978 
94 4386 
95 4996 
96 4895 
97 4961 
98 4682 4938 4935 
99 4823 4983 
100 4859 
101 4882 
102 4938 
103 4993 
104 4769 
105 4999 
106 4682 
107 4854 4965 
108 4087 
109 4874 
110 4882 
111 4974 
112 4988 
113 4383 
114 4961 
115 4550 
116 4413 
117 3927 4634 4777 
118 3885 4112 
119 4885 
120 4996 
121 4882 
122 4631 
123 4961 4962 
124 4882 
125 2929 
126 4947 
127 4513 4663 4965 
128 4087 
129 4977 
130 4859 
131 4862 
132 4870 
133 4976 
134 4974 
135 4118 
136 4993 
137 4424 4699 
138 4823 
139 4386 
140 4878 
141 4827 
142 4911 
143 4870 4799 
144 4873 
145 4944 
146 4870 
147 4964 
148 4950 
149 4815 
150 4916 
151 3885 4863 4944 
152 4236 3983 
153 4957 
154 4869 
155 4905 
156 4383 
157 4827 
158 4413 
159 4932 
160 4452 
161 4799 
162 5000 
163 4939 
164 4769 
165 4833 
166 4983 
167 4647 
168 2023 
169 4872 
170 4984 
171 4854 
172 4863 
173 4192 
174 3371 
175 4964 
176 4973 
177 4751 
178 4974 
179 4757 
180 4162 
181 4973 
182 4885 
183 4782 
184 3428 4935 
185 4198 
186 4912 
187 4947 
188 3949 
189 4424 
190 4864 
191 4874 
192 4859 
193 4993 
194 4118 
195 4145 
196 4663 
197 4984 
198 4962 
199 4833 
200 4869 
201 4987 
202 4873 
203 4945 
204 4960 4540 
205 4895 
206 4973 
207 4782 
208 4723 
209 4996 
210 4945 
211 4941 
212 4882 4972 
213 4878 
214 4827 
215 4753 
216 4551 
217 4923 
218 4873 
219 3676 4978 
220 4935 3927 4863 
221 4958 
222 4960 
223 4932 
224 4618 
225 4975 
226 4984 
227 2595 
228 4884 
229 4699 
230 3685 
231 4878 
232 4524 
233 4878 
234 4965 
235 4988 
236 4989 
237 4827 
238 4663 
239 4383 
240 4874 
241 4944 
242 4755 
243 4989 
244 3885 4951 
245 4947 
246 4965 
247 4965 
248 4884 
249 4935 
250 4972 
251 4619 
252 4882 
253 3676 
254 4413 4022 4923 
255 4932 
256 4554 
257 4758 
258 5000 
259 4145 
260 4957 
261 4554 
262 4716 
263 4980 
264 4978 4935 4941 
265 1786 
266 4960 4878 
267 4236 
268 4540 
269 5000 
270 4908 
271 4941 
272 4988 
273 4872 
274 5000 
275 4540 
276 4833 
277 4550 
278 3428 
279 4958 
280 4984 
281 4753 
282 4961 
283 4961 
284 3866 
285 4883 
286 4962 
287 4755 
288 4980 
289 4145 
290 4863 4961 4994 
291 4724 4840 
292 4757 
293 4863 
294 4972 
295 4977 
296 4524 
297 4198 
298 4999 
299 4980 
300 4951 
301 4944 
302 4874 
303 4840 
304 4862 
305 4965 
306 2023 
307 4916 
308 4994 
309 4954 
310 4895 
311 4954 
312 4938 
313 4957 
314 4983 
315 4972 
316 4878 
317 5000 
318 3866 
319 4988 
320 4758 
321 4862 
322 4939 
323 4975 
324 4977 
325 4859 
326 4976 
327 4827 
328 4999 
329 4923 
330 4884 
331 4944 
332 4994 
333 4913 
334 1786 
335 4938 
336 4948 
337 4951 
338 4983 
339 4682 
340 4964 
341 4682 
342 4863 
343 4782 
344 4864 
345 4964 
346 4864 4882 
347 4840 
348 4996 
349 2023 
350 4236 
351 4413 
352 3676 
353 4757 
354 4980 
355 4976 
356 4535 
357 2190 
358 4958 5000 3699 
359 3885 
360 4993 
361 4304 
362 4913 
363 4996 
364 4682 
365 4815 
366 4974 
367 4938 
368 4978 
369 4980 
370 3685 
371 4950 
372 4424 
373 4524 
374 4975 
375 4399 
376 4972 
377 4951 
378 5000 
379 4753 
380 4498 
381 4192 
382 4951 
383 4977 
384 5000 
385 4535 
386 4978 
387 4895 
388 3676 4988 
389 4895 
390 4975 
391 4524 
392 4972 
393 4957 
394 4699 
395 3866 
396 2190 
397 4895 
398 4947 
399 4383 
400 4769 
401 4993 
402 4618 
403 4087 4440 
404 4965 
405 4872 
406 4978 
407 4869 
408 4071 3983 
409 4925 
410 4924 
411 4905 
412 4882 
413 4941 
414 4948 
415 4945 
416 4878 
417 4022 
418 4944 
419 4878 
420 4112 
421 2190 
422 2190 4777 
423 4859 
424 4935 
425 4965 
426 4973 
427 4990 
428 4974 
429 4951 
430 4112 
431 3346 
432 4854 
433 4961 4990 
434 4771 
435 4912 
436 4958 
437 4755 
438 4912 
439 4757 4948 4965 
440 4813 
441 4498 
442 4983 
443 4974 
444 4935 
445 3866 
446 4908 
447 4945 
448 4823 
449 4958 
450 4386 
451 4954 
452 4634 
453 4961 
454 4619 
455 4699 
456 4976 
457 4112 
458 4923 
459 4913 
460 4950 
461 4972 
462 4958 
463 4885 
464 3379 
465 4668 
466 4965 
467 3428 
468 4236 4535 
469 4840 
470 4983 
471 1786 
472 4895 
473 4118 
474 4994 
475 4964 
476 4950 
477 4986 
478 4974 
479 4869 
480 4757 
481 4854 
482 4978 
483 4889 
484 4947 
485 4873 
486 4961 
487 4884 
488 4647 
489 4976 
490 3699 4948 
491 4993 
492 4236 
493 4022 
494 4869 
495 4994 
496 4782 
497 4864 
498 988 
499 4682 
500 4947 
501 4753 
502 4870 
503 4716 4854 4990 
504 4864 
505 4413 
506 4823 
507 3428 
508 4978 
509 4983 
510 4939 
511 4974 
512 4961 
513 4993 
514 4859 
515 4996 
516 4872 
517 4724 
518 4941 
519 4994 
520 4984 
521 4668 
522 4758 
523 4682 
524 4869 
525 3927 
526 4878 
527 4863 
528 3908 
529 4916 4815 
530 4973 
531 4984 
532 4668 
533 4954 
534 4990 
535 4668 
536 4932 
537 4022 
538 4863 4975 
539 4993 
540 4977 
541 4972 
542 4813 
543 4864 
544 3908 
545 2929 
546 4980 
547 4532 
548 4386 
549 4885 
550 4870 
551 4889 
552 4972 
553 4986 
554 4869 
555 4989 
556 4304 
557 4022 
558 4386 
559 4959 
560 4923 
561 4682 
562 4951 
563 4524 
564 4383 
565 4724 
566 4932 
567 4945 
568 4950 4945 
569 4935 
570 4924 4882 
571 4994 
572 4932 
573 4758 
574 4994 
575 4975 
576 4994 4950 
577 4988 
578 4913 
579 4864 
580 4753 
581 4870 
582 2595 
583 4958 
584 4924 
585 4947 
586 4513 
587 4958 
588 4468 
589 4972 
590 4961 
591 4513 
592 3379 
593 4973 4118 
594 4878 
595 4951 
596 4145 
597 4399 
598 4870 
599 4878 
600 4989 
601 4874 
602 4951 
603 4087 
604 4916 
605 4498 
606 4827 
607 4840 
608 4513 
609 4950 
610 4869 
611 4753 
612 4948 
613 4961 
614 4682 
615 4870 
616 4972 
617 4884 4440 
618 4908 
619 4947 
620 4813 
621 4870 
622 4924 
623 4958 
624 4984 
625 4882 
626 4975 
627 4986 
628 4424 
629 4947 
630 4980 
631 4911 
632 4386 
633 4663 
634 4957 
635 2023 
636 4983 
637 4924 
638 4983 
639 3927 
640 4716 
641 4935 
642 3428 
643 4859 
644 4911 
645 4399 
646 4771 
647 3927 
648 4823 
649 4923 
650 4973 
651 4951 
652 4682 
653 4968 
654 4112 
655 3351 
656 4863 
657 4959 
658 4885 
659 4799 
660 4939 
661 4939 
662 4975 
663 4983 
664 4932 
665 4813 
666 4954 
667 4972 
668 4950 
669 4983 
670 2929 
671 4945 
672 4968 
673 4980 
674 4874 
675 4771 
676 4976 
677 3983 
678 4916 
679 3351 
680 4976 4771 
681 4827 
682 4977 
683 4989 4751 
684 4951 
685 4994 
686 4938 
687 4895 
688 4954 
689 4989 
690 3949 
691 4923 4452 
692 4941 
693 4192 
694 4386 
695 4813 
696 4976 
697 4951 
698 4771 
699 4905 
700 3885 
701 4950 
702 3379 
703 4869 
704 4724 
705 4873 
706 4535 
707 4513 
708 4236 
709 4976 
710 4965 
711 4864 
712 4996 
713 4884 
714 4874 
715 4771 
716 4827 4813 
717 4874 
718 4884 
719 3927 
720 4974 
721 4965 4882 
722 4941 
723 4939 
724 4994 
725 4823 
726 4145 
727 4945 
728 4619 
729 2595 
730 4663 
731 4751 
732 4878 4980 
733 4923 
734 4883 
735 4905 
736 4870 
737 4755 4757 
738 4703 
739 4769 
740 4882 4978 4883 
741 3856 
742 4864 
743 4961 
744 4924 
745 4994 
746 4984 
747 4960 
748 4957 
749 4771 
750 4799 
751 4951 2190 
752 4863 
753 4498 
754 3866 
755 4983 
756 4923 
757 3428 
758 4823 
759 4869 
760 4960 
761 4935 
762 4974 
763 4980 
764 4022 
765 4889 
766 4699 
767 4452 
768 4884 
769 5000 
770 4424 
771 4938 
772 2595 
773 4145 
774 4965 
775 4884 
776 4978 
777 4916 
778 4945 
779 4755 
780 4941 
781 4958 
782 4975 
783 4984 
784 4424 
785 4551 4959 
786 4932 
787 3346 
788 4878 
789 5000 
790 4939 
791 4988 
792 4978 
793 4723 
794 4911 
795 3866 
796 4932 
797 4954 
798 4815 
799 4987 
800 4815 
801 4882 
802 4884 
803 4951 
804 4990 
805 3371 
806 4192 4976 
807 4682 
808 988 
809 4386 
810 4751 
811 4941 
812 3091 
813 4938 
814 4947 
815 1786 
816 4951 
817 4524 
818 5000 
819 4951 3699 
820 4399 
821 4874 
822 4870 
823 4932 
824 4976 
825 4753 
826 4959 4699 4878 
827 4959 
828 4965 
829 3908 
830 4162 
831 4869 
832 3346 
833 4631 
834 4631 
835 4889 
836 4889 
837 4699 
838 4757 
839 4813 
840 4883 
841 4870 
842 4984 
843 4983 
844 1786 
845 4682 
846 4912 
847 4668 
848 4976 
849 4550 
850 4948 
851 4962 
852 4965 
853 4550 
854 4885 
855 3856 
856 4198 
857 4938 
858 1786 4112 
859 4782 
860 4535 
861 4983 
862 4833 
863 4996 
864 4923 
865 4859 
866 4968 
867 4682 
868 4978 
869 3379 
870 4968 
871 4304 
872 4954 
873 4145 
874 3351 
875 4941 
876 4813 
877 4699 3885 4162 
878 4948 
879 4895 
880 4895 
881 4975 
882 4976 
883 4960 
884 4699 
885 4976 
886 4532 
887 4815 4757 
888 4923 
889 4973 
890 4990 
891 4631 
892 4087 
893 3676 
894 4941 
895 4703 
896 4988 
897 4989 
898 4723 
899 4862 
900 3091 
901 4932 
902 4799 
903 4923 
904 4960 4440 
905 4863 
906 4087 
907 3866 
908 3676 3699 4771 
909 4974 
910 5000 4959 
911 4958 
912 4071 
913 4973 
914 4859 
915 4813 
916 4753 
917 4974 
918 4986 
919 4916 
920 4618 
921 4984 
922 2023 
923 2929 4777 
924 4724 
925 4977 
926 4883 
927 4535 
928 4882 
929 4999 
930 4983 
931 4935 
932 1786 
933 4513 
934 4813 
935 4771 
936 4854 
937 4964 
938 4753 
939 4883 
940 4112 
941 4452 
942 4162 
943 4813 
944 4716 
945 4724 4988 
946 4869 
947 4703 
948 4883 
949 4663 
950 4872 
951 4965 4162 
952 4958 
953 4973 4989 
954 4859 
955 2929 
956 4874 
957 4647 
958 4978 
959 4913 4932 
960 4192 
961 4634 
962 4935 
963 1786 
964 4983 
965 4854 
966 4945 
967 4925 
968 4999 
969 4968 4870 4935 
970 4993 
971 4986 
972 4631 
973 4005 
974 4905 
975 4883 
976 4939 
977 4870 
978 4947 
979 4974 
980 4923 
981 4236 
982 3685 
983 4993 
984 4895 
985 4884 
986 4989 
987 4631 
988 988 
989 4913 
990 4977 
991 3927 
992 4878 
993 4162 
994 4974 
995 4682 
996 3091 
997 4884 
998 4799 
999 4823 
1000 4870 
1001 4994 
1002 4924 
1003 4916 
1004 4087 
1005 4751 
1006 4724 
1007 4987 
1008 4863 4973 
1009 4304 
1010 4999 
1011 4965 
1012 4978 
1013 4882 
1014 4978 
1015 4468 
1016 4913 
1017 4498 
1018 4951 
1019 4958 
1020 4974 
1021 4452 
1022 4236 
1023 2595 
1024 4951 2595 
1025 4863 
1026 4959 
1027 4236 
1028 5000 
1029 4935 
1030 5000 
1031 4944 
1032 4925 
1033 4884 4935 
1034 4948 
1035 4957 
1036 4112 
1037 4972 
1038 4647 
1039 4864 
1040 4833 
1041 4882 
1042 4939 
1043 4827 
1044 4975 
1045 4870 
1046 3351 
1047 3908 
1048 4813 
1049 4972 
1050 4815 
1051 4862 
1052 4975 
1053 4440 
1054 4961 
1055 4498 
1056 4923 
1057 4965 
1058 4864 4908 
1059 4883 
1060 3379 
1061 4965 
1062 3371 
1063 1786 
1064 4916 
1065 4118 
1066 4989 
1067 4777 
1068 4540 
1069 2929 
1070 4908 
1071 4973 
1072 4198 
1073 4984 
1074 4682 
1075 4304 
1076 4989 
1077 1786 
1078 4815 
1079 3428 
1080 4948 
1081 2929 
1082 3927 
1083 4965 
1084 2023 
1085 4994 
1086 4112 
1087 4771 
1088 4840 
1089 4905 4923 
1090 4993 
1091 4958 
1092 4913 
1093 4532 3351 
1094 4813 
1095 4682 
1096 4878 
1097 4885 
1098 4870 
1099 4815 
1100 4974 
1101 3676 
1102 4950 
1103 4925 
1104 4938 
1105 3699 
1106 4862 
1107 4386 
1108 4941 
1109 5000 
1110 4882 
1111 4987 
1112 4916 
1113 4958 
1114 4840 
1115 4913 
1116 4911 
1117 4618 
1118 4854 
1119 4987 
1120 4960 
1121 4872 
1122 4413 
1123 4071 
1124 4957 
1125 4236 4682 
1126 4951 
1127 4989 
1128 4022 
1129 4884 4951 
1130 4959 
1131 1786 
1132 4532 
1133 4873 
1134 4947 
1135 4983 
1136 4983 
1137 4663 
1138 4424 4878 
1139 4924 
1140 4957 
1141 4889 
1142 4941 
1143 4996 
1144 4833 
1145 4878 
1146 4987 
1147 4468 
1148 4935 
1149 4440 
1150 4951 
1151 4771 
1152 4869 
1153 4399 
1154 4999 4873 4908 
1155 4383 
1156 4799 
1157 4882 
1158 4777 
1159 4958 
1160 4945 
1161 4699 
1162 4973 
1163 4840 
1164 4162 4941 
1165 4994 
1166 4911 
1167 4973 
1168 4923 4978 
1169 4951 
1170 4986 
1171 4939 
1172 4198 
1173 4716 
1174 4236 
1175 3428 
1176 4863 
1177 4878 
1178 4815 
1179 4978 
1180 4976 
1181 4884 4913 
1182 4862 
1183 3885 
1184 5000 
1185 4978 
1186 4755 
1187 4452 
1188 4468 4513 
1189 4236 
1190 4813 
1191 4939 
1192 4862 
1193 4699 
1194 4990 
1195 4755 
1196 4938 
1197 4771 
1198 4965 
1199 4864 
1200 4815 
1201 4923 
1202 4751 
1203 4923 
1204 4870 
1205 4977 
1206 4964 
1207 4682 
1208 4948 
1209 4990 
1210 2236 
1211 4198 
1212 4986 
1213 4878 
1214 4889 
1215 4916 
1216 4912 
1217 4815 
1218 4883 
1219 4703 
1220 4753 
1221 4751 
1222 4859 4873 4957 
1223 4905 
1224 4383 
1225 3856 
1226 4951 
1227 4961 
1228 4964 
1229 4999 
1230 4924 
1231 4950 
1232 4957 
1233 4975 
1234 4975 
1235 3927 
1236 4975 
1237 4192 
1238 4988 
1239 4988 
1240 4996 
1241 4192 
1242 4885 
1243 4870 
1244 4976 
1245 4989 
1246 4399 
1247 4973 
1248 4634 
1249 3983 
1250 4022 
1251 4884 
1252 4753 
1253 4932 
1254 4983 
1255 4951 4984 
1256 4983 
1257 4895 
1258 2929 
1259 4980 
1260 4873 4911 4994 
1261 4854 
1262 4878 
1263 4947 
1264 4945 
1265 4413 
1266 4895 
1267 4682 
1268 4869 
1269 3371 
1270 4682 
1271 4535 
1272 2929 
1273 4939 
1274 4960 
1275 4975 
1276 4813 
1277 4938 
1278 4399 
1279 4145 
1280 5000 
1281 4777 
1282 4087 
1283 4973 
1284 4976 
1285 4958 
1286 4864 
1287 4532 
1288 4118 
1289 4859 
1290 4668 
1291 4911 
1292 4905 
1293 3428 
1294 4951 
1295 4965 
1296 4551 
1297 4782 
1298 4535 
1299 4682 
1300 4976 
1301 4823 
1302 4972 
1303 4905 
1304 4984 
1305 4923 
1306 4994 
1307 4823 
1308 3927 
1309 4304 
1310 4513 
1311 4968 
1312 4753 
1313 4753 4771 
1314 4983 
1315 4005 
1316 4994 
1317 4755 
1318 4753 
1319 4815 
1320 4813 
1321 4976 
1322 4958 
1323 5000 
1324 4815 
1325 4647 
1326 4663 
1327 4980 
1328 4668 
1329 4973 
1330 4944 
1331 3351 
1332 4983 4782 
1333 4908 
1334 4965 
1335 4965 
1336 4935 
1337 4413 
1338 4864 
1339 4236 
1340 4923 
1341 4980 
1342 4958 
1343 4882 
1344 4859 
1345 4304 
1346 4631 
1347 4975 
1348 4513 
1349 4873 
1350 4978 
1351 4682 
1352 4895 
1353 4954 
1354 4986 
1355 4885 
1356 4961 
1357 4071 
1358 4913 
1359 4923 
1360 4978 
1361 4703 
1362 4118 
1363 4964 
1364 4854 
1365 4938 
1366 4872 
1367 4452 
1368 4974 
1369 4854 
1370 4984 
1371 4872 
1372 4005 4782 4958 4833 
1373 4859 
1374 4882 
1375 4959 
1376 2929 
1377 4941 
1378 4872 
1379 4975 
1380 4978 
1381 3676 
1382 4872 
1383 3676 
1384 4951 
1385 4753 
1386 4958 
1387 4988 
1388 3346 
1389 4440 
1390 4973 
1391 4954 
1392 4827 
1393 4978 4854 4941 
1394 4989 
1395 4399 3091 
1396 4932 
1397 4663 4869 
1398 4468 
1399 4983 
1400 4976 
1401 4864 
1402 4983 
1403 4118 
1404 4874 
1405 4962 
1406 4535 
1407 4913 
1408 4951 4663 4948 
1409 4870 
1410 4854 
1411 2023 
1412 4968 
1413 4757 
1414 4976 
1415 4932 
1416 4823 
1417 4699 
1418 3856 
1419 4550 
1420 4071 
1421 4999 
1422 4951 4965 3346 
1423 4965 
1424 5000 
1425 4972 
1426 4945 
1427 4771 
1428 2929 
1429 4386 
1430 4916 
1431 4996 
1432 4980 
1433 4813 
1434 4964 
1435 4961 
1436 4823 
1437 4916 
1438 4994 
1439 4751 
1440 3428 
1441 4990 
1442 4983 
1443 4878 
1444 4908 
1445 4864 
1446 4399 
1447 4753 3866 4647 
1448 4869 
1449 4999 
1450 4972 
1451 4976 
1452 4755 
1453 4974 
1454 4959 
1455 4948 
1456 4988 
1457 4944 
1458 4874 
1459 4923 
1460 4980 
1461 4972 
1462 2929 
1463 4983 
1464 4535 
1465 4468 
1466 4994 
1467 4976 4959 
1468 4399 
1469 4935 
1470 4813 
1471 4751 
1472 3346 
1473 4938 3379 
1474 4882 
1475 4983 
1476 5000 
1477 4923 
1478 3346 
1479 4941 
1480 4944 
1481 4972 
1482 4911 
1483 4873 
1484 4935 
1485 4813 
1486 3428 
1487 4634 
1488 4945 
1489 4882 
1490 4947 
1491 4771 
1492 3927 
1493 2595 
1494 4723 
1495 4923 
1496 4751 
1497 4958 
1498 4957 
1499 4973 
1500 4983 
1501 3885 4631 
1502 4993 
1503 4993 
1504 3908 4948 4631 4872 
1505 4087 
1506 4799 
1507 4874 
1508 4872 
1509 4984 
1510 4304 
1511 4993 
1512 4993 
1513 4724 
1514 4815 
1515 4703 
1516 4757 
1517 4815 
1518 4950 
1519 4988 
1520 4874 
1521 3908 
1522 4980 
1523 4883 
1524 4618 
1525 4908 
1526 4859 
1527 4990 
1528 4916 
1529 4951 
1530 4071 
1531 4989 
1532 4870 
1533 4753 
1534 4682 
1535 4961 
1536 3885 
1537 4984 
1538 4996 
1539 4980 
1540 4993 
1541 4524 
1542 4980 
1543 4984 4304 
1544 4944 
1545 4947 
1546 4870 
1547 4799 
1548 4751 
1549 4978 
1550 4987 
1551 3428 4972 4895 
1552 4304 
1553 4973 
1554 4889 
1555 4983 
1556 4905 
1557 4965 
1558 4923 
1559 1786 
1560 4703 
1561 4941 
1562 4993 4965 4923 
1563 4840 
1564 4999 
1565 4951 
1566 4994 
1567 3885 
1568 4413 
1569 4924 
1570 4973 
1571 4945 
1572 4993 
1573 4959 
1574 4958 
1575 4815 
1576 4983 
1577 4087 
1578 4882 4162 
1579 4198 
1580 4383 
1581 4944 
1582 4972 
1583 4925 
1584 4984 
1585 4440 
1586 4972 
1587 4198 
1588 4532 
1589 4777 
1590 4935 
1591 4961 
1592 4923 
1593 4958 
1594 4972 
1595 4863 
1596 4973 
1597 4999 
1598 4965 
1599 2929 
1600 4957 
1601 4413 
1602 4071 
1603 4895 
1604 4869 
1605 4882 
1606 4987 
1607 4757 
1608 4964 
1609 4777 
1610 4941 
1611 4755 4424 
1612 4874 4870 3927 
1613 4916 
1614 4883 
1615 4916 
1616 4976 
1617 4983 
1618 2929 
1619 4976 
1620 4954 
1621 4883 
1622 4984 
1623 4990 
1624 4840 4823 
1625 4854 
1626 4911 4071 4112 
1627 4878 
1628 4954 
1629 4923 
1630 4977 
1631 4987 
1632 4813 
1633 4619 
1634 4799 
1635 4550 
1636 4682 
1637 4984 
1638 4961 
1639 4978 
1640 4870 
1641 4769 
1642 4551 
1643 4895 
1644 3885 3856 
1645 4882 
1646 4989 4951 4440 
1647 4758 
1648 4022 4863 
1649 4978 
1650 3983 
1651 4884 
1652 4889 
1653 4869 
1654 4958 
1655 4944 
1656 4951 
1657 4916 
1658 4751 
1659 4975 
1660 4878 
1661 4452 
1662 4554 
1663 4757 
1664 2929 
1665 4974 
1666 4663 
1667 4699 
1668 4959 
1669 4895 
1670 4965 
1671 4878 4399 
1672 4162 
1673 3428 
1674 4873 
1675 4993 4983 
1676 4663 
1677 4951 
1678 4968 
1679 4983 4916 
1680 4944 3346 
1681 2236 
1682 4757 
1683 4990 1786 4912 
1684 4954 
1685 4771 
1686 4941 
1687 4973 
1688 3346 4882 
1689 4961 
1690 4840 
1691 4989 
1692 4882 
1693 4972 
1694 4983 
1695 5000 
1696 4724 
1697 4870 
1698 4758 
1699 4840 
1700 4948 
1701 4984 
1702 4984 
1703 4145 
1704 4399 
1705 5000 
1706 4192 
1707 4777 
1708 3371 4972 
1709 4999 
1710 4769 
1711 4885 
1712 4874 
1713 4912 
1714 4950 
1715 4932 
1716 4941 
1717 4941 
1718 4999 
1719 4916 
1720 4663 
1721 4908 
1722 4912 
1723 4965 2929 
1724 4959 
1725 4870 
1726 4769 
1727 4005 
1728 4631 
1729 3866 
1730 4996 
1731 3685 4854 
1732 4941 
1733 4870 
1734 4923 
1735 4989 
1736 4954 
1737 4965 
1738 4236 
1739 2023 
1740 4399 
1741 4993 
1742 4912 
1743 4145 4304 
1744 4862 
1745 4965 
1746 4399 
1747 4703 
1748 4551 
1749 4958 
1750 4757 
1751 4961 
1752 4162 
1753 4724 
1754 4965 
1755 4198 4958 4947 
1756 4551 
1757 4551 
1758 4987 
1759 4870 
1760 4972 5000 
1761 4663 
1762 4965 
1763 3351 4923 
1764 4975 
1765 4145 4777 
1766 3346 
1767 4854 
1768 4882 
1769 4941 
1770 4386 
1771 3428 
1772 4840 
1773 4961 
1774 4951 
1775 4996 
1776 4827 4976 4551 
1777 4823 
1778 4932 
1779 4958 
1780 4925 
1781 4994 
1782 4976 
1783 5000 
1784 4870 
1785 4996 
1786 1786 
1787 4863 
1788 4958 
1789 4777 
1790 4112 4878 4145 
1791 4976 
1792 4682 
1793 4977 
1794 4935 
1795 4913 
1796 4911 4513 
1797 4975 
1798 4947 
1799 4959 
1800 4859 
1801 4993 4005 
1802 4424 
1803 4452 
1804 4925 
1805 4870 
1806 4869 
1807 4923 
1808 4939 
1809 4947 
1810 4993 
1811 4988 
1812 4854 
1813 4236 
1814 4938 
1815 4976 
1816 2929 
1817 4532 
1818 4951 4647 
1819 4941 
1820 4162 
1821 4925 
1822 4682 3699 
1823 4551 
1824 4753 
1825 4958 
1826 4878 
1827 4758 
1828 4964 
1829 4976 
1830 4960 
1831 4911 
1832 4535 3379 
1833 4386 
1834 4873 
1835 4978 
1836 4862 
1837 4771 
1838 4859 
1839 4751 
1840 4984 
1841 4468 
1842 3885 
1843 4874 
1844 4923 4535 
1845 4771 
1846 4972 
1847 4424 
1848 4950 
1849 4873 
1850 3885 
1851 4988 4771 4192 
1852 4682 
1853 4965 
1854 4978 
1855 4889 
1856 4535 
1857 4984 
1858 4905 
1859 4916 4682 
1860 4554 
1861 3371 
1862 4983 
1863 4863 
1864 4983 
1865 4885 
1866 4870 
1867 4755 
1868 4959 
1869 4236 
1870 4977 
1871 4424 
1872 4682 
1873 4994 
1874 4960 
1875 4862 
1876 4864 4945 4873 
1877 4827 
1878 3866 
1879 4994 
1880 4977 
1881 4958 
1882 4905 
1883 4005 
1884 4699 
1885 4751 
1886 4916 4961 
1887 4682 
1888 4399 
1889 4958 4551 4777 
1890 4950 
1891 4972 
1892 4870 
1893 3908 4782 
1894 4964 
1895 4945 
1896 4959 
1897 4959 
1898 4961 
1899 4951 
1900 3927 
1901 4882 
1902 4976 
1903 4878 
1904 4869 
1905 4699 
1906 4782 
1907 4973 
1908 4699 
1909 4965 
1910 3927 
1911 4833 
1912 4989 
1913 4869 
1914 4924 
1915 4976 
1916 4996 
1917 4977 
1918 4859 
1919 4862 
1920 4951 
1921 4947 
1922 4950 4864 4938 4990 
1923 4668 
1924 4854 
1925 3371 
1926 4973 
1927 4145 
1928 4468 
1929 4947 
1930 4948 
1931 4874 
1932 4724 
1933 4984 
1934 4535 
1935 4912 
1936 4972 
1937 3091 
1938 4758 
1939 4022 
1940 4968 
1941 4424 
1942 4951 
1943 4999 
1944 4771 
1945 4535 
1946 4112 
1947 4647 
1948 4723 
1949 4965 
1950 4833 
1951 4983 
1952 2929 
1953 4532 
1954 4724 
1955 4631 
1956 4980 
1957 4957 
1958 4668 
1959 4959 
1960 4869 
1961 4999 
1962 4864 
1963 3676 
1964 4989 
1965 4889 
1966 4990 
1967 3346 
1968 4924 
1969 4978 
1970 4990 
1971 3856 
1972 4383 
1973 4947 
1974 4554 3983 4925 4978 4799 
1975 3371 
1976 4386 
1977 4827 
1978 4950 
1979 4386 
1980 4951 
1981 4912 
1982 4777 
1983 4986 
1984 4924 
1985 4862 
1986 4993 
1987 4932 
1988 4945 
1989 4959 
1990 4118 
1991 4913 
1992 4540 
1993 4751 
1994 4663 
1995 4941 
1996 4872 
1997 4162 
1998 4939 
1999 2023 
2000 4978 
2001 4923 4145 
2002 4987 
2003 4758 
2004 4913 4908 
2005 3908 
2006 4965 
2007 3927 
2008 4988 
2009 4863 
2010 4883 
2011 4984 
2012 4968 
2013 4965 
2014 4961 
2015 4947 
2016 4723 
2017 4983 
2018 4916 
2019 4988 
2020 4883 
2021 4984 
2022 4965 
2023 2023 
2024 4993 
2025 4923 
2026 4990 
2027 4554 
2028 4864 
2029 4924 
2030 4863 
2031 4724 
2032 4932 4993 4864 
2033 4882 
2034 4948 
2035 4947 
2036 4958 
2037 4524 
2038 4716 
2039 4911 
2040 4769 
2041 4870 
2042 4112 
2043 4550 
2044 4386 
2045 3091 
2046 4973 
2047 3685 
2048 4951 4983 4908 
2049 4863 
2050 3428 
2051 4863 
2052 4874 
2053 4634 
2054 4895 
2055 4758 
2056 4631 
2057 4976 
2058 3885 
2059 4932 
2060 4944 
2061 4440 
2062 4961 
2063 3371 
2064 4304 
2065 4976 
2066 4944 
2067 3346 
2068 4872 
2069 4864 
2070 4757 
2071 3927 
2072 4827 
2073 4145 
2074 4984 
2075 4827 
2076 4535 
2077 4911 
2078 4859 
2079 3428 
2080 4878 
2081 4755 
2082 4951 
2083 4980 
2084 3885 
2085 4973 
2086 3371 
2087 4916 
2088 4976 
2089 4973 
2090 4304 
2091 4145 
2092 4513 
2093 4965 4975 4945 4870 
2094 4162 
2095 4799 
2096 4878 
2097 4716 
2098 4951 
2099 4827 
2100 4973 
2101 4951 
2102 5000 
2103 4777 
2104 4383 
2105 4758 4889 
2106 4859 
2107 3927 
2108 4980 
2109 4961 
2110 4968 
2111 4978 
2112 4895 
2113 4923 
2114 3346 
2115 4870 
2116 4951 
2117 4990 
2118 4874 
2119 4699 
2120 4984 
2121 4974 
2122 4996 
2123 4945 
2124 4022 
2125 4716 
2126 4951 
2127 4383 
2128 4663 
2129 4383 3428 
2130 4071 2236 
2131 4978 
2132 4999 
2133 4911 
2134 4935 4972 4916 
2135 4957 
2136 4954 
2137 4988 
2138 4911 
2139 3856 
2140 4883 
2141 4932 
2142 4975 
2143 4959 
2144 4957 
2145 3428 
2146 4984 
2147 4948 
2148 4993 
2149 4984 
2150 4984 
2151 4618 4863 3428 4986 
2152 3856 
2153 3983 3866 4983 
2154 4840 
2155 4959 
2156 4823 3866 4771 
2157 4968 
2158 4551 
2159 4935 
2160 4869 
2161 5000 
2162 4757 
2163 4854 
2164 4916 
2165 3927 3379 3428 
2166 4988 
2167 4988 
2168 4452 
2169 4863 
2170 4976 
2171 5000 
2172 4950 
2173 4895 
2174 4959 4813 4935 4974 
2175 4862 
2176 4939 
2177 4932 
2178 4999 
2179 4913 4864 4959 3699 
2180 4977 
2181 4947 
2182 4932 
2183 4619 
2184 4939 4972 4236 
2185 4978 
2186 4990 
2187 4961 
2188 4723 
2189 4908 
2190 2190 
2191 4112 
2192 4923 
2193 4947 
2194 4799 
2195 4993 
2196 4885 
2197 4884 
2198 4923 
2199 4911 
2200 4859 
2201 4983 
2202 4957 
2203 4958 4870 
2204 4947 
2205 4959 
2206 4939 
2207 4192 4935 
2208 4935 
2209 4757 
2210 4551 
2211 4912 
2212 4618 
2213 4535 
2214 5000 
2215 4912 
2216 4827 
2217 4941 
2218 4923 
2219 4874 
2220 4911 4950 4703 
2221 4932 
2222 4932 
2223 4961 4647 4951 
2224 4974 
2225 4947 
2226 4962 
2227 4999 
2228 4895 
2229 4112 4932 4769 4960 
2230 4554 
2231 4870 
2232 4961 
2233 4978 
2234 3908 
2235 4854 
2236 4071 2236 
2237 3927 
2238 4751 
2239 4840 
2240 4663 
2241 4873 
2242 4022 
2243 4948 
2244 4777 
2245 4716 
2246 2929 
2247 4755 
2248 3676 
2249 4682 
2250 3428 
2251 4974 
2252 3428 4925 4983 
2253 4944 
2254 4977 
2255 4799 
2256 4961 4413 4618 
2257 4959 
2258 4862 4975 4869 4950 4983 
2259 4993 
2260 4883 
2261 4631 
2262 4959 
2263 2595 
2264 4945 
2265 4975 
2266 4498 
2267 4889 
2268 4964 
2269 4976 
2270 4823 
2271 2236 4413 4071 
2272 4862 
2273 4978 4815 4878 
2274 4908 
2275 4932 
2276 4974 
2277 4987 
2278 4945 
2279 4932 
2280 4905 
2281 4993 
2282 4974 
2283 4959 
2284 4951 
2285 4976 
2286 4984 
2287 4962 
2288 4535 
2289 4932 
2290 3379 
2291 4965 
2292 4827 
2293 4870 
2294 4939 
2295 4972 4878 3371 
2296 4869 
2297 4145 
2298 4882 
2299 3885 
2300 4304 
2301 4964 
2302 3371 
2303 4911 
2304 4087 
2305 4939 
2306 4619 
2307 3699 
2308 4882 
2309 4145 4753 4990 
2310 4908 
2311 4984 
2312 5000 
2313 4813 
2314 4699 
2315 4751 
2316 4990 
2317 4758 
2318 4236 4524 
2319 4938 
2320 4840 
2321 4198 4386 
2322 4964 
2323 4984 
2324 4884 
2325 4554 
2326 4550 
2327 3856 
2328 4908 
2329 4874 
2330 4950 
2331 4944 
2332 4941 
2333 4874 4813 4962 
2334 4885 
2335 4941 
2336 4950 
2337 4905 
2338 4959 
2339 4925 
2340 4958 
2341 4978 
2342 4965 
2343 4939 
2344 4951 
2345 4870 
2346 3428 
2347 4771 
2348 4771 
2349 4911 
2350 5000 
2351 4939 
2352 4965 
2353 5000 
2354 4925 
2355 4863 
2356 4968 
2357 4840 
2358 4751 
2359 4840 
2360 4948 
2361 4994 
2362 4965 
2363 4996 
2364 4873 
2365 4945 
2366 4663 
2367 2023 
2368 4975 
2369 4889 
2370 4758 
2371 3885 
2372 4923 
2373 4631 
2374 4723 
2375 4874 4869 4951 
2376 4958 
2377 4954 
2378 4827 
2379 4777 
2380 4935 
2381 4884 
2382 4916 
2383 4968 
2384 4864 
2385 4958 4945 4716 
2386 4682 
2387 3371 
2388 4947 
2389 4424 
2390 4723 
2391 4939 
2392 4863 
2393 4948 
2394 4813 
2395 4959 
2396 4878 
2397 4751 4771 
2398 4145 
2399 4005 
2400 4771 
2401 4682 
2402 4989 
2403 4777 
2404 4923 
2405 4535 
2406 4895 
2407 4145 
2408 4973 
2409 4192 
2410 4869 
2411 4663 
2412 4873 
2413 4941 
2414 4984 
2415 4987 
2416 4619 
2417 4962 
2418 4983 4870 4895 
2419 4960 
2420 4854 4959 2023 
2421 4753 
2422 4859 
2423 4954 
2424 4947 
2425 4878 
2426 4864 
2427 4823 
2428 3091 4498 
2429 4771 
2430 4923 
2431 4958 
2432 3885 
2433 4932 
2434 4827 
2435 4889 
2436 4976 
2437 4827 4935 
2438 4869 
2439 3908 
2440 3428 
2441 4112 
2442 4682 
2443 4968 
2444 4813 
2445 3428 
2446 4884 
2447 4994 
2448 4951 
2449 4983 4994 
2450 4974 
2451 3866 
2452 4974 
2453 4498 
2454 4618 
2455 4799 
2456 4960 
2457 4757 
2458 4975 
2459 5000 
2460 4724 
2461 4771 
2462 4947 4498 
2463 4988 
2464 4895 
2465 4440 
2466 4550 
2467 4987 
2468 4944 
2469 4960 
2470 4947 
2471 4882 4951 1786 
2472 4975 
2473 3983 
2474 4941 
2475 4960 
2476 4873 
2477 4753 
2478 4987 
2479 4977 
2480 4958 
2481 4823 
2482 4771 
2483 4618 
2484 4769 
2485 4983 
2486 4769 
2487 4994 
2488 3676 
2489 4984 
2490 4524 
2491 4948 
2492 4959 
2493 4668 
2494 4815 
2495 4965 
2496 4990 
2497 4873 
2498 4827 
2499 4945 
2500 4799 
2501 4889 
2502 4908 
2503 4984 
2504 4957 
2505 4551 
2506 4895 
2507 4751 4913 
2508 4974 
2509 4923 
2510 4071 4618 4869 
2511 4916 
2512 4965 
2513 4532 
2514 4993 
2515 4863 
2516 4882 
2517 4951 
2518 4993 
2519 4968 
2520 4950 
2521 4989 
2522 4668 
2523 3699 
2524 4889 
2525 4753 
2526 4975 
2527 4112 
2528 4304 
2529 4905 
2530 4863 
2531 4974 
2532 4913 
2533 4951 
2534 4999 
2535 3428 4948 
2536 4869 
2537 3676 4870 
2538 4619 
2539 4941 
2540 4999 
2541 4950 
2542 4968 
2543 4965 
2544 4535 
2545 4236 
2546 4413 4975 
2547 4236 
2548 4988 
2549 4959 4972 
2550 4999 
2551 4945 
2552 4964 
2553 3866 
2554 4964 
2555 4924 
2556 2929 4413 4951 
2557 4947 
2558 4885 
2559 4999 
2560 4947 4978 
2561 4974 
2562 4932 
2563 4962 
2564 4236 
2565 4951 
2566 4699 4883 
2567 4977 
2568 4948 
2569 4994 
2570 4994 
2571 4663 
2572 3676 
2573 4945 
2574 4988 
2575 4932 
2576 4724 
2577 4990 
2578 4964 
2579 4882 
2580 4950 
2581 4989 
2582 4972 
2583 4975 4941 
2584 4532 
2585 4923 
2586 4968 
2587 4724 
2588 4870 
2589 4699 
2590 4618 
2591 4980 
2592 4535 
2593 4631 
2594 4923 
2595 2595 
2596 4869 
2597 4399 
2598 4864 
2599 3428 
2600 3699 
2601 4957 
2602 4777 
2603 4947 
2604 4682 
2605 4440 
2606 4118 
2607 3371 
2608 4980 
2609 4951 
2610 4905 
2611 4939 
2612 4957 
2613 4993 
2614 4755 
2615 4192 
2616 4751 
2617 4440 4758 
2618 4112 
2619 4958 
2620 4535 
2621 4755 
2622 4724 
2623 4975 4905 
2624 4827 
2625 4882 
2626 4960 
2627 3685 
2628 4916 
2629 4986 
2630 3091 
2631 4945 4498 
2632 4882 
2633 4889 
2634 4965 
2635 4872 
2636 4440 
2637 4996 
2638 4938 
2639 4723 
2640 4870 4618 
2641 4753 
2642 4977 
2643 4912 
2644 4980 
2645 3379 4938 
2646 4964 
2647 3927 
2648 4799 
2649 4087 
2650 4987 
2651 4993 
2652 4905 
2653 4782 
2654 4996 
2655 4941 
2656 4989 
2657 4864 
2658 4984 
2659 4965 
2660 4935 
2661 4962 
2662 4986 
2663 4973 
2664 4413 
2665 4978 
2666 4908 
2667 4951 
2668 4895 
2669 4974 
2670 4947 
2671 4753 
2672 4551 
2673 4948 
2674 4724 
2675 4983 
2676 4854 
2677 4869 
2678 4895 
2679 4618 
2680 4964 
2681 4118 
2682 4962 
2683 4990 
2684 4815 
2685 4980 
2686 4882 
2687 4916 
2688 4989 
2689 4941 
2690 4895 
2691 4304 
2692 4911 
2693 4716 
2694 4668 
2695 4878 
2696 4950 
2697 4988 
2698 4989 
2699 4882 
2700 4882 
2701 3908 
2702 4947 
2703 4755 
2704 4755 
2705 4958 
2706 4965 
2707 4924 
2708 5000 
2709 4990 
2710 4987 
2711 4960 
2712 4870 4386 
2713 4723 
2714 4945 
2715 5000 
2716 4513 
2717 4869 
2718 4941 
2719 4823 
2720 4864 4524 
2721 4984 
2722 4878 
2723 4976 4950 
2724 4827 
2725 4874 
2726 4975 
2727 4440 
2728 4883 
2729 4965 
2730 4959 4938 
2731 4975 
2732 4682 
2733 4905 
2734 4682 
2735 4957 
2736 4854 4983 
2737 4935 
2738 4923 
2739 3856 
2740 4916 
2741 4304 
2742 5000 
2743 4878 
2744 4973 
2745 4873 4939 
2746 3428 
2747 4986 
2748 4192 
2749 4413 
2750 4916 
2751 3676 
2752 4980 
2753 4978 4996 4965 
2754 4993 
2755 3927 
2756 4961 
2757 4947 
2758 4751 
2759 4996 
2760 4873 
2761 4874 
2762 4854 
2763 3428 4978 
2764 4975 
2765 4972 
2766 4988 
2767 4932 
2768 3428 
2769 4827 
2770 4532 
2771 4663 
2772 4703 
2773 4703 
2774 4916 
2775 4882 
2776 4755 
2777 4022 
2778 4944 
2779 4513 
2780 4535 
2781 4950 
2782 4882 
2783 4619 
2784 4882 
2785 4145 
2786 3091 
2787 4990 
2788 4988 
2789 4863 5000 
2790 4815 
2791 3983 
2792 4947 
2793 4976 
2794 4513 
2795 3428 
2796 4895 
2797 4925 
2798 4923 
2799 4984 
2800 4960 
2801 4988 
2802 4192 
2803 4945 
2804 4912 
2805 4993 
2806 4916 
2807 4947 
2808 4976 4988 
2809 4976 
2810 4799 
2811 4889 
2812 4924 
2813 4947 
2814 4145 
2815 2929 
2816 4990 
2817 4978 
2818 4840 
2819 4884 
2820 4769 
2821 3866 
2822 4989 
2823 3856 
2824 5000 
2825 2595 
2826 4668 
2827 4859 
2828 4540 
2829 4777 
2830 4631 
2831 3856 
2832 3856 
2833 4945 
2834 4870 
2835 4972 
2836 4948 
2837 5000 4978 
2838 4813 
2839 4782 
2840 4988 
2841 4973 
2842 4913 
2843 4869 
2844 4993 
2845 5000 
2846 4753 
2847 4878 3428 4944 
2848 4965 
2849 4913 
2850 4989 
2851 4935 
2852 4948 
2853 4869 
2854 4634 
2855 4540 
2856 2929 
2857 4959 
2858 4889 
2859 4703 
2860 4699 
2861 4383 
2862 4118 
2863 3885 
2864 4978 
2865 4944 
2866 4440 
2867 3676 
2868 4932 
2869 4923 
2870 4895 
2871 4777 
2872 4885 
2873 4968 
2874 4874 
2875 4634 
2876 4923 
2877 4873 4978 
2878 4960 4118 
2879 4236 
2880 4716 
2881 4941 4198 
2882 4938 
2883 4923 
2884 4870 
2885 4923 
2886 4757 
2887 4959 
2888 4996 
2889 4833 
2890 4980 
2891 4993 
2892 2595 
2893 4236 
2894 4999 
2895 3379 
2896 4755 
2897 4983 
2898 4961 
2899 4932 
2900 4769 
2901 4951 
2902 4968 
2903 4878 
2904 4983 
2905 4935 
2906 4236 
2907 4162 4813 
2908 4954 
2909 4972 
2910 4923 
2911 3091 
2912 4872 
2913 4988 
2914 4751 
2915 4973 
2916 4911 
2917 4993 
2918 4647 
2919 4550 
2920 4977 
2921 4978 
2922 4005 
2923 4905 
2924 4813 
2925 4988 
2926 4884 
2927 4859 4954 
2928 4947 
2929 2929 
2930 4854 
2931 4935 
2932 4145 
2933 4864 
2934 4988 
2935 3379 
2936 4883 
2937 4087 
2938 4468 
2939 4869 4951 4972 
2940 4869 
2941 4986 
2942 4757 
2943 4939 
2944 4870 
2945 4932 4703 
2946 4996 
2947 4399 
2948 4973 
2949 5000 
2950 5000 
2951 4976 
2952 4682 
2953 4958 
2954 4524 
2955 4948 
2956 3885 
2957 4884 
2958 4961 
2959 4884 
2960 4468 
2961 4913 
2962 4961 
2963 4882 
2964 4925 
2965 4968 
2966 4961 
2967 3866 
2968 4996 
2969 4941 
2970 4682 
2971 4236 
2972 4882 4870 
2973 4908 
2974 4972 
2975 4424 
2976 4771 
2977 4958 
2978 4978 
2979 4777 
2980 2929 
2981 4993 
2982 4513 
2983 4771 
2984 4964 
2985 4823 4924 
2986 3428 
2987 4976 
2988 4703 4978 
2989 4988 
2990 4882 
2991 4005 
2992 4399 4988 
2993 4978 
2994 4939 
2995 4723 4986 
2996 4827 
2997 4999 
2998 4236 
2999 4945 
3000 4962 
3001 4682 
3002 4951 
3003 4682 
3004 4938 
3005 4980 
3006 4944 
3007 4383 
3008 4815 
3009 4668 4968 
3010 4304 4957 
3011 4386 
3012 4771 
3013 3856 
3014 4753 
3015 4961 
3016 4911 
3017 4947 
3018 4958 
3019 4968 
3020 4978 
3021 4777 
3022 4959 
3023 4889 
3024 4145 
3025 4386 
3026 4535 
3027 4827 
3028 4862 
3029 4912 
3030 4005 
3031 4869 
3032 2595 
3033 5000 
3034 4882 
3035 4923 4884 4724 4682 
3036 4668 
3037 4948 
3038 4755 
3039 4996 
3040 4923 4862 5000 
3041 4916 
3042 4554 
3043 4988 4815 4699 
3044 4663 
3045 4950 4935 4977 
3046 4550 
3047 4961 
3048 3927 
3049 4948 
3050 4913 
3051 4911 
3052 4771 
3053 4870 
3054 4862 4758 
3055 4827 
3056 4905 
3057 4973 
3058 4986 
3059 4988 
3060 5000 
3061 4993 
3062 4236 
3063 4964 
3064 4192 
3065 4895 
3066 4996 
3067 4974 
3068 4878 4882 
3069 4878 4944 
3070 4961 
3071 4869 
3072 4976 
3073 4815 
3074 4236 
3075 3927 
3076 4863 
3077 3885 
3078 4958 
3079 4782 
3080 4945 
3081 4647 4989 
3082 4978 
3083 4386 
3084 4854 
3085 4980 
3086 4540 
3087 4960 
3088 4954 
3089 3927 
3090 4935 
3091 3091 
3092 4978 4986 
3093 4957 
3094 4988 
3095 4999 
3096 4951 
3097 4716 
3098 3856 
3099 4883 4862 4977 
3100 4883 
3101 4976 
3102 4932 4859 
3103 4885 
3104 4961 
3105 4895 
3106 3908 
3107 4978 
3108 4862 
3109 4827 
3110 4912 
3111 4413 
3112 4118 
3113 4498 
3114 5000 
3115 4236 
3116 4813 
3117 4863 
3118 4870 
3119 2929 
3120 4827 
3121 4978 
3122 4996 
3123 4755 
3124 4863 
3125 4823 
3126 4854 
3127 3866 
3128 4883 
3129 4973 
3130 4948 
3131 3866 
3132 4440 4703 4782 
3133 4878 
3134 4932 4840 4938 
3135 4869 
3136 4923 
3137 4993 
3138 4962 
3139 4951 
3140 4941 
3141 4972 
3142 4932 
3143 4882 
3144 4945 
3145 4973 
3146 4753 
3147 4699 
3148 4948 
3149 4987 
3150 4869 
3151 4870 
3152 4468 
3153 3856 
3154 4751 
3155 4974 
3156 4532 
3157 4960 4983 4905 
3158 4618 
3159 4983 
3160 4965 
3161 4112 
3162 4961 
3163 4994 
3164 4413 
3165 4386 
3166 4895 
3167 4724 
3168 4699 4972 
3169 4777 
3170 4977 
3171 4951 4682 4424 
3172 4145 
3173 4959 
3174 4869 
3175 4932 
3176 4951 
3177 4980 
3178 3927 
3179 4413 
3180 4957 
3181 4631 
3182 4751 
3183 4973 
3184 4994 
3185 4551 
3186 4815 
3187 4986 
3188 4980 
3189 4977 
3190 4813 
3191 4987 
3192 4951 4668 4118 
3193 4551 5000 4959 
3194 4984 
3195 4996 
3196 4980 
3197 4885 
3198 4540 
3199 4961 
3200 4873 
3201 4769 
3202 4960 
3203 4954 
3204 4634 
3205 4889 
3206 4947 
3207 4961 
3208 4757 
3209 4941 
3210 4977 4945 
3211 2929 
3212 4716 
3213 4883 
3214 4984 
3215 4864 
3216 4751 
3217 4145 
3218 4751 
3219 4935 4413 4882 4945 
3220 4634 
3221 4827 
3222 4913 
3223 4755 4913 4978 
3224 4989 4976 4958 4663 
3225 4862 4878 4965 3428 
3226 3091 
3227 4973 
3228 4682 
3229 4755 
3230 4872 
3231 3428 
3232 4957 
3233 2190 3351 
3234 4961 
3235 4993 
3236 4872 
3237 4923 
3238 4827 
3239 4703 4948 4813 
3240 4769 4823 
3241 4973 
3242 4959 
3243 4960 
3244 4751 
3245 4962 
3246 4884 
3247 4984 
3248 4989 
3249 4968 
3250 4498 4087 4960 
3251 4535 4198 4771 4905 
3252 3685 4631 4948 
3253 4071 
3254 4984 
3255 3866 
3256 5000 4771 2929 4959 
3257 4978 
3258 4870 
3259 4945 
3260 4950 
3261 4978 
3262 4823 
3263 3346 
3264 4554 
3265 4833 
3266 4964 
3267 4960 
3268 4854 
3269 4424 4951 4878 
3270 4884 
3271 4959 
3272 4870 
3273 4550 
3274 4984 
3275 4751 
3276 4959 4954 
3277 4468 
3278 4959 
3279 4550 
3280 2929 
3281 4618 
3282 4758 
3283 4938 
3284 4960 4958 4948 
3285 4540 
3286 4895 
3287 4993 
3288 4984 
3289 4959 
3290 4984 
3291 3983 
3292 4869 
3293 4751 
3294 4413 4948 4960 
3295 4976 
3296 4723 
3297 4682 
3298 4988 
3299 4864 4771 4959 
3300 4870 4965 4983 
3301 4923 
3302 4864 
3303 4987 
3304 4986 
3305 4965 3866 4938 
3306 4872 
3307 4452 
3308 4941 
3309 2595 
3310 4959 
3311 4769 
3312 4925 
3313 4989 4699 4964 
3314 4935 
3315 4978 
3316 3428 
3317 4976 
3318 2929 
3319 4999 
3320 4870 
3321 4540 
3322 3866 
3323 4869 
3324 4071 4864 4724 
3325 4978 
3326 4145 
3327 4703 
3328 4989 
3329 4895 
3330 4980 
3331 4972 
3332 4989 4958 4782 
3333 4869 
3334 4947 
3335 4468 
3336 3379 4236 
3337 4878 
3338 4993 
3339 4935 
3340 4551 
3341 4948 
3342 4977 
3343 4524 4959 4968 
3344 4874 
3345 4968 
3346 3346 
3347 4863 
3348 4870 
3349 4913 
3350 4882 
3351 3949 3351 
3352 4198 
3353 4198 
3354 4755 
3355 4236 
3356 4870 
3357 4833 
3358 4198 
3359 4724 
3360 4932 
3361 4663 
3362 4945 
3363 4993 
3364 4980 
3365 4958 
3366 4973 
3367 4870 4699 4912 
3368 4988 
3369 4452 4945 4823 
3370 4112 
3371 3371 
3372 4965 
3373 4112 
3374 4959 
3375 4751 
3376 4986 
3377 4833 
3378 4977 
3379 3379 
3380 4864 
3381 4087 4895 4959 
3382 4145 
3383 4939 
3384 2929 
3385 4987 
3386 4973 
3387 4987 
3388 4911 
3389 4087 
3390 3428 
3391 4682 
3392 4551 
3393 4913 
3394 4941 
3395 4938 
3396 4870 4758 4986 
3397 4938 
3398 4751 
3399 4990 
3400 4996 
3401 3428 
3402 4885 
3403 4975 
3404 4859 
3405 4198 
3406 4913 
3407 4236 
3408 4524 
3409 4535 
3410 4954 
3411 4840 
3412 4071 
3413 4452 
3414 4984 
3415 4945 
3416 4554 
3417 4989 
3418 4923 
3419 4993 
3420 4663 
3421 4682 
3422 4777 
3423 4863 
3424 4236 
3425 4236 
3426 4873 
3427 4823 
3428 3428 
3429 4923 
3430 4962 
3431 4962 
3432 4751 
3433 4950 
3434 4996 
3435 4948 
3436 4870 
3437 4771 
3438 4889 
3439 4935 
3440 4440 4699 4799 4948 
3441 4974 
3442 4554 
3443 4932 
3444 4854 4870 4958 4935 
3445 4999 
3446 4975 3428 4864 4986 
3447 4682 4932 4973 4864 
3448 4758 
3449 3983 
3450 4884 
3451 4864 
3452 4751 
3453 4983 
3454 4864 
3455 4753 
3456 4964 
3457 4932 
3458 4912 4753 4703 
3459 4935 
3460 4386 
3461 4935 4923 4978 4882 
3462 4935 4945 4973 4889 
3463 4771 
3464 4947 
3465 4777 
3466 4872 
3467 4989 
3468 4913 
3469 4383 
3470 4993 
3471 4413 
3472 4973 
3473 4723 
3474 3885 
3475 4912 
3476 4878 
3477 4959 
3478 4954 
3479 4884 
3480 4948 
3481 4951 
3482 4883 4618 4951 
3483 5000 
3484 4859 
3485 4954 
3486 4145 
3487 4895 
3488 4976 
3489 4964 
3490 4723 
3491 4974 
3492 4753 4960 4999 
3493 4978 
3494 4699 4960 4682 
3495 4960 
3496 4682 
3497 4983 
3498 4958 
3499 4498 
3500 4984 
3501 4989 
3502 3346 
3503 4631 
3504 4769 4895 4944 4968 
3505 4874 
3506 4424 
3507 3428 
3508 4976 
3509 3346 
3510 4986 
3511 4870 
3512 4974 
3513 4753 
3514 4916 
3515 4703 
3516 3927 
3517 4972 
3518 3866 
3519 4755 
3520 4994 
3521 4192 
3522 4827 
3523 4913 
3524 4916 
3525 4823 
3526 4498 
3527 4753 4869 3927 4699 
3528 4895 
3529 4304 
3530 4777 
3531 4864 
3532 4939 
3533 4961 
3534 4993 
3535 3908 
3536 4984 
3537 4916 
3538 4859 
3539 4978 
3540 4813 
3541 4870 4990 4913 3983 
3542 4872 4938 4925 4990 
3543 4960 
3544 4968 
3545 4668 
3546 4198 
3547 4699 
3548 4840 
3549 4524 
3550 4424 
3551 4236 
3552 4916 
3553 4882 
3554 4980 
3555 4304 
3556 4924 
3557 4118 
3558 4755 
3559 4932 
3560 4983 
3561 4990 
3562 4988 4663 4782 
3563 4959 
3564 4965 
3565 4905 
3566 4869 
3567 4947 
3568 4989 4908 4977 
3569 4840 
3570 4947 
3571 4703 
3572 4959 4878 4988 4859 
3573 4440 
3574 4954 
3575 4972 
3576 4987 
3577 4859 4757 4911 4551 
3578 4424 
3579 4859 
3580 4948 
3581 4990 
3582 4162 
3583 4874 
3584 4951 
3585 4962 
3586 4923 
3587 4984 
3588 4984 
3589 4988 
3590 4823 
3591 4823 
3592 4978 
3593 4959 
3594 4988 
3595 4911 
3596 4908 
3597 3927 
3598 4960 
3599 4859 
3600 4236 
3601 4973 
3602 4668 
3603 4874 
3604 4399 
3605 4976 
3606 4941 
3607 4895 
3608 4999 
3609 4769 
3610 4923 
3611 4699 
3612 4882 4862 4631 2929 4994 
3613 4884 4087 4947 4974 
3614 3428 
3615 4989 
3616 4973 
3617 4977 
3618 4924 
3619 4968 
3620 4551 
3621 4935 
3622 4854 
3623 4983 
3624 4424 
3625 4961 
3626 4911 
3627 4972 4983 4771 4958 
3628 4840 
3629 3379 
3630 4869 
3631 4978 
3632 4440 
3633 4854 3428 4990 4716 4977 
3634 4987 
3635 4440 
3636 4755 
3637 4827 
3638 4932 
3639 3927 4990 4840 5000 
3640 4833 
3641 4932 
3642 4535 4973 4513 
3643 4869 
3644 5000 
3645 3428 
3646 2929 3908 4976 4996 
3647 4882 
3648 4958 
3649 4863 
3650 4468 
3651 4884 
3652 4932 
3653 4724 4869 4827 4948 
3654 4961 
3655 4905 
3656 4413 
3657 4990 
3658 4973 4878 4975 4938 
3659 4932 
3660 4859 
3661 4869 
3662 4932 
3663 4958 
3664 4634 
3665 5000 
3666 4884 
3667 4883 
3668 4944 
3669 4954 
3670 4758 4957 4954 4986 
3671 4878 
3672 4889 
3673 4771 
3674 3371 
3675 4703 
3676 3676 
3677 4961 
3678 4925 
3679 4724 
3680 4993 
3681 3983 
3682 4386 
3683 4862 
3684 4424 
3685 3685 4118 
3686 4883 4932 4823 
3687 4452 
3688 4005 
3689 4972 
3690 4999 
3691 4424 
3692 4535 
3693 4978 
3694 4958 
3695 4996 
3696 4884 
3697 4895 
3698 4192 
3699 3699 
3700 4724 
3701 4005 
3702 4950 
3703 3908 
3704 4912 
3705 4827 
3706 4951 
3707 4682 
3708 4885 
3709 2023 4905 4950 
3710 4988 
3711 4948 
3712 4974 2595 4935 4840 
3713 4550 
3714 4984 
3715 4941 
3716 4939 
3717 4753 
3718 3346 
3719 4996 
3720 4087 
3721 4005 
3722 4978 
3723 4911 
3724 4878 
3725 4925 
3726 4941 
3727 4977 
3728 4118 
3729 4878 4947 4932 4895 
3730 4873 
3731 4668 
3732 4703 
3733 4948 
3734 4994 
3735 4864 
3736 4999 
3737 3885 
3738 4840 
3739 4960 
3740 4869 
3741 4631 
3742 3885 
3743 4911 
3744 4960 
3745 4540 
3746 4304 4859 4911 4962 
3747 4862 
3748 4554 
3749 2595 
3750 4925 
3751 4540 
3752 4005 
3753 3927 
3754 4889 
3755 4112 
3756 4987 
3757 4939 
3758 4619 
3759 4923 
3760 5000 
3761 4895 
3762 4554 
3763 4976 
3764 4885 
3765 4833 
3766 4944 
3767 4883 
3768 4863 
3769 4864 
3770 4938 
3771 3428 
3772 4968 
3773 4990 
3774 4972 
3775 4980 
3776 5000 
3777 4815 4977 4925 
3778 4864 4908 
3779 4827 
3780 4859 
3781 4882 
3782 4192 
3783 4989 
3784 4958 
3785 4935 
3786 4978 
3787 4989 
3788 4813 
3789 4663 
3790 4854 
3791 4958 
3792 3346 
3793 4755 
3794 4440 4753 4908 4911 
3795 4869 
3796 4935 
3797 4996 
3798 4823 4870 4198 4962 
3799 4618 
3800 4895 
3801 4987 
3802 4751 
3803 4986 
3804 4162 
3805 4884 
3806 4984 
3807 4912 
3808 3856 
3809 4976 
3810 4990 
3811 4440 
3812 4925 
3813 4958 
3814 4513 
3815 4468 
3816 2929 
3817 4957 
3818 4947 
3819 4996 
3820 4236 
3821 3346 4862 2929 4885 
3822 4954 
3823 4935 
3824 4950 
3825 4923 
3826 4947 
3827 4964 
3828 4912 
3829 4947 
3830 4962 
3831 4870 
3832 1786 
3833 4532 
3834 4984 
3835 3428 4827 4913 4873 
3836 4854 
3837 4980 
3838 4771 
3839 4145 
3840 4874 
3841 4938 
3842 4993 
3843 4932 
3844 4498 
3845 4986 
3846 3379 
3847 4957 
3848 4771 
3849 4960 
3850 4859 
3851 4976 
3852 4895 
3853 4618 
3854 4198 
3855 4976 
3856 3856 
3857 4884 
3858 4870 4815 4916 5000 
3859 4961 
3860 4859 
3861 4950 
3862 4769 
3863 4973 
3864 4916 
3865 4988 
3866 3866 
3867 4984 
3868 4911 
3869 4944 
3870 4968 
3871 4005 
3872 4771 
3873 4863 
3874 4716 
3875 4236 
3876 2929 
3877 4005 
3878 4958 
3879 4950 
3880 4990 
3881 5000 
3882 4916 
3883 4988 
3884 4948 
3885 3885 
3886 4884 
3887 3676 4993 4962 4994 
3888 4925 
3889 4870 
3890 4840 
3891 3699 
3892 4935 
3893 4990 
3894 4951 4833 
3895 4535 
3896 4799 
3897 4988 
3898 4959 
3899 4827 
3900 4984 
3901 4990 
3902 5000 
3903 4869 
3904 4954 
3905 4961 
3906 4383 
3907 4923 
3908 3908 
3909 4864 
3910 3927 
3911 4993 
3912 4647 
3913 4840 
3914 4993 
3915 4647 
3916 4755 
3917 4864 
3918 4972 
3919 4950 
3920 4983 
3921 2023 
3922 4935 
3923 4874 
3924 4771 
3925 4864 
3926 4941 
3927 3927 
3928 4984 
3929 4452 
3930 4753 
3931 4236 
3932 4962 
3933 4978 
3934 4974 
3935 4782 
3936 4540 
3937 4961 
3938 4870 
3939 4941 
3940 4980 
3941 4682 
3942 3927 
3943 4236 
3944 4944 4399 4911 4976 
3945 4948 
3946 4854 
3947 4965 4939 4972 4962 
3948 4961 
3949 3949 4958 3699 4862 
3950 4854 
3951 4996 
3952 4984 
3953 4993 
3954 4498 4513 4948 
3955 4413 
3956 4976 
3957 4975 
3958 4198 
3959 4972 
3960 4972 
3961 4884 
3962 4682 
3963 4945 
3964 3908 
3965 4769 
3966 4935 
3967 4634 
3968 4869 
3969 4619 
3970 4540 
3971 4987 
3972 4978 
3973 4452 
3974 4882 
3975 4112 
3976 4941 
3977 4989 
3978 4840 
3979 4993 
3980 4883 
3981 4005 
3982 4663 
3983 3983 
3984 4895 
3985 4994 
3986 4895 
3987 4974 
3988 4145 
3989 4815 
3990 4941 4758 
3991 4895 
3992 4859 
3993 4087 
3994 4993 
3995 4162 
3996 4777 
3997 4935 
3998 4869 
3999 4554 
4000 4961 
4001 4424 
4002 4895 
4003 4854 
4004 4954 
4005 4005 
4006 4771 
4007 4884 
4008 3346 3379 3428 3856 
4009 4935 
4010 4703 
4011 4950 
4012 4524 
4013 4882 
4014 4935 
4015 4996 
4016 4145 
4017 4647 
4018 4777 
4019 4682 
4020 4198 
4021 4634 
4022 4022 
4023 4833 
4024 4535 
4025 4895 
4026 4980 
4027 4386 
4028 4833 
4029 4978 
4030 1786 
4031 4958 
4032 4972 
4033 4551 4383 3908 
4034 4945 
4035 4996 
4036 4424 
4037 4958 
4038 5000 
4039 4993 
4040 4815 
4041 3676 
4042 4884 
4043 4905 
4044 4948 
4045 3866 4878 4925 4968 
4046 4990 
4047 4699 
4048 3428 
4049 4990 
4050 4823 
4051 4978 
4052 4870 
4053 4935 4957 4941 
4054 4874 
4055 4951 
4056 4923 4973 4769 4872 
4057 4993 
4058 4945 4022 4954 4987 
4059 4873 
4060 4551 
4061 4935 
4062 4941 
4063 4944 
4064 4799 
4065 4980 
4066 4663 
4067 4823 
4068 4916 
4069 3983 
4070 4975 4878 4827 
4071 4071 
4072 4753 
4073 4771 
4074 4947 
4075 4965 
4076 4619 
4077 3885 4870 4895 
4078 4984 
4079 4895 
4080 4950 
4081 4468 
4082 4827 
4083 4974 
4084 4413 
4085 3428 4962 4977 
4086 4813 
4087 4087 
4088 4535 
4089 4005 
4090 4938 4945 4968 
4091 5000 
4092 4913 
4093 5000 
4094 4950 
4095 4532 
4096 4916 
4097 4864 
4098 4878 
4099 4987 
4100 4924 
4101 4682 
4102 4980 
4103 3371 
4104 4782 
4105 4939 
4106 4757 
4107 4413 4878 4935 4974 4782 
4108 4883 
4109 4771 
4110 4757 
4111 4145 
4112 4112 
4113 4994 2023 4813 4782 
4114 4870 
4115 4869 
4116 5000 
4117 4873 
4118 4118 
4119 4878 
4120 4869 
4121 4870 
4122 4198 
4123 4873 
4124 3908 
4125 4631 4994 4872 4925 
4126 4873 
4127 4872 
4128 4951 
4129 4682 
4130 4911 
4131 4965 
4132 4882 
4133 4932 3983 4935 
4134 4618 
4135 4913 4859 4988 4118 
4136 4236 
4137 4550 
4138 4895 4724 4960 4944 
4139 4682 
4140 4993 4996 4959 3699 
4141 4947 
4142 4989 
4143 4878 
4144 4996 
4145 4145 
4146 4724 
4147 4993 
4148 4634 
4149 4699 
4150 4961 
4151 4996 
4152 4631 
4153 4885 
4154 4827 4911 4631 
4155 4924 
4156 4769 
4157 4862 
4158 4958 
4159 4999 
4160 4716 
4161 4958 
4162 4162 
4163 4916 
4164 4813 
4165 4884 
4166 4716 
4167 4870 
4168 1786 4751 4859 4872 
4169 4873 
4170 4878 
4171 4996 
4172 4383 
4173 4889 
4174 4833 
4175 4950 
4176 4973 
4177 4923 
4178 4884 
4179 4924 
4180 4440 4980 4957 4823 
4181 4913 
4182 4198 
4183 4945 
4184 4757 
4185 4965 
4186 4813 
4187 5000 
4188 4862 
4189 4869 
4190 4618 
4191 4022 
4192 4192 
4193 4236 
4194 4994 
4195 4782 
4196 4961 
4197 4771 
4198 4198 
4199 4668 
4200 4864 
4201 4924 
4202 3428 
4203 4989 
4204 4958 
4205 4972 
4206 4999 
4207 4878 
4208 4950 
4209 4399 
4210 4112 
4211 4619 
4212 2595 
4213 4827 4022 4984 4961 4999 
4214 4840 
4215 4925 
4216 4885 
4217 4440 
4218 4983 4961 4939 4948 4957 
4219 4908 
4220 4984 
4221 4984 
4222 4864 
4223 4878 4951 4782 4978 
4224 4941 4961 4755 4724 
4225 2929 
4226 4972 
4227 4980 
4228 4782 
4229 4990 
4230 4771 
4231 4939 
4232 4864 
4233 4950 
4234 4958 
4235 4983 4145 3908 4988 
4236 4236 
4237 4908 
4238 4935 
4239 4951 
4240 4993 
4241 4878 
4242 4862 
4243 4771 
4244 4862 
4245 4823 
4246 4993 
4247 4878 
4248 4631 
4249 4799 
4250 4965 
4251 4535 4383 4551 
4252 3428 4884 4958 4924 
4253 4870 
4254 4815 
4255 4833 
4256 4947 
4257 4939 
4258 4945 
4259 4551 
4260 4972 
4261 4999 3866 4703 4986 
4262 4862 
4263 4864 
4264 4413 
4265 4869 
4266 4631 
4267 4753 
4268 4885 
4269 4923 
4270 4873 
4271 4699 
4272 4882 4948 4913 4972 
4273 4905 
4274 4990 
4275 4976 
4276 4989 
4277 4452 
4278 4911 
4279 4948 
4280 4939 
4281 4854 
4282 4984 
4283 4192 4535 4071 4980 4994 
4284 4618 
4285 4813 
4286 4954 
4287 4989 
4288 4823 
4289 4945 
4290 4986 
4291 4869 
4292 4870 4984 4869 4938 
4293 4540 
4294 4989 
4295 4758 
4296 3983 
4297 4878 
4298 4799 
4299 4753 
4300 4452 
4301 4908 
4302 4755 4864 4799 4965 
4303 4964 
4304 4304 
4305 2929 
4306 4912 
4307 4980 
4308 4535 4827 4976 4634 4905 
4309 4869 
4310 4978 
4311 4974 
4312 4005 4145 4854 4071 5000 
4313 4980 
4314 4753 
4315 4854 
4316 3428 
4317 4965 
4318 4994 
4319 4668 
4320 4954 4924 4771 4975 4869 
4321 4874 
4322 4815 
4323 4699 
4324 4071 2236 
4325 4972 
4326 4771 
4327 4885 
4328 4950 
4329 4162 4983 4755 4873 4859 
4330 4682 
4331 4938 
4332 4941 
4333 4424 
4334 4932 
4335 2929 
4336 4663 
4337 4941 4988 4962 
4338 4951 4813 4973 3428 
4339 4716 
4340 4413 
4341 2595 4716 4908 4883 4975 
4342 4872 
4343 4944 
4344 4883 
4345 4869 
4346 4947 
4347 4980 
4348 4972 4112 4988 4859 
4349 4863 
4350 2929 
4351 4618 
4352 4751 
4353 3927 
4354 4883 
4355 3699 
4356 4854 
4357 3676 4965 4960 4668 4993 
4358 4939 
4359 4872 
4360 4889 
4361 4827 
4362 4755 
4363 4987 
4364 4112 
4365 4916 
4366 4682 
4367 4994 
4368 4777 
4369 4977 
4370 4618 
4371 4833 
4372 4864 
4373 3428 
4374 4882 
4375 4986 
4376 4938 
4377 4862 
4378 4957 
4379 4916 
4380 4905 
4381 4895 
4382 4932 
4383 4383 
4384 4524 
4385 4932 
4386 4386 
4387 4988 
4388 4753 
4389 4884 3091 4958 4925 
4390 4022 
4391 4869 
4392 4965 
4393 4753 
4394 3866 
4395 4854 
4396 4874 
4397 4975 3908 4908 4994 
4398 4973 
4399 4399 
4400 4823 
4401 4964 
4402 4873 
4403 4540 
4404 4923 
4405 4932 
4406 4964 
4407 4939 
4408 4540 
4409 4960 
4410 4961 
4411 1786 
4412 5000 
4413 4413 
4414 4864 
4415 4984 
4416 4870 
4417 4932 
4418 4965 4413 4972 3885 4873 
4419 4870 4755 4984 4618 4939 
4420 4699 4961 4468 4972 
4421 4941 
4422 4870 
4423 5000 
4424 4424 
4425 4854 
4426 4870 4769 4863 4973 
4427 4994 
4428 4974 
4429 4634 
4430 4961 
4431 4771 4755 4863 3885 4964 
4432 4990 
4433 4863 
4434 4554 
4435 4925 
4436 4932 4884 4945 4452 
4437 4878 
4438 4827 
4439 4947 
4440 4440 
4441 4864 
4442 4873 
4443 4864 
4444 4771 
4445 2595 4947 4990 4864 4972 
4446 2929 
4447 4782 
4448 4983 
4449 4870 
4450 4973 4532 4550 
4451 4399 
4452 4452 
4453 4959 
4454 4954 
4455 3428 
4456 4999 
4457 4957 
4458 4957 
4459 4884 
4460 4947 
4461 4758 
4462 4815 4913 4882 4631 4950 
4463 4999 
4464 4771 
4465 4911 
4466 4145 
4467 4304 
4468 4468 
4469 4965 
4470 4878 
4471 4924 
4472 4619 
4473 4947 
4474 4554 
4475 4990 
4476 4999 
4477 4951 
4478 4863 
4479 4862 4945 4989 4994 
4480 4973 
4481 4941 
4482 4988 4983 4984 4912 4799 
4483 4532 2023 4911 5000 4873 
4484 4948 
4485 3983 
4486 4668 
4487 4870 
4488 4923 
4489 4932 
4490 4950 
4491 4840 
4492 4551 
4493 4799 
4494 4769 
4495 4895 
4496 4864 
4497 4619 
4498 4498 
4499 4755 4988 4663 4908 
4500 4965 
4501 4996 4751 4973 4976 4911 
4502 4951 
4503 4983 
4504 4978 
4505 4996 
4506 4974 
4507 4884 
4508 4882 
4509 4986 
4510 4962 
4511 4944 
4512 4631 
4513 4513 
4514 4870 
4515 4975 
4516 2929 
4517 4962 
4518 4976 
4519 4885 
4520 4112 
4521 4976 
4522 4911 
4523 4964 
4524 4524 
4525 4895 
4526 4948 
4527 4958 
4528 4944 
4529 4882 
4530 4895 
4531 4895 
4532 4532 
4533 4873 
4534 4978 
4535 4535 
4536 4755 
4537 4959 
4538 4999 
4539 4960 
4540 4540 
4541 4975 
4542 2929 
4543 4994 
4544 4935 
4545 4999 
4546 4983 4916 4944 4799 
4547 4870 
4548 4958 
4549 4983 
4550 4550 
4551 4551 
4552 4994 
4553 4948 
4554 4554 
4555 4889 
4556 4962 
4557 4974 
4558 4885 
4559 4988 
4560 4932 
4561 4989 
4562 4959 
4563 4977 
4564 4972 
4565 4882 
4566 4550 
4567 4916 
4568 4960 
4569 4965 4524 4236 4859 
4570 4968 4958 4682 4840 4859 
4571 4944 
4572 4945 4916 4960 4990 4619 
4573 4535 
4574 4988 
4575 4975 
4576 4723 
4577 4948 
4578 4840 
4579 4968 
4580 4972 
4581 4862 
4582 4799 
4583 4959 
4584 4983 4972 4980 4994 4962 
4585 4912 
4586 4840 
4587 4753 4647 4974 4112 4938 
4588 4958 
4589 4631 
4590 4424 4916 4923 3371 4854 
4591 4755 
4592 4513 
4593 4882 
4594 4668 
4595 4951 
4596 4864 
4597 4988 
4598 4996 
4599 4950 
4600 4978 
4601 4925 
4602 4682 
4603 4634 
4604 4883 
4605 4777 
4606 4699 
4607 4532 
4608 4198 
4609 4957 
4610 4540 
4611 4908 
4612 4884 
4613 4962 
4614 4959 
4615 4945 
4616 4859 
4617 4550 
4618 4618 
4619 4619 
4620 4618 
4621 4972 
4622 4869 
4623 4663 
4624 4873 
4625 4948 
4626 4874 
4627 4983 4724 4999 4941 
4628 4994 
4629 4863 
4630 4923 
4631 4631 
4632 4777 
4633 4976 
4634 4634 
4635 4905 
4636 4950 
4637 4996 4973 4958 4554 4753 
4638 4618 
4639 4864 
4640 4859 
4641 4535 4994 4870 4647 
4642 4941 
4643 4399 4972 4815 2023 4960 
4644 4945 
4645 4935 
4646 4965 
4647 4647 
4648 4859 
4649 4974 
4650 4923 
4651 3371 4878 4999 4976 
4652 4932 
4653 4535 
4654 4869 
4655 4905 
4656 4972 4975 4823 4716 4986 
4657 4990 
4658 4935 
4659 4647 4911 4923 4452 4962 
4660 4916 
4661 4973 
4662 4993 
4663 4663 
4664 4923 
4665 4961 
4666 4682 
4667 4827 
4668 4668 
4669 4799 
4670 4799 
4671 4873 
4672 4925 
4673 4972 
4674 4869 
4675 4972 
4676 4905 
4677 4993 
4678 4935 
4679 4895 
4680 4975 
4681 4939 
4682 4682 
4683 4977 
4684 4986 
4685 4973 
4686 4980 
4687 4951 
4688 4965 
4689 4782 4682 4872 4978 4980 
4690 4863 
4691 4987 
4692 2023 
4693 4957 
4694 4948 
4695 4716 
4696 4383 
4697 4724 
4698 4951 4874 4913 4863 4782 
4699 4699 
4700 4960 
4701 4859 
4702 4905 
4703 4703 
4704 4935 
4705 4957 
4706 4975 4554 4916 4960 4950 
4707 4145 4498 4968 4996 4863 
4708 4112 4941 1786 4923 4885 
4709 4840 
4710 4951 
4711 4993 
4712 4723 
4713 4947 4532 4987 4882 4840 
4714 4954 
4715 4885 
4716 4716 
4717 4961 4960 4870 4980 4977 
4718 4959 
4719 4965 4874 4859 5000 4960 
4720 4973 
4721 4999 
4722 4980 
4723 4723 
4724 4724 
4725 4908 
4726 4980 
4727 4975 
4728 4945 
4729 4996 
4730 4980 
4731 4823 
4732 4947 
4733 4777 
4734 4883 
4735 4941 
4736 4889 
4737 4870 
4738 4618 
4739 4833 
4740 4959 
4741 4874 
4742 4863 
4743 4984 
4744 4964 
4745 4873 
4746 4782 
4747 4895 
4748 4878 
4749 3428 
4750 4840 
4751 4751 
4752 4864 
4753 4753 
4754 4304 4757 4452 4996 4813 
4755 4755 
4756 4973 
4757 4757 
4758 4758 
4759 4999 
4760 4932 
4761 4869 
4762 4304 4973 4771 4959 4989 
4763 4975 4162 4913 4634 4938 
4764 4878 
4765 4895 
4766 4872 
4767 4948 
4768 4972 
4769 4769 
4770 4840 4984 4976 4978 5000 
4771 4771 
4772 4990 
4773 4757 
4774 4799 
4775 4993 
4776 4932 
4777 4777 
4778 4938 
4779 4993 
4780 4978 
4781 4911 
4782 4782 
4783 4948 
4784 4975 
4785 4950 
4786 4947 
4787 4978 
4788 4923 
4789 4973 
4790 4859 
4791 2023 4071 4823 4873 3699 
4792 4869 
4793 4978 
4794 4939 
4795 4870 
4796 4951 
4797 4954 
4798 4840 
4799 4799 
4800 4874 
4801 4993 
4802 4958 
4803 4965 
4804 4916 4951 4236 4989 4619 
4805 4682 
4806 4869 
4807 4859 
4808 4989 
4809 4961 
4810 4682 
4811 4916 4965 4755 4960 4994 
4812 4996 
4813 4813 
4814 4958 
4815 4815 
4816 2023 4950 4618 4862 4962 
4817 4863 
4818 4935 
4819 4977 
4820 4535 4908 4192 4777 4974 
4821 4859 
4822 4989 
4823 4823 
4824 4958 
4825 4972 
4826 4978 
4827 4827 
4828 4945 
4829 4947 
4830 4948 
4831 4974 
4832 4962 
4833 4833 
4834 4993 4874 4399 4978 4989 
4835 3379 4878 4959 4947 4840 
4836 4989 
4837 4983 
4838 4944 
4839 4840 
4840 4840 
4841 4939 
4842 4873 
4843 4882 
4844 4682 
4845 4957 
4846 4885 
4847 4965 
4848 4962 
4849 4885 
4850 4989 
4851 4884 
4852 4813 4862 4827 4723 4986 
4853 4965 
4854 4854 
4855 4974 
4856 4873 
4857 4994 
4858 4924 
4859 4859 
4860 4925 
4861 4682 
4862 4862 
4863 4863 
4864 4864 
4865 4813 
4866 4859 
4867 4999 
4868 4978 
4869 4869 
4870 4870 
4871 4941 
4872 4872 
4873 4873 
4874 4874 
4875 4827 
4876 4911 
4877 4973 
4878 4878 
4879 4961 
4880 4978 
4881 4827 3371 4840 4864 4987 
4882 4882 
4883 4883 
4884 4884 
4885 4885 
4886 4958 4972 3927 4999 
4887 4962 
4888 4941 
4889 4889 
4890 4984 
4891 4975 4513 4935 4236 4980 
4892 4976 
4893 4984 
4894 4935 
4895 4895 
4896 4980 
4897 4885 
4898 4988 
4899 4968 
4900 4870 4959 4990 4911 4540 
4901 4980 
4902 4751 4989 3091 4935 4972 
4903 4947 
4904 4938 
4905 4905 
4906 4986 
4907 4976 
4908 4908 
4909 4964 
4910 4994 
4911 4911 
4912 4912 
4913 4913 
4914 4498 2929 4753 4682 4864 
4915 4977 
4916 4916 
4917 4938 
4918 5000 4859 4873 4978 4944 
4919 4961 
4920 4885 
4921 4954 
4922 4071 4975 4965 4989 4986 
4923 4923 
4924 4924 
4925 4925 
4926 4947 
4927 4954 4751 4668 4723 4962 
4928 4950 
4929 4874 
4930 4984 
4931 4986 
4932 4932 
4933 4882 
4934 5000 
4935 4935 
4936 4988 
4937 4932 4973 4771 4304 2023 
4938 4938 
4939 4939 
4940 4965 
4941 4941 
4942 3856 4699 4634 4975 4859 
4943 4987 
4944 4944 
4945 4945 
4946 4978 
4947 4947 
4948 4948 
4949 4976 
4950 4950 
4951 4951 
4952 4961 
4953 4987 
4954 4954 
4955 4990 
4956 4974 4960 4988 4554 4965 
4957 4957 
4958 4958 
4959 4959 
4960 4960 
4961 4961 
4962 4962 
4963 2929 4951 4911 4994 4873 
4964 4964 
4965 4965 
4966 3866 4977 4751 3699 4145 
4967 4968 
4968 4968 
4969 5000 
4970 4823 4815 2929 4947 4854 
4971 3379 4087 4758 2929 4916 
4972 4972 
4973 4973 
4974 4974 
4975 4975 
4976 4976 
4977 4977 
4978 4978 
4979 4999 
4980 4980 
4981 4980 
4982 4984 
4983 4983 
4984 4984 
4985 4947 
4986 4986 
4987 4987 
4988 4988 
4989 4989 
4990 4990 
4991 4972 
4992 4994 
4993 4993 
4994 4994 
4995 4994 4895 4978 4118 4782 
4996 4996 
4997 4978 
4998 4236 4782 4989 4957 4723 
4999 4999 
5000 5000 
