1 4985 
2 4591 
3 4696 
4 4978 4316 4955 
5 4915 
6 4915 
7 4920 
8 4922 
9 4473 
10 4970 
11 4239 
12 4896 
13 4644 
14 5000 
15 4879 
16 4844 
17 4977 
18 4969 
19 4844 
20 4872 
21 4516 
22 4913 
23 4984 
24 3860 
25 4999 
26 4879 
27 4931 
28 4999 
29 4958 
30 4866 
31 4940 
32 4970 
33 4948 
34 4479 
35 4978 
36 4915 
37 4897 
38 4873 
39 4978 
40 4201 
41 4920 
42 4899 
43 4479 
44 4549 
45 4269 
46 4838 
47 4922 
48 4767 
49 4920 
50 4999 
51 4988 
52 4913 
53 4999 
54 4991 
55 4644 
56 4844 
57 4956 
58 4971 
59 4975 
60 4904 
61 4908 
62 4879 
63 4969 
64 4930 
65 4920 
66 4537 
67 4201 
68 4515 
69 4883 
70 4696 
71 4879 
72 4988 
73 3335 
74 4484 
75 4251 
76 4977 
77 4852 
78 1651 
79 4957 
80 4988 
81 4485 
82 5000 
83 4866 
84 4945 
85 4922 
86 3335 
87 4978 
88 4499 
89 4939 
90 4879 
91 4328 
92 4979 
93 3860 
94 4915 
95 4972 
96 4969 
97 4383 
98 4978 
99 4970 
100 4561 
101 4999 
102 4591 
103 4977 
104 4999 
105 4912 
106 4904 
107 4975 
108 4549 
109 4915 
110 4838 
111 4958 
112 4515 
113 4901 
114 4912 
115 4920 
116 3725 
117 4960 
118 4515 
119 4932 
120 4883 
121 4894 
122 4975 
123 4970 
124 4997 
125 4992 
126 4945 
127 4912 
128 4873 
129 4516 
130 4269 
131 4958 
132 4978 
133 4899 
134 4988 
135 4838 
136 4968 
137 4912 
138 4913 
139 4897 
140 4731 
141 4945 
142 4977 
143 4866 
144 5000 
145 4957 
146 4316 
147 4871 
148 4485 
149 4567 
150 4872 
151 4904 
152 4899 
153 5000 
154 4844 
155 4975 
156 4275 
157 4872 
158 4945 
159 4904 
160 4895 
161 3777 
162 2705 
163 4977 
164 4979 
165 4776 
166 4937 
167 4201 
168 4485 4601 4999 
169 4957 
170 4516 
171 3814 
172 4971 
173 4960 
174 4945 4913 
175 4968 
176 4992 
177 4383 
178 4896 
179 4980 
180 4999 
181 4804 
182 4960 
183 4316 
184 4737 
185 4977 
186 4844 
187 4895 
188 4316 
189 4992 
190 4937 
191 4696 
192 4644 
193 4999 4980 
194 4904 
195 3335 
196 4984 
197 4615 
198 4966 
199 4979 
200 3725 
201 4997 
202 4473 
203 4980 
204 4549 
205 4838 
206 4985 
207 4970 
208 4932 
209 4908 
210 4852 
211 4515 
212 4939 
213 4737 
214 4977 
215 4899 
216 4932 
217 4897 
218 4899 
219 5000 
220 4958 
221 4998 
222 4958 
223 4958 
224 4966 
225 4392 
226 4844 
227 4922 
228 4908 
229 4932 
230 4838 
231 4904 
232 4983 
233 4873 
234 4988 
235 4939 
236 4913 
237 4913 
238 4985 
239 4932 
240 4945 
241 4975 
242 4844 
243 4984 
244 4767 
245 4804 
246 4958 
247 4378 
248 4737 
249 4932 
250 4871 
251 4932 
252 4300 
253 2705 
254 4988 
255 4837 
256 4956 
257 4979 
258 4328 
259 4776 
260 4901 
261 4710 
262 4640 
263 4615 
264 4922 
265 4567 
266 4988 
267 4392 
268 4937 
269 4901 
270 4912 
271 4959 
272 4275 
273 4992 
274 4937 
275 4975 
276 4871 
277 4978 
278 4269 
279 4897 
280 1651 
281 4912 
282 4972 
283 4977 
284 4735 
285 4485 
286 4959 
287 4883 
288 4516 
289 4316 
290 4873 
291 4985 
292 4871 
293 4959 
294 4920 
295 4485 
296 4969 
297 4527 
298 4615 
299 4958 
300 4983 
301 4913 
302 4958 
303 4932 
304 4901 
305 4601 
306 4975 
307 4944 
308 4980 
309 4549 
310 4937 
311 4992 
312 4969 
313 4904 
314 4879 
315 4894 
316 4913 
317 4904 
318 4873 
319 4809 
320 4970 4328 4527 
321 4931 
322 4972 
323 4960 
324 4879 
325 4852 
326 4913 
327 4537 
328 4737 
329 4975 
330 4966 
331 4838 
332 4992 
333 4999 
334 5000 
335 4561 
336 4516 
337 4615 
338 4983 
339 4968 
340 4316 
341 4895 
342 4958 
343 4804 
344 4959 
345 4239 
346 4620 
347 4561 
348 4955 
349 4955 
350 4872 
351 4961 
352 4959 
353 4966 
354 4944 
355 4922 
356 4972 
357 4912 
358 4966 
359 4710 
360 4316 
361 4984 
362 4531 
363 4531 
364 4948 
365 4978 
366 4961 
367 4531 
368 4932 
369 4997 
370 4960 
371 4969 
372 4535 
373 4992 
374 5000 
375 4908 
376 4932 
377 4883 
378 4895 
379 4710 
380 4899 
381 4937 
382 4735 
383 4922 
384 4591 
385 4958 
386 4899 
387 4383 
388 4485 
389 4275 
390 4484 
391 4945 
392 4948 
393 1651 
394 4991 
395 4922 
396 4985 
397 4969 
398 4939 
399 4932 
400 4998 
401 4844 
402 4904 
403 4984 
404 4997 
405 4485 
406 4535 
407 4837 
408 4713 
409 4866 
410 4979 
411 4980 
412 4966 
413 4601 
414 4988 
415 4991 
416 4985 
417 4300 3814 
418 4997 
419 4983 
420 4968 
421 4931 
422 4710 
423 4957 
424 4966 
425 4537 
426 4991 
427 4959 
428 4983 
429 4871 
430 4915 
431 4450 
432 4591 
433 4959 
434 4912 
435 4951 
436 4998 
437 4383 
438 4473 
439 4710 
440 4955 
441 3725 
442 4979 
443 4999 
444 4620 4955 
445 4979 
446 4988 
447 4958 
448 4980 
449 4959 
450 4300 
451 4969 
452 4998 
453 4300 
454 4776 
455 4871 
456 4971 
457 4844 
458 5000 
459 4961 
460 4912 
461 4972 
462 4971 
463 1651 
464 4485 
465 4930 
466 3814 
467 4968 
468 4879 
469 4940 
470 4871 
471 4944 
472 4316 
473 4937 
474 4920 
475 4620 
476 4640 
477 4930 
478 4975 
479 3814 
480 4932 
481 4932 
482 4883 
483 4930 
484 4998 
485 4992 
486 4970 
487 4983 
488 4955 
489 4837 
490 4975 
491 4970 
492 4737 
493 4960 
494 4977 
495 4837 
496 4972 
497 4837 
498 3860 
499 4960 
500 4999 
501 4937 
502 4239 
503 4972 
504 4549 
505 4988 
506 4316 
507 4838 
508 4776 
509 4998 
510 5000 
511 4895 
512 4328 
513 4997 
514 4239 
515 4956 
516 4201 
517 4980 
518 4710 
519 4940 
520 4961 
521 4516 
522 4904 
523 4901 
524 4969 
525 4948 
526 4977 
527 4908 
528 4999 
529 4710 
530 4485 
531 4531 
532 4984 
533 4988 
534 4988 
535 4838 
536 4328 
537 4872 
538 4328 
539 4355 
540 4939 
541 4912 
542 3860 
543 4983 
544 4961 
545 4895 
546 4932 
547 4984 
548 4419 
549 4269 
550 4939 
551 4844 
552 4970 
553 4873 
554 4838 
555 4915 
556 4866 
557 4871 
558 4978 
559 4999 
560 4972 
561 4978 
562 4904 
563 4838 
564 4978 
565 4997 
566 4958 
567 4991 
568 4992 
569 4961 
570 4985 
571 4838 
572 4895 
573 4961 
574 4959 
575 4735 
576 4998 
577 4591 
578 4710 
579 4899 
580 4837 
581 4275 
582 4969 
583 4894 
584 4300 
585 4809 
586 4956 
587 4937 
588 4948 
589 4484 
590 4937 
591 4473 
592 4912 
593 4392 
594 4615 
595 4897 
596 4997 
597 4731 
598 4392 
599 3777 
600 4879 
601 4978 
602 4970 
603 4988 
604 4419 
605 4615 
606 4601 
607 4731 
608 4912 
609 4997 
610 4316 
611 4968 
612 4970 
613 4960 
614 4956 
615 4713 
616 4809 
617 4992 
618 4966 
619 4535 
620 4879 
621 4983 
622 5000 
623 4485 
624 4567 
625 4977 
626 4978 
627 4972 
628 4959 
629 4879 
630 4901 
631 3777 
632 1651 
633 4879 
634 4328 
635 4767 
636 4239 
637 4904 
638 4485 
639 3335 
640 4922 
641 4640 
642 4378 
643 2705 
644 4844 
645 4844 
646 4977 
647 4561 
648 4992 
649 3335 
650 4904 
651 4955 
652 4961 
653 4985 
654 4809 
655 4980 
656 4913 
657 4984 
658 4844 
659 4956 
660 4844 
661 4883 
662 4561 
663 4945 
664 4485 
665 4944 
666 4767 
667 4895 
668 4999 
669 4957 
670 4940 
671 4961 
672 4960 
673 4972 
674 4980 
675 4975 
676 4998 
677 4992 
678 4984 
679 4879 
680 4894 
681 4904 
682 4944 
683 2705 
684 4485 
685 4913 
686 4977 
687 4908 
688 4895 
689 4944 
690 4879 
691 4866 
692 4644 
693 4961 
694 4985 
695 4932 
696 4966 
697 4871 
698 4897 
699 4968 
700 4972 
701 4948 
702 4985 
703 4992 
704 4601 
705 4879 
706 4307 
707 5000 
708 4988 
709 4979 
710 4983 
711 4485 
712 4392 
713 4992 
714 4561 
715 4998 
716 4615 
717 4960 
718 4901 
719 4883 
720 4912 
721 4737 
722 4980 
723 4912 
724 4615 
725 4549 
726 4844 
727 4985 
728 4988 
729 4961 
730 4912 
731 4450 
732 4866 
733 4776 
734 4930 
735 4899 
736 4969 
737 4378 
738 4966 
739 4307 
740 4838 
741 4945 
742 4872 
743 4515 
744 4527 
745 4983 
746 4895 
747 4872 
748 4908 
749 4983 
750 4201 4997 
751 4316 
752 4991 
753 4957 
754 4484 
755 4837 
756 4945 
757 4969 
758 4930 
759 4999 
760 4984 
761 4922 
762 4978 
763 4960 
764 4615 
765 4450 
766 4251 
767 4844 
768 4561 
769 4383 
770 4838 
771 4269 
772 4945 
773 4873 
774 4939 
775 4883 
776 4837 
777 4480 
778 4969 
779 4883 
780 4992 
781 4419 
782 4378 
783 4269 
784 4966 
785 4932 
786 4535 
787 4912 
788 4922 
789 3725 
790 4378 
791 4316 
792 3814 
793 4931 
794 5000 
795 3814 
796 4955 
797 4731 
798 4978 
799 4251 
800 4871 
801 4937 
802 4930 
803 4944 
804 4985 
805 4873 
806 4866 
807 4239 
808 1651 
809 4804 
810 4912 
811 4896 
812 4392 
813 3725 
814 4975 
815 4852 
816 4979 
817 4951 
818 4966 
819 4450 
820 4901 
821 4561 
822 4852 
823 4985 
824 4920 
825 4912 
826 4485 
827 4960 
828 4912 
829 4999 
830 5000 
831 4908 
832 4844 
833 4640 
834 4915 
835 4201 
836 4998 
837 4419 
838 4930 
839 4991 
840 4992 
841 4912 
842 4960 
843 4992 
844 4549 
845 4978 
846 4975 
847 4998 
848 4915 
849 4378 
850 2705 
851 4958 
852 4485 
853 4735 
854 3860 
855 4951 
856 4275 
857 4419 
858 4992 
859 4809 
860 3335 
861 4991 
862 4945 
863 4997 
864 4972 
865 4920 
866 4710 
867 4915 
868 4988 
869 4873 
870 4944 
871 4307 
872 4731 
873 4640 
874 4644 
875 4879 
876 4978 
877 4897 
878 4852 
879 4615 
880 4251 
881 4620 
882 4913 
883 3335 
884 4912 
885 4945 
886 4837 
887 4997 
888 4912 
889 4897 
890 4997 
891 4977 
892 4912 
893 5000 
894 4966 
895 4776 
896 4944 
897 3725 
898 4930 
899 4937 
900 4809 
901 4999 
902 4419 
903 4879 
904 4984 
905 4999 
906 4979 
907 4883 
908 4484 
909 4896 
910 4997 
911 4896 
912 4992 
913 4999 
914 4957 
915 4937 
916 4920 
917 4527 
918 4977 
919 4999 
920 4383 
921 4940 
922 4970 
923 4988 
924 4640 
925 3777 
926 4971 
927 4970 
928 4951 
929 4908 
930 4515 
931 4419 
932 4901 
933 4960 
934 4316 
935 4970 
936 4307 
937 4975 
938 4844 
939 4879 
940 4473 
941 4937 
942 4972 
943 4955 
944 4316 
945 4904 
946 4972 
947 1651 
948 4932 
949 4932 
950 4945 
951 3725 
952 4997 
953 4978 
954 4866 
955 4988 
956 4879 
957 4948 
958 4978 
959 4922 
960 4978 
961 4960 
962 4316 
963 4713 4978 
964 4983 
965 4961 
966 4975 
967 4307 
968 4985 
969 4960 
970 4912 
971 4516 
972 4872 
973 4872 
974 4915 
975 4960 
976 4527 
977 4960 
978 4485 
979 4485 
980 4975 
981 4355 
982 4908 
983 4383 
984 4904 
985 4975 
986 4355 
987 4940 
988 4549 
989 4991 
990 4516 
991 4966 
992 4991 
993 4957 
994 4879 
995 4958 
996 4901 
997 4896 
998 4997 
999 3860 
1000 4710 
1001 4696 
1002 4991 
1003 4901 
1004 4901 
1005 4960 
1006 4961 
1007 4978 
1008 4978 
1009 4485 
1010 4979 
1011 4969 
1012 4480 
1013 4640 
1014 4939 
1015 4977 
1016 4940 
1017 4975 
1018 4567 
1019 4776 
1020 4951 
1021 4419 
1022 4883 
1023 4968 
1024 3725 
1025 4997 
1026 4959 
1027 4939 
1028 3814 
1029 4961 
1030 4527 
1031 4975 
1032 4479 
1033 4838 
1034 4838 
1035 4640 
1036 4939 
1037 4961 
1038 4915 
1039 4948 
1040 4997 
1041 4852 
1042 3860 
1043 4957 
1044 4931 
1045 4984 
1046 4904 
1047 1651 
1048 4966 
1049 3725 
1050 4561 
1051 4894 
1052 4945 
1053 4955 
1054 4879 
1055 4948 
1056 4978 
1057 4871 
1058 4969 
1059 4316 
1060 4316 
1061 4920 
1062 4480 
1063 4945 
1064 4316 
1065 4992 
1066 4515 
1067 4316 
1068 4955 
1069 4968 4977 4956 
1070 4838 
1071 4852 
1072 4972 
1073 4620 
1074 4937 
1075 4969 
1076 4931 
1077 4901 
1078 4940 
1079 4896 
1080 4972 
1081 4913 
1082 4485 
1083 4937 
1084 4912 
1085 4844 
1086 4908 
1087 4480 
1088 4977 
1089 4591 
1090 4561 
1091 4937 
1092 4970 
1093 4966 
1094 4644 
1095 4988 
1096 4970 
1097 4978 4932 
1098 4871 
1099 4307 
1100 4985 
1101 4776 
1102 4958 
1103 4899 
1104 4485 
1105 4485 
1106 4984 
1107 4961 
1108 4915 
1109 4844 
1110 4997 
1111 4930 
1112 4896 
1113 4913 
1114 4937 
1115 4895 
1116 4945 
1117 4838 
1118 4984 
1119 4960 
1120 1651 
1121 4955 
1122 4696 
1123 4912 
1124 4809 
1125 4713 
1126 4809 
1127 4999 
1128 4316 
1129 4968 
1130 4852 
1131 4937 
1132 4991 
1133 4999 
1134 4328 
1135 4992 
1136 4955 
1137 4696 
1138 4978 
1139 4516 
1140 4984 
1141 4904 
1142 4920 
1143 4872 
1144 4968 
1145 4731 
1146 4908 
1147 4955 
1148 4873 
1149 4968 
1150 4980 
1151 4985 
1152 4696 
1153 4985 
1154 3335 
1155 4535 
1156 4985 
1157 4955 
1158 4731 
1159 4561 
1160 4983 
1161 4930 
1162 4937 
1163 4999 
1164 4997 
1165 4951 
1166 4997 
1167 4710 
1168 4731 
1169 4866 
1170 4615 
1171 4383 
1172 4567 
1173 4960 
1174 4895 
1175 4912 
1176 4378 
1177 4960 
1178 4837 
1179 4970 
1180 4450 
1181 4915 
1182 4904 
1183 4899 
1184 4940 
1185 4983 
1186 4977 
1187 4951 
1188 4972 
1189 4896 
1190 4972 
1191 4979 
1192 4901 
1193 4951 
1194 4696 
1195 4968 
1196 4975 
1197 5000 
1198 4392 
1199 4896 
1200 4908 
1201 4515 
1202 4516 
1203 3814 
1204 4956 
1205 4201 
1206 4945 
1207 4866 
1208 4999 
1209 4980 
1210 4912 
1211 4920 
1212 4419 
1213 4940 
1214 4879 
1215 4873 
1216 4866 
1217 4992 
1218 4804 
1219 4499 
1220 4932 
1221 4837 
1222 4977 
1223 4852 
1224 4316 
1225 4561 
1226 4951 
1227 4991 
1228 4899 
1229 4873 
1230 4983 
1231 4997 
1232 4932 
1233 4895 
1234 4945 
1235 4939 
1236 4999 
1237 4640 
1238 4837 
1239 4983 
1240 5000 
1241 4951 4915 
1242 4901 
1243 4904 
1244 4355 
1245 4961 
1246 4951 
1247 4852 
1248 4480 
1249 4945 
1250 4957 
1251 4837 
1252 4970 
1253 4958 
1254 4958 
1255 4844 
1256 4998 
1257 4239 
1258 4615 
1259 4591 
1260 4922 
1261 4776 
1262 4951 
1263 4992 
1264 4970 
1265 4948 
1266 4997 4615 
1267 4897 
1268 4644 
1269 4971 2705 
1270 4269 
1271 4239 
1272 4615 
1273 4516 
1274 4804 
1275 4899 
1276 4988 
1277 4970 
1278 4945 
1279 4809 
1280 4307 
1281 4485 
1282 4988 
1283 4932 
1284 4922 
1285 4920 
1286 4920 
1287 4640 
1288 4980 
1289 4961 
1290 4419 
1291 4961 
1292 3814 
1293 4879 
1294 4955 
1295 4958 
1296 4484 
1297 4896 
1298 4897 
1299 4937 
1300 4355 
1301 4908 
1302 4988 
1303 4866 
1304 4955 
1305 4960 
1306 4980 
1307 4955 
1308 4852 
1309 4316 
1310 4985 
1311 4480 
1312 4735 
1313 4735 
1314 4897 
1315 4999 
1316 4937 
1317 4939 
1318 4450 
1319 4710 
1320 4419 
1321 4713 4776 
1322 4710 
1323 3335 
1324 4873 
1325 4392 
1326 4896 
1327 4644 
1328 4915 
1329 4866 
1330 4992 
1331 4479 
1332 4988 
1333 4948 
1334 4251 
1335 4535 
1336 4879 
1337 4620 4944 
1338 4937 
1339 4992 
1340 4908 
1341 4316 
1342 4809 
1343 4897 
1344 4992 
1345 4904 
1346 4737 
1347 4531 
1348 4915 
1349 4971 
1350 4479 
1351 4307 
1352 4983 
1353 4971 
1354 4328 
1355 4872 
1356 4975 
1357 4961 
1358 4984 
1359 4731 
1360 4316 
1361 4999 
1362 2705 
1363 4904 
1364 4937 
1365 4901 
1366 4897 
1367 4844 
1368 4997 
1369 4776 
1370 4980 
1371 4883 
1372 4969 
1373 4908 
1374 4958 
1375 4955 4971 
1376 4960 
1377 4527 
1378 4837 
1379 4998 
1380 4984 
1381 3725 
1382 4991 
1383 3335 
1384 4955 
1385 4972 
1386 4961 
1387 4980 
1388 4970 
1389 4932 
1390 4932 
1391 4838 
1392 4872 
1393 4873 
1394 4960 
1395 4515 
1396 4316 
1397 4776 
1398 4549 
1399 4951 
1400 4988 
1401 4999 
1402 4392 
1403 4931 
1404 4955 
1405 4809 
1406 4977 
1407 4904 
1408 4932 
1409 4958 
1410 4485 
1411 4951 
1412 4977 
1413 4537 
1414 4940 
1415 4931 
1416 4567 
1417 4567 
1418 4958 
1419 3335 
1420 4484 
1421 4977 
1422 4985 
1423 4872 
1424 4992 
1425 4871 
1426 4378 4883 
1427 4838 
1428 4484 
1429 5000 
1430 4872 
1431 4316 
1432 4269 
1433 4316 
1434 4591 
1435 4944 
1436 4960 
1437 4879 
1438 4951 
1439 4972 
1440 4485 
1441 4561 
1442 4915 
1443 4992 
1444 4968 
1445 4844 
1446 4988 
1447 4894 
1448 4561 
1449 4955 
1450 4992 
1451 3335 
1452 4531 
1453 4915 
1454 4992 
1455 4601 
1456 4997 
1457 4985 
1458 4904 
1459 4912 
1460 4615 
1461 4992 
1462 4944 
1463 4975 
1464 4485 
1465 4535 4531 
1466 3777 
1467 4978 
1468 4894 
1469 4838 
1470 4972 
1471 4904 
1472 4931 
1473 4275 
1474 4966 
1475 4300 
1476 4922 
1477 4838 
1478 4904 
1479 4615 
1480 4640 
1481 4991 
1482 4999 
1483 4883 
1484 4837 
1485 4837 
1486 4713 
1487 4837 
1488 4710 
1489 4567 
1490 4316 
1491 4937 
1492 4866 
1493 4992 
1494 4979 
1495 4972 
1496 4975 
1497 4485 
1498 4915 
1499 5000 
1500 4480 
1501 4991 
1502 4991 
1503 4922 
1504 3335 
1505 4971 
1506 4970 4968 
1507 4615 
1508 4999 
1509 4735 
1510 4999 
1511 4710 
1512 4549 
1513 4615 
1514 4913 
1515 2705 
1516 4988 
1517 4899 
1518 4838 
1519 4930 
1520 4999 
1521 4912 
1522 4920 
1523 4871 
1524 4485 
1525 4866 
1526 4957 4696 
1527 4737 
1528 4731 
1529 3814 
1530 4957 
1531 4979 
1532 4912 
1533 4895 
1534 4956 
1535 4980 
1536 4999 
1537 4852 
1538 4378 
1539 4980 
1540 4961 
1541 4837 
1542 4961 
1543 4316 
1544 5000 
1545 4879 
1546 4937 
1547 4535 
1548 4735 
1549 4894 
1550 4838 
1551 4991 
1552 4895 
1553 4940 
1554 4932 
1555 4991 4983 
1556 4615 
1557 4838 
1558 4620 
1559 4992 
1560 4644 
1561 4912 
1562 4873 
1563 4999 
1564 4735 
1565 4485 
1566 4972 
1567 4912 
1568 4988 
1569 4838 
1570 4871 
1571 4328 
1572 4809 
1573 4922 
1574 4951 
1575 4392 
1576 4713 
1577 4985 
1578 4945 
1579 4915 
1580 4485 
1581 4951 
1582 4970 
1583 4852 
1584 4979 
1585 4615 
1586 4883 
1587 4937 
1588 4300 
1589 4355 
1590 3814 
1591 4485 
1592 4960 
1593 4355 
1594 4251 
1595 4620 
1596 4873 
1597 4991 4940 
1598 4992 
1599 4944 
1600 4535 4852 
1601 4378 
1602 4984 
1603 4901 
1604 4873 
1605 4895 
1606 3814 4804 
1607 4644 
1608 4883 
1609 4984 
1610 4844 
1611 4879 
1612 4960 
1613 4485 
1614 4871 
1615 4970 
1616 4960 4948 
1617 4383 
1618 4872 
1619 4561 
1620 4620 
1621 4969 
1622 4956 
1623 4300 
1624 4932 
1625 4872 4975 
1626 4951 
1627 4978 
1628 4601 
1629 4969 
1630 4561 
1631 4895 
1632 4978 
1633 4479 
1634 4355 
1635 4972 
1636 4531 
1637 4983 
1638 4378 
1639 4944 
1640 4940 
1641 4328 
1642 4961 4948 
1643 4985 
1644 4997 4992 
1645 4999 
1646 4978 
1647 4567 
1648 4932 
1649 3814 
1650 4696 
1651 1651 
1652 4961 
1653 4895 
1654 4992 
1655 4912 
1656 4991 
1657 4837 
1658 4977 
1659 4939 
1660 4997 
1661 4904 
1662 4480 
1663 4383 
1664 4904 
1665 4838 
1666 4915 
1667 3335 4620 
1668 4901 
1669 4615 
1670 4269 
1671 4939 
1672 4977 
1673 4866 
1674 4894 
1675 4737 
1676 4899 
1677 4932 
1678 4895 
1679 4484 
1680 4920 
1681 4937 
1682 4920 
1683 4838 
1684 4894 
1685 4879 
1686 4591 
1687 2705 
1688 4951 
1689 4912 
1690 4895 
1691 4977 
1692 4922 
1693 4920 
1694 4852 
1695 4894 
1696 4883 
1697 4901 
1698 4958 
1699 4997 
1700 4937 
1701 4776 
1702 4307 
1703 4866 
1704 4499 
1705 4328 4980 
1706 4945 
1707 3777 
1708 4640 
1709 4378 
1710 4997 4998 
1711 4945 
1712 4844 
1713 4535 
1714 4620 
1715 4920 
1716 4972 
1717 4913 
1718 4852 
1719 4977 
1720 4873 
1721 4970 
1722 4922 4937 
1723 4922 
1724 4485 4955 
1725 4901 
1726 5000 
1727 5000 
1728 4838 
1729 4955 
1730 4601 
1731 4983 
1732 4713 
1733 4978 
1734 4945 
1735 4978 
1736 4383 
1737 4975 
1738 4983 
1739 4838 
1740 4872 
1741 4737 
1742 4873 4944 
1743 4378 
1744 4945 
1745 4844 
1746 4269 
1747 4450 
1748 4931 
1749 4930 
1750 4392 
1751 4866 
1752 4944 
1753 4932 
1754 4998 4988 
1755 4988 
1756 4960 
1757 4316 
1758 4940 
1759 4992 
1760 4979 
1761 4930 
1762 4970 
1763 4971 
1764 4945 
1765 4872 
1766 4978 
1767 4922 
1768 4922 
1769 4968 
1770 4838 
1771 4945 
1772 4515 
1773 4269 
1774 4620 4940 
1775 4957 
1776 4895 
1777 4804 
1778 4899 
1779 4988 
1780 4644 
1781 4871 
1782 4979 
1783 3335 
1784 4915 
1785 4239 
1786 1651 
1787 4971 
1788 4640 
1789 4731 
1790 4948 
1791 4957 
1792 4537 
1793 4991 
1794 4640 
1795 4269 
1796 4959 
1797 4392 
1798 4844 4378 
1799 4896 
1800 4516 
1801 4879 
1802 4958 
1803 4984 4535 
1804 4972 
1805 4485 
1806 4970 
1807 4922 
1808 4992 
1809 4969 
1810 4485 
1811 4932 
1812 4969 
1813 4731 
1814 3860 
1815 4484 4527 
1816 4419 
1817 4731 
1818 4999 
1819 4710 
1820 4879 
1821 4977 
1822 4970 
1823 4971 
1824 4904 
1825 4945 
1826 4991 4897 
1827 4945 
1828 4912 
1829 4939 
1830 4866 
1831 4956 
1832 4991 
1833 4912 
1834 4871 
1835 4450 
1836 4999 
1837 4958 
1838 4896 
1839 4975 
1840 4979 
1841 4561 
1842 4932 
1843 3777 
1844 4561 
1845 3777 
1846 4275 
1847 4561 
1848 4985 
1849 4620 
1850 4957 
1851 2705 
1852 5000 
1853 4897 
1854 4970 
1855 4988 
1856 4988 
1857 3335 
1858 4932 
1859 4899 
1860 4378 
1861 4980 
1862 4930 
1863 4945 
1864 4991 
1865 4959 
1866 4515 
1867 4992 
1868 4972 
1869 4978 
1870 4879 
1871 4970 
1872 4615 
1873 4960 
1874 4968 
1875 4873 
1876 4567 
1877 4897 
1878 4959 
1879 4991 
1880 5000 
1881 4920 
1882 4913 
1883 4601 
1884 4561 
1885 4710 
1886 4988 
1887 4873 
1888 4957 
1889 4601 
1890 4991 
1891 4269 
1892 5000 
1893 4419 
1894 4895 
1895 4966 
1896 4601 
1897 4960 
1898 4561 
1899 4988 
1900 4239 
1901 4485 
1902 4378 
1903 4988 
1904 4997 
1905 4484 
1906 4897 
1907 4975 
1908 3777 
1909 4499 
1910 4983 
1911 4983 
1912 4997 
1913 4251 
1914 4713 
1915 4561 
1916 3814 
1917 4561 
1918 4567 
1919 4383 
1920 4970 
1921 4383 
1922 4883 
1923 4872 
1924 4991 
1925 4958 
1926 4999 
1927 4957 
1928 4999 
1929 4985 
1930 4852 
1931 4991 
1932 4930 
1933 4908 
1934 4971 
1935 4983 
1936 4561 
1937 4971 
1938 4958 
1939 3335 
1940 4956 
1941 4961 
1942 4838 
1943 4615 
1944 4932 
1945 4904 
1946 4978 
1947 4958 
1948 4932 
1949 4561 
1950 4980 
1951 4961 
1952 4960 
1953 4300 4940 
1954 4378 
1955 4316 
1956 4959 
1957 4948 
1958 4871 
1959 4549 
1960 4983 
1961 4975 
1962 4977 
1963 4958 
1964 4959 
1965 4879 
1966 4531 
1967 4879 
1968 4957 
1969 4972 
1970 4961 4897 
1971 4904 
1972 4980 
1973 4527 
1974 4392 
1975 4979 
1976 4201 4969 
1977 4985 
1978 4930 
1979 3777 
1980 4516 
1981 4997 
1982 4975 
1983 4937 
1984 4960 
1985 4484 
1986 4932 
1987 4904 
1988 4959 
1989 4944 
1990 4970 
1991 4958 
1992 4620 
1993 4251 
1994 4549 
1995 4567 
1996 4269 
1997 4251 
1998 4355 
1999 4975 
2000 4940 
2001 4894 
2002 3860 
2003 4731 
2004 4251 
2005 4901 
2006 4972 
2007 4852 
2008 4479 
2009 4844 
2010 4956 
2011 4997 
2012 4915 
2013 4912 
2014 4922 
2015 4879 
2016 4269 
2017 4972 
2018 4479 
2019 3860 4378 
2020 4713 
2021 4948 
2022 1651 
2023 4984 
2024 4983 
2025 4904 4977 
2026 4960 
2027 4601 
2028 4838 
2029 4978 
2030 4837 
2031 4912 
2032 4972 
2033 4871 
2034 4969 
2035 4485 
2036 4940 
2037 4895 
2038 4975 
2039 4852 
2040 4944 
2041 4980 
2042 4970 
2043 4904 4838 
2044 4930 
2045 4899 
2046 4960 
2047 4972 
2048 4644 
2049 4561 
2050 4971 
2051 4997 
2052 4897 
2053 4979 
2054 4915 
2055 4997 
2056 4871 
2057 4978 
2058 4997 
2059 4269 
2060 4527 
2061 4979 
2062 4531 
2063 4999 
2064 4837 
2065 4516 
2066 4872 
2067 4948 
2068 4957 
2069 4879 
2070 4978 
2071 4776 
2072 4615 
2073 4999 
2074 4897 
2075 4499 
2076 4970 
2077 4767 
2078 4710 
2079 4872 
2080 3860 4908 
2081 4275 
2082 4957 
2083 4937 
2084 4912 
2085 4977 
2086 4899 
2087 4516 
2088 4561 
2089 4713 
2090 4871 
2091 4915 
2092 4960 
2093 4328 
2094 4473 
2095 5000 
2096 4932 
2097 4991 
2098 4895 
2099 4879 
2100 4879 
2101 4951 4899 
2102 4837 4378 
2103 5000 
2104 4392 
2105 4531 
2106 4269 4968 
2107 4955 
2108 4879 
2109 4901 
2110 4904 
2111 2705 
2112 3335 
2113 4975 
2114 4955 
2115 4999 
2116 4999 
2117 4997 
2118 4899 
2119 4992 
2120 4951 
2121 4992 
2122 4984 
2123 4883 
2124 4913 
2125 4419 
2126 4872 
2127 4920 
2128 4601 
2129 4479 
2130 4955 
2131 4915 
2132 4985 
2133 4908 
2134 4960 
2135 4731 
2136 4992 
2137 4978 
2138 4998 
2139 4983 
2140 4837 
2141 4615 
2142 4971 
2143 4956 
2144 4844 
2145 4988 
2146 4971 
2147 4620 
2148 4944 
2149 4883 
2150 4527 
2151 4940 
2152 4561 
2153 4915 
2154 4984 
2155 4844 
2156 4527 
2157 4959 
2158 4300 
2159 4710 
2160 4977 
2161 4937 
2162 4969 
2163 4479 
2164 4979 
2165 4912 
2166 4809 
2167 4561 
2168 4961 
2169 4997 
2170 4644 
2171 4983 
2172 4879 
2173 4355 4767 
2174 4879 
2175 4991 
2176 4713 
2177 4960 
2178 4915 
2179 4997 4959 
2180 4931 
2181 2705 
2182 4998 
2183 4991 
2184 4972 
2185 4978 
2186 4955 
2187 4922 
2188 4983 
2189 4269 
2190 4961 
2191 4966 
2192 4871 
2193 4983 
2194 4852 
2195 4992 
2196 4988 
2197 4479 
2198 4931 
2199 4960 
2200 5000 
2201 4872 
2202 4908 
2203 4975 
2204 4871 
2205 4999 
2206 4485 
2207 4767 
2208 4201 
2209 1651 
2210 4307 
2211 4837 
2212 4515 
2213 4251 
2214 4873 
2215 4922 
2216 4951 
2217 4920 
2218 4838 
2219 4980 
2220 3814 
2221 4895 
2222 4961 
2223 4640 
2224 4809 
2225 4731 
2226 4984 
2227 4896 
2228 4968 
2229 4939 
2230 4975 
2231 4879 
2232 4872 
2233 4977 
2234 3860 
2235 4975 
2236 4913 
2237 4809 
2238 4984 
2239 4473 
2240 4966 
2241 4966 
2242 4561 
2243 4940 
2244 3725 
2245 4904 
2246 4872 
2247 4944 
2248 3777 
2249 4872 
2250 4201 
2251 4527 
2252 4912 
2253 4991 
2254 4957 
2255 4997 
2256 4895 
2257 4866 
2258 4735 
2259 4922 
2260 4969 
2261 4966 
2262 4450 
2263 4838 
2264 4969 
2265 4975 
2266 4383 
2267 4561 
2268 4966 
2269 4615 
2270 4804 
2271 4984 
2272 4985 4251 
2273 1651 
2274 4307 
2275 4972 
2276 4988 
2277 4239 
2278 4883 
2279 4980 
2280 4275 
2281 4984 
2282 3725 
2283 4980 
2284 4450 
2285 4908 
2286 4615 
2287 4392 
2288 3860 
2289 4975 
2290 4970 
2291 4971 
2292 4970 
2293 4966 
2294 4696 
2295 4485 
2296 4970 
2297 4991 
2298 4419 
2299 4977 
2300 4979 
2301 4300 
2302 4948 
2303 4450 
2304 4615 
2305 4908 
2306 4977 
2307 4872 
2308 4904 
2309 3814 
2310 4957 
2311 4731 
2312 4951 
2313 4837 
2314 4977 
2315 4895 
2316 4872 
2317 4999 
2318 4988 
2319 4901 
2320 4922 
2321 4251 
2322 4992 
2323 4419 
2324 4837 
2325 4966 
2326 4957 
2327 5000 
2328 4912 
2329 4958 
2330 4515 
2331 4922 5000 
2332 4899 
2333 4485 
2334 4307 4958 
2335 4499 
2336 4537 
2337 4912 
2338 4328 
2339 4804 
2340 4735 
2341 4201 
2342 4479 
2343 5000 
2344 4912 
2345 4897 
2346 4899 
2347 4767 
2348 4837 
2349 4776 
2350 4971 
2351 4985 
2352 4535 
2353 4978 
2354 4945 
2355 4484 
2356 4535 
2357 4960 
2358 4485 
2359 4940 
2360 4844 
2361 4999 
2362 4920 
2363 4838 
2364 4930 
2365 4932 
2366 4527 
2367 4932 
2368 4979 
2369 4895 
2370 4972 
2371 4970 
2372 4591 
2373 4961 
2374 4984 
2375 4992 
2376 4951 
2377 4970 
2378 4383 
2379 4992 
2380 4977 
2381 4985 
2382 4930 
2383 4997 
2384 4978 
2385 4480 
2386 4871 
2387 4737 
2388 3814 
2389 4955 
2390 4999 
2391 4931 
2392 4485 
2393 4945 
2394 4960 
2395 4955 
2396 4959 
2397 4644 
2398 4904 
2399 4879 
2400 4966 
2401 4561 
2402 4804 
2403 4804 
2404 4804 
2405 4735 
2406 4776 
2407 4944 
2408 4710 
2409 4922 
2410 4931 
2411 4710 
2412 4992 
2413 4515 4966 
2414 4239 
2415 4985 
2416 4958 
2417 4985 
2418 4975 
2419 4383 
2420 4978 
2421 4932 
2422 4922 
2423 4804 
2424 4913 
2425 4997 
2426 4956 
2427 4998 
2428 4485 
2429 4945 
2430 4983 
2431 4939 
2432 4992 
2433 4945 
2434 3725 
2435 4978 
2436 4932 
2437 4951 
2438 4904 
2439 4767 
2440 4971 
2441 4620 
2442 4977 
2443 4591 
2444 4984 
2445 4567 
2446 4945 
2447 4988 
2448 4809 
2449 4499 
2450 4988 
2451 4970 
2452 4844 
2453 4984 
2454 4998 
2455 4838 
2456 4922 
2457 4992 
2458 4972 
2459 4601 
2460 4499 
2461 4997 
2462 4767 
2463 4955 
2464 4896 
2465 4940 
2466 4922 
2467 4879 
2468 4838 
2469 4912 
2470 4838 
2471 4735 
2472 4945 
2473 4894 
2474 2705 
2475 4871 4983 
2476 4955 
2477 4804 
2478 4980 
2479 4904 4985 
2480 4985 
2481 4956 
2482 4896 
2483 4897 
2484 4959 
2485 4866 
2486 4972 
2487 4988 
2488 4968 4945 
2489 4998 
2490 4940 
2491 5000 
2492 4915 
2493 4945 
2494 4901 
2495 4951 4737 
2496 4970 
2497 4948 
2498 4920 
2499 4980 4912 
2500 4940 
2501 4971 
2502 4966 
2503 4615 
2504 4975 
2505 4977 
2506 4561 
2507 4912 
2508 4920 
2509 4737 
2510 4969 
2511 4883 
2512 4809 
2513 4984 
2514 4945 
2515 4957 
2516 4316 
2517 4485 
2518 4601 
2519 3860 
2520 4945 
2521 4951 
2522 4615 
2523 4931 
2524 4922 4883 
2525 4998 
2526 4980 
2527 4872 
2528 4615 
2529 4883 
2530 4992 
2531 4872 
2532 4980 
2533 4300 
2534 4979 
2535 4985 
2536 4978 
2537 4975 
2538 4955 4601 
2539 4872 
2540 4901 
2541 4527 
2542 4601 
2543 4873 
2544 4620 
2545 4972 
2546 4966 
2547 4535 
2548 4239 
2549 4866 
2550 4991 
2551 4983 
2552 4945 4999 
2553 4988 
2554 4239 4696 
2555 4999 
2556 4269 
2557 4852 
2558 4838 
2559 4945 
2560 4484 
2561 4913 
2562 4931 
2563 4767 
2564 4988 
2565 4383 
2566 4955 
2567 4549 
2568 4696 
2569 4485 
2570 4972 
2571 4998 
2572 4515 
2573 4979 
2574 4535 
2575 4883 
2576 4977 4968 
2577 4960 
2578 4615 
2579 4968 
2580 4972 
2581 4937 
2582 4945 
2583 3860 
2584 4966 
2585 4992 
2586 4975 
2587 4937 
2588 4328 
2589 4872 
2590 4837 
2591 4731 
2592 4879 
2593 4997 4713 
2594 4473 
2595 4620 
2596 4713 
2597 4920 
2598 4975 
2599 4999 
2600 4269 
2601 4904 
2602 4485 
2603 4383 4300 
2604 4871 
2605 4561 
2606 3335 
2607 4485 
2608 4998 
2609 4991 
2610 4912 
2611 4920 
2612 4591 
2613 4328 
2614 4567 4901 
2615 4948 
2616 4696 
2617 4531 
2618 4971 
2619 4852 
2620 4968 
2621 4956 
2622 4871 
2623 4485 
2624 4499 
2625 4913 
2626 4970 
2627 4955 
2628 4883 
2629 4957 
2630 4980 
2631 4988 
2632 4992 
2633 4961 
2634 4978 
2635 4997 
2636 4956 
2637 4945 
2638 4615 
2639 4940 
2640 4932 
2641 4983 
2642 4767 
2643 4968 
2644 4473 
2645 4968 
2646 4549 
2647 4838 4844 
2648 4985 
2649 4896 
2650 4852 
2651 4980 
2652 4804 
2653 4269 
2654 4904 
2655 4969 
2656 4480 
2657 4915 
2658 4978 
2659 4615 
2660 4615 
2661 4852 
2662 4328 
2663 4932 
2664 4809 
2665 4971 
2666 4988 
2667 4959 
2668 4531 
2669 4983 
2670 4968 
2671 4908 
2672 4837 
2673 4961 
2674 4838 
2675 4696 4601 
2676 4951 
2677 4931 
2678 4419 
2679 4567 
2680 4844 
2681 4871 
2682 4992 
2683 4948 
2684 4997 4968 
2685 4383 
2686 4378 
2687 5000 
2688 4931 
2689 4897 
2690 4960 
2691 4883 
2692 4894 
2693 4913 
2694 4948 
2695 4988 
2696 4895 
2697 4959 
2698 4809 
2699 4968 
2700 4999 
2701 4968 
2702 4901 
2703 4915 
2704 4939 
2705 2705 
2706 4998 
2707 4998 
2708 4852 
2709 4516 
2710 4999 
2711 4975 
2712 4972 
2713 4966 
2714 4988 
2715 4516 
2716 4873 
2717 4615 
2718 4901 
2719 4713 
2720 4307 
2721 4713 
2722 4992 
2723 4944 
2724 4930 
2725 4355 
2726 4969 
2727 4955 
2728 4988 
2729 4866 4710 
2730 4970 
2731 4971 
2732 4838 4883 
2733 4899 
2734 4968 4958 
2735 4328 
2736 4997 
2737 4970 
2738 4913 
2739 4355 
2740 4920 
2741 4970 
2742 4983 
2743 4866 
2744 4561 
2745 4866 
2746 4516 
2747 3860 4535 3725 
2748 4999 
2749 4999 
2750 4957 
2751 4985 
2752 4615 
2753 4958 
2754 4737 
2755 4879 
2756 4999 
2757 4920 
2758 4984 
2759 4988 
2760 4615 
2761 4883 
2762 4776 4999 
2763 4239 
2764 4895 
2765 4988 
2766 4961 
2767 4997 
2768 4983 
2769 4957 
2770 4988 
2771 3777 
2772 4591 
2773 4644 
2774 4912 
2775 4838 
2776 4527 
2777 4939 
2778 4940 
2779 4913 
2780 4901 
2781 4977 
2782 4951 
2783 4957 
2784 4998 4984 
2785 4931 
2786 4956 
2787 4908 
2788 4960 
2789 4899 
2790 4904 
2791 4977 
2792 4913 
2793 4985 
2794 4985 
2795 4895 
2796 4997 
2797 4852 
2798 4879 4838 
2799 4419 
2800 4975 
2801 4966 
2802 4269 
2803 4970 
2804 4913 
2805 4307 
2806 4644 
2807 4713 
2808 4872 
2809 4999 
2810 4948 
2811 4838 
2812 4997 4450 
2813 4957 
2814 4970 
2815 4948 
2816 4615 
2817 4316 
2818 4978 
2819 4896 
2820 4899 4978 
2821 4957 
2822 4567 
2823 3725 
2824 4961 
2825 4895 
2826 4871 4991 
2827 4922 
2828 4328 
2829 4852 
2830 4601 
2831 4992 
2832 4988 4959 
2833 4615 
2834 4977 
2835 4912 
2836 4737 
2837 4838 
2838 4531 
2839 4615 4201 
2840 4896 
2841 4844 
2842 4591 4737 
2843 4957 
2844 4307 
2845 4561 
2846 4945 
2847 4485 
2848 4871 
2849 4644 4939 
2850 4901 
2851 4913 
2852 4961 
2853 4485 4844 
2854 4937 
2855 4951 
2856 4985 
2857 4966 
2858 4991 
2859 4984 4999 
2860 4988 
2861 4473 
2862 4899 
2863 4450 
2864 4915 
2865 4804 
2866 4567 
2867 4992 
2868 4951 
2869 4644 
2870 4894 
2871 4960 
2872 4961 
2873 5000 
2874 4960 
2875 4640 
2876 3725 
2877 4872 
2878 4983 
2879 4977 
2880 4844 
2881 1651 4988 
2882 4966 
2883 4955 
2884 4515 
2885 4970 
2886 4969 
2887 4735 
2888 4355 
2889 4561 
2890 4896 
2891 4970 
2892 4537 
2893 4912 
2894 4983 
2895 4480 
2896 4966 
2897 4897 
2898 4958 
2899 4985 
2900 4988 
2901 4904 
2902 4972 
2903 4960 
2904 4838 
2905 4767 
2906 4970 
2907 4883 
2908 4913 
2909 1651 
2910 4844 
2911 4696 
2912 4992 
2913 4988 
2914 4984 
2915 4485 
2916 4958 
2917 4894 
2918 4951 
2919 4873 
2920 4837 
2921 4997 
2922 4932 
2923 4316 
2924 4920 
2925 4640 
2926 4879 
2927 4516 
2928 4644 
2929 4920 
2930 4951 
2931 4955 
2932 4837 
2933 4975 
2934 4251 
2935 4895 
2936 4932 
2937 4944 
2938 4930 
2939 4931 
2940 4969 4561 
2941 4956 
2942 4879 
2943 3860 
2944 4515 
2945 4537 
2946 4931 
2947 4948 
2948 4549 
2949 4776 
2950 4999 
2951 3725 
2952 4985 4997 
2953 4897 
2954 4615 
2955 4895 
2956 4904 
2957 4735 
2958 4931 
2959 4970 
2960 4355 
2961 4908 
2962 4644 
2963 4975 
2964 4984 
2965 4620 
2966 4922 
2967 4561 
2968 4844 
2969 4930 
2970 4883 
2971 4945 
2972 4269 
2973 4979 
2974 3777 4966 
2975 4615 
2976 4937 
2977 4975 
2978 4922 
2979 4944 
2980 4871 
2981 4955 
2982 4872 
2983 4527 
2984 4527 
2985 4591 
2986 4975 
2987 2705 
2988 5000 
2989 4978 4473 
2990 4899 
2991 4838 
2992 4710 
2993 4567 
2994 4945 
2995 4985 
2996 4955 4908 
2997 4872 
2998 4485 
2999 4937 
3000 4866 
3001 3335 
3002 4957 
3003 4912 
3004 4567 
3005 4480 
3006 4999 
3007 4970 
3008 4937 
3009 4975 
3010 4239 
3011 4944 
3012 4997 
3013 4201 
3014 4975 
3015 4955 
3016 4535 
3017 4991 
3018 4804 
3019 4997 
3020 4908 
3021 4951 
3022 4537 
3023 4251 
3024 4966 
3025 4561 
3026 3725 
3027 4920 4866 
3028 4537 
3029 4970 
3030 4922 
3031 3725 
3032 4961 
3033 4899 
3034 4908 
3035 4948 
3036 4971 
3037 4961 
3038 4300 
3039 3335 
3040 4852 
3041 4991 4939 
3042 4998 
3043 4549 
3044 4920 
3045 4922 
3046 4300 
3047 4966 
3048 4932 
3049 4971 
3050 4970 
3051 4531 
3052 4958 
3053 4958 
3054 4984 4844 
3055 4955 4378 
3056 4269 
3057 4561 
3058 4872 
3059 4983 
3060 4983 
3061 4951 
3062 4485 
3063 4978 
3064 4940 
3065 4591 
3066 4971 
3067 4531 
3068 4515 
3069 4527 
3070 4972 
3071 4901 
3072 3335 
3073 4897 
3074 4897 
3075 4251 
3076 4940 
3077 4479 
3078 4955 
3079 4937 
3080 4966 
3081 4591 
3082 4913 
3083 4516 
3084 4932 
3085 4920 
3086 4615 
3087 4977 
3088 4977 
3089 4895 
3090 4485 
3091 4932 
3092 4844 
3093 4951 
3094 4970 
3095 4383 
3096 4776 4999 
3097 4201 4378 
3098 4961 
3099 4809 
3100 4939 
3101 4710 
3102 4879 
3103 4904 
3104 3335 
3105 4997 
3106 4940 
3107 4985 
3108 4737 
3109 5000 
3110 4985 
3111 4915 
3112 4316 
3113 4879 
3114 4713 
3115 4983 4966 
3116 4985 
3117 4696 
3118 4957 4930 
3119 4499 
3120 4713 
3121 4735 
3122 2705 
3123 4731 
3124 4615 
3125 4991 
3126 4992 
3127 4239 
3128 4945 
3129 4316 
3130 4480 
3131 4567 
3132 4991 4838 
3133 4977 4901 
3134 4975 
3135 4615 
3136 4931 
3137 4527 
3138 4275 
3139 4316 
3140 4615 4960 
3141 3335 
3142 4992 
3143 4479 
3144 4515 4537 
3145 4549 
3146 4997 
3147 4980 
3148 3814 
3149 4980 
3150 4883 
3151 4939 
3152 4955 
3153 4960 
3154 4912 
3155 4644 
3156 4838 
3157 4915 
3158 4968 
3159 4957 
3160 4948 
3161 4866 
3162 4932 
3163 4809 
3164 4997 
3165 4944 
3166 4485 4912 
3167 4908 4904 
3168 4419 
3169 4920 
3170 4239 
3171 4944 
3172 4984 
3173 4515 4485 
3174 4601 
3175 4931 
3176 3725 
3177 4871 
3178 4961 
3179 4378 
3180 4896 
3181 1651 
3182 4480 
3183 4988 
3184 4992 
3185 4915 
3186 4531 
3187 4516 
3188 4620 4378 
3189 4879 
3190 4999 
3191 4997 
3192 4971 
3193 4940 
3194 4328 1651 
3195 4852 
3196 4251 
3197 4968 
3198 4866 
3199 4904 
3200 4999 
3201 4837 
3202 4895 
3203 4913 
3204 4944 
3205 4972 
3206 4904 
3207 3814 
3208 4971 
3209 4737 
3210 4999 
3211 5000 
3212 4908 
3213 4901 
3214 4920 
3215 5000 
3216 4904 
3217 4960 
3218 4912 
3219 4696 
3220 4978 
3221 4968 
3222 4940 
3223 4731 
3224 4901 
3225 4316 
3226 4872 
3227 4951 
3228 4601 
3229 4951 
3230 4956 
3231 4837 4956 
3232 4992 
3233 4871 
3234 4901 
3235 4960 
3236 4955 
3237 4904 
3238 4959 
3239 4977 
3240 4899 4945 
3241 4969 4866 
3242 4948 
3243 4201 
3244 4844 
3245 4737 
3246 4561 
3247 4871 
3248 4591 
3249 4883 
3250 4355 
3251 4970 
3252 4316 
3253 4939 
3254 4316 
3255 4997 4977 
3256 4960 
3257 4251 
3258 4948 
3259 4871 4940 
3260 4901 
3261 4239 
3262 4992 
3263 4896 
3264 4983 
3265 4920 4988 
3266 4944 
3267 4960 
3268 4968 
3269 4537 
3270 4804 
3271 4977 
3272 4838 4640 
3273 4591 
3274 4561 
3275 4895 4956 
3276 4988 
3277 4971 
3278 4873 
3279 4879 
3280 4958 
3281 4915 
3282 4696 
3283 4988 
3284 4970 
3285 4991 
3286 4979 
3287 4975 
3288 4531 
3289 5000 
3290 4896 
3291 4955 
3292 4300 
3293 4972 
3294 4975 
3295 4988 
3296 4972 
3297 4838 
3298 3814 
3299 4735 
3300 4992 
3301 4922 
3302 4944 
3303 4615 
3304 4913 
3305 4975 
3306 4913 
3307 4275 
3308 4951 
3309 4970 
3310 4944 
3311 4866 
3312 4969 
3313 4966 
3314 4984 4945 
3315 4970 
3316 4960 
3317 4419 
3318 4922 
3319 4980 4883 
3320 4977 
3321 4484 
3322 4988 4959 
3323 4971 
3324 4838 4980 
3325 4920 
3326 4951 
3327 4977 
3328 4901 
3329 4915 
3330 4696 
3331 4307 
3332 4499 
3333 4908 
3334 4913 
3335 3335 
3336 4975 
3337 4915 4958 
3338 4392 
3339 4998 
3340 4958 
3341 3814 
3342 4945 
3343 4735 4966 
3344 4977 
3345 4485 
3346 4978 
3347 4932 
3348 4979 
3349 4838 
3350 4776 
3351 4879 
3352 4972 
3353 4956 
3354 4316 
3355 4945 
3356 4515 
3357 4895 
3358 4997 
3359 4988 
3360 4913 
3361 4977 
3362 4535 4985 
3363 4899 
3364 4908 
3365 4961 
3366 4975 4895 
3367 4912 
3368 4966 
3369 4567 
3370 4872 
3371 4937 
3372 4710 
3373 4894 
3374 4516 
3375 4450 4561 
3376 4355 
3377 4951 
3378 4983 
3379 4951 
3380 4957 
3381 4959 
3382 4901 
3383 4951 4937 
3384 4912 
3385 4998 
3386 4979 
3387 4997 
3388 4958 
3389 4956 
3390 4998 
3391 4937 
3392 4713 
3393 4945 
3394 4567 
3395 4984 
3396 4957 
3397 4999 
3398 4872 
3399 4894 
3400 4956 
3401 4591 
3402 3777 
3403 4392 
3404 4879 
3405 4975 
3406 4904 
3407 4307 
3408 4894 
3409 4251 4767 
3410 4879 4809 
3411 4960 
3412 4969 
3413 4899 
3414 4913 
3415 4991 
3416 4920 
3417 4945 
3418 4901 
3419 4480 
3420 4998 
3421 4957 
3422 4844 
3423 4419 4980 
3424 4710 
3425 5000 
3426 4997 4450 
3427 4737 
3428 4988 
3429 4731 
3430 4908 
3431 4970 
3432 4897 
3433 4804 4969 
3434 4975 
3435 4960 
3436 4988 
3437 4561 
3438 4879 
3439 4904 
3440 4640 
3441 4838 4894 
3442 4837 
3443 3725 
3444 4392 
3445 4984 
3446 4897 2705 
3447 4895 
3448 4713 
3449 4601 
3450 4951 
3451 4980 
3452 4485 
3453 4983 
3454 4930 
3455 4378 
3456 4944 4316 
3457 4957 
3458 4945 
3459 4879 
3460 4852 
3461 4480 
3462 4998 
3463 4977 
3464 4977 4968 
3465 4883 
3466 4479 
3467 4713 
3468 4977 
3469 3725 
3470 4983 
3471 4549 
3472 4419 
3473 4696 
3474 4988 
3475 4872 
3476 4961 
3477 4983 
3478 4998 
3479 4901 
3480 4931 
3481 4971 
3482 4484 
3483 4960 4913 
3484 4852 
3485 4879 
3486 4915 
3487 4988 
3488 4991 
3489 4895 
3490 4879 
3491 4251 
3492 4951 
3493 4997 
3494 4922 
3495 4970 
3496 4959 
3497 4979 
3498 4991 
3499 4972 
3500 4484 
3501 4737 4959 
3502 4838 
3503 4640 
3504 4601 
3505 4991 
3506 4901 
3507 4567 
3508 4378 
3509 4915 
3510 4913 
3511 4939 
3512 4844 
3513 4915 
3514 4948 
3515 4951 
3516 4940 
3517 3725 4615 
3518 4731 
3519 4932 
3520 4355 
3521 4970 
3522 4307 
3523 4951 
3524 4978 
3525 4895 
3526 4300 
3527 4710 
3528 4985 
3529 4567 
3530 4567 
3531 4516 
3532 4969 
3533 4419 
3534 4998 
3535 4997 
3536 4450 
3537 4915 
3538 4251 4977 
3539 4894 
3540 4977 
3541 4537 
3542 4922 
3543 4804 
3544 3814 
3545 4972 
3546 4960 
3547 4912 
3548 4895 
3549 4499 
3550 4979 
3551 4696 
3552 4966 4958 
3553 5000 
3554 4531 4984 4991 
3555 4984 
3556 4899 
3557 4485 
3558 4419 4378 
3559 4767 
3560 4809 4894 
3561 4873 
3562 4838 
3563 4809 
3564 4838 
3565 4896 
3566 4992 
3567 4961 
3568 4809 
3569 4879 
3570 4999 
3571 4931 
3572 4473 
3573 4901 
3574 3725 
3575 4992 
3576 4951 
3577 4985 
3578 4710 
3579 4944 
3580 4939 
3581 4866 
3582 4959 
3583 4966 
3584 4970 
3585 4872 
3586 4971 
3587 4844 
3588 4999 4737 
3589 4767 
3590 4484 
3591 4615 
3592 4485 
3593 4897 
3594 4913 
3595 4988 4485 
3596 4838 
3597 4983 
3598 4615 
3599 4937 
3600 4904 4937 
3601 4951 
3602 4735 
3603 4601 
3604 4913 4957 
3605 4969 
3606 4937 
3607 4894 
3608 4991 
3609 4913 
3610 4958 
3611 4328 
3612 4895 
3613 4561 
3614 4776 
3615 4978 
3616 4991 
3617 4515 
3618 4959 
3619 4516 
3620 4998 
3621 4955 
3622 4615 
3623 4978 
3624 4975 
3625 4873 
3626 4985 
3627 4988 
3628 4997 4978 
3629 4696 
3630 2705 
3631 4932 
3632 4969 
3633 4975 
3634 4931 
3635 4499 
3636 4912 
3637 4275 
3638 4615 
3639 4901 
3640 4997 
3641 4894 
3642 4838 
3643 4696 
3644 4895 
3645 4895 
3646 4998 
3647 4979 
3648 4970 
3649 4977 
3650 4479 
3651 4912 
3652 4735 4966 4960 
3653 4844 
3654 4966 
3655 4932 
3656 4897 
3657 4912 
3658 4392 
3659 4837 
3660 4644 
3661 4961 
3662 3814 4710 
3663 4776 
3664 4937 
3665 4591 
3666 4837 4735 
3667 4872 
3668 4959 
3669 4879 
3670 4239 
3671 4735 
3672 4561 
3673 4904 
3674 4988 
3675 3860 
3676 4844 
3677 4531 4915 
3678 4485 4991 
3679 4958 
3680 4515 
3681 4620 
3682 4969 
3683 4985 
3684 4955 
3685 4997 
3686 4932 
3687 4561 
3688 4895 
3689 4922 
3690 4378 
3691 4956 
3692 4872 4945 
3693 4804 
3694 4944 
3695 3860 
3696 4515 
3697 4944 
3698 4958 
3699 4956 
3700 4957 
3701 4951 
3702 4961 
3703 4355 
3704 4988 
3705 4896 
3706 4931 
3707 4904 
3708 4983 
3709 4972 
3710 4992 
3711 4328 
3712 4904 
3713 4992 
3714 4809 
3715 4955 
3716 4776 
3717 4485 
3718 4951 4999 
3719 4809 
3720 4951 
3721 4948 
3722 4484 
3723 4957 4977 
3724 4931 
3725 3725 
3726 4895 
3727 4998 
3728 4644 
3729 4944 
3730 4776 
3731 4980 
3732 4901 
3733 4527 
3734 4970 4275 
3735 4383 
3736 4896 
3737 4970 
3738 4473 
3739 4601 
3740 4978 
3741 4731 
3742 4450 
3743 4852 
3744 4567 
3745 4980 
3746 4897 
3747 4872 
3748 4998 
3749 4872 
3750 4419 
3751 4969 4978 
3752 4957 
3753 4883 4999 
3754 4561 
3755 4985 
3756 4549 
3757 4999 
3758 4809 4908 
3759 4966 
3760 4894 
3761 4922 
3762 4591 
3763 4615 
3764 4549 
3765 4899 
3766 4969 
3767 4866 
3768 4871 
3769 4912 
3770 4958 
3771 4988 
3772 4894 
3773 4922 
3774 4450 
3775 4957 
3776 4998 
3777 3777 
3778 4485 
3779 4615 
3780 4915 
3781 4872 
3782 4979 4956 
3783 4527 
3784 4944 
3785 4999 
3786 4966 
3787 4251 
3788 4970 
3789 4991 4561 
3790 3335 
3791 4710 
3792 4959 
3793 4966 
3794 4561 
3795 4485 
3796 2705 
3797 4932 4894 
3798 4983 
3799 4567 
3800 4549 
3801 4997 4959 
3802 4984 
3803 4979 
3804 4958 
3805 4957 
3806 4999 
3807 4991 
3808 4615 
3809 4269 
3810 4932 
3811 4731 
3812 4983 
3813 1651 4316 
3814 3814 
3815 4776 4844 
3816 4968 
3817 4915 
3818 4972 
3819 4956 
3820 4983 
3821 4485 
3822 4945 4968 
3823 4895 
3824 4979 
3825 4561 4932 
3826 4978 4713 
3827 4972 
3828 4999 
3829 4985 
3830 4809 4899 
3831 4912 
3832 4991 
3833 4485 
3834 4930 
3835 4844 
3836 4644 
3837 4978 
3838 4970 
3839 4951 
3840 4201 
3841 4450 
3842 4944 
3843 4896 
3844 4992 
3845 4450 
3846 4985 
3847 4915 4984 
3848 4930 
3849 4948 
3850 4920 4977 
3851 4912 
3852 4601 
3853 4966 
3854 4809 
3855 4913 
3856 4316 
3857 4837 4912 
3858 4895 
3859 4275 
3860 3860 
3861 4958 
3862 4908 
3863 4479 
3864 4601 4966 
3865 4956 
3866 4378 
3867 4767 
3868 4535 
3869 4992 
3870 4531 
3871 4977 
3872 4975 
3873 4997 
3874 4955 
3875 5000 
3876 4979 
3877 4535 
3878 4999 
3879 4485 
3880 4912 
3881 4969 
3882 4473 
3883 4866 
3884 4251 
3885 4561 
3886 4535 
3887 4450 
3888 4912 
3889 4999 
3890 4531 
3891 4992 
3892 4378 
3893 4561 
3894 4896 
3895 4980 
3896 4776 
3897 4908 
3898 4901 
3899 4939 
3900 4968 
3901 4958 
3902 4985 
3903 4767 
3904 4961 
3905 4901 
3906 4767 
3907 3777 4991 
3908 4485 4561 
3909 4970 
3910 4991 
3911 4316 
3912 4767 
3913 3777 4955 
3914 4871 
3915 4958 
3916 4531 
3917 4601 
3918 4983 
3919 4484 
3920 4937 
3921 4615 
3922 4969 
3923 3725 
3924 4479 
3925 4969 
3926 4567 4999 
3927 4895 
3928 4644 
3929 4980 
3930 4966 
3931 4201 
3932 4896 
3933 4961 
3934 3860 4615 
3935 4767 
3936 4378 
3937 4735 
3938 4912 
3939 4915 
3940 4972 
3941 4901 
3942 4978 
3943 4915 
3944 4894 
3945 4975 
3946 4480 
3947 4988 
3948 4920 4531 
3949 4883 
3950 4992 
3951 5000 
3952 4978 
3953 4956 
3954 5000 
3955 4922 4955 
3956 4615 
3957 4549 
3958 4535 4537 
3959 4937 4956 
3960 4499 
3961 4970 
3962 4894 
3963 4966 
3964 4997 
3965 5000 
3966 4484 
3967 4872 
3968 4484 
3969 4937 
3970 4955 
3971 4307 
3972 5000 
3973 4561 
3974 4966 
3975 4988 
3976 4959 
3977 4912 
3978 4960 
3979 4920 
3980 4904 
3981 4957 
3982 4275 
3983 4920 
3984 4355 
3985 4948 
3986 4535 
3987 4735 
3988 4988 
3989 4920 
3990 4899 
3991 4515 
3992 4998 
3993 4269 
3994 4997 
3995 4378 4852 
3996 4776 
3997 4355 
3998 4945 
3999 4894 
4000 4871 
4001 4904 
4002 4355 
4003 4872 
4004 4958 
4005 4931 
4006 4991 
4007 3777 4913 
4008 4932 
4009 4879 
4010 4713 
4011 4961 4971 
4012 4561 
4013 4969 
4014 4939 
4015 4531 4866 
4016 4957 
4017 4960 
4018 4998 
4019 4970 
4020 4838 
4021 4984 
4022 4930 
4023 4978 
4024 4991 
4025 4978 
4026 4955 
4027 4998 
4028 4932 4992 
4029 4307 
4030 4983 
4031 4966 
4032 4920 
4033 4879 
4034 4979 
4035 4316 
4036 4999 
4037 4844 
4038 4316 
4039 4991 
4040 4735 
4041 4710 
4042 4567 4866 
4043 4601 4997 
4044 2705 
4045 4866 
4046 4531 
4047 4912 
4048 4971 
4049 4979 
4050 4998 
4051 4992 
4052 4992 
4053 3777 4239 
4054 4970 4997 
4055 4958 
4056 4872 
4057 4931 
4058 4316 
4059 4300 4531 
4060 4977 
4061 4710 
4062 4895 
4063 4998 
4064 4945 
4065 4978 4776 
4066 4484 
4067 4945 
4068 4473 
4069 4615 
4070 4912 
4071 4904 
4072 4966 
4073 4316 
4074 4615 
4075 4549 
4076 4872 
4077 4957 
4078 4984 
4079 4944 
4080 4957 
4081 4735 
4082 4984 
4083 4567 
4084 4710 
4085 4383 
4086 4615 
4087 4879 
4088 4955 
4089 4971 
4090 4901 4948 
4091 4983 
4092 4939 
4093 4922 
4094 4549 
4095 4980 
4096 4979 
4097 4776 
4098 4537 
4099 4307 4975 
4100 4316 
4101 4999 4977 
4102 4998 
4103 4567 
4104 4713 
4105 4844 
4106 4561 
4107 4737 
4108 4988 
4109 4473 
4110 4601 
4111 4561 
4112 4960 4975 
4113 4915 
4114 4499 
4115 4961 
4116 4977 
4117 4485 
4118 4879 
4119 4951 
4120 4479 
4121 4804 
4122 4873 
4123 4561 4275 
4124 4979 
4125 4966 
4126 4955 
4127 4316 
4128 4999 
4129 4852 
4130 4620 
4131 4958 
4132 4944 
4133 4499 
4134 4883 
4135 4912 
4136 4956 
4137 4992 
4138 4879 
4139 4644 
4140 4985 
4141 4904 
4142 4872 
4143 4999 
4144 4767 
4145 4561 
4146 4912 
4147 4912 
4148 4978 
4149 4955 
4150 4975 
4151 4999 
4152 4527 
4153 4516 
4154 4904 
4155 4516 
4156 4838 
4157 4977 4970 
4158 4866 
4159 4710 
4160 4913 
4161 4988 
4162 4970 
4163 4897 
4164 4251 
4165 4920 
4166 4316 
4167 4269 4485 
4168 4978 4485 
4169 4873 
4170 4809 
4171 4977 
4172 4239 
4173 4960 
4174 4922 
4175 4895 
4176 4930 
4177 4871 
4178 4951 
4179 4922 
4180 1651 
4181 4970 
4182 4328 
4183 4895 
4184 4955 4939 
4185 4776 
4186 4968 
4187 4978 
4188 4527 
4189 4957 
4190 4485 4696 
4191 4527 
4192 4866 
4193 4710 
4194 4844 
4195 4316 
4196 4872 
4197 4920 
4198 4969 
4199 4975 4915 
4200 4696 4239 
4201 4201 
4202 4737 
4203 4567 
4204 4992 
4205 4735 
4206 4873 
4207 4644 4201 
4208 4383 
4209 4480 
4210 4937 4537 
4211 4985 
4212 4983 
4213 4873 
4214 4979 
4215 4879 
4216 4485 
4217 4316 
4218 4957 
4219 4275 
4220 5000 
4221 4804 
4222 4515 
4223 4549 
4224 4957 
4225 4969 
4226 4997 
4227 4809 
4228 4971 
4229 4561 
4230 4567 4915 
4231 4201 
4232 4549 4484 
4233 4912 
4234 4883 
4235 4901 
4236 4499 
4237 4988 4997 
4238 4776 
4239 4239 
4240 4567 
4241 4316 
4242 4615 
4243 4971 
4244 4959 
4245 4896 
4246 4978 
4247 4879 4978 
4248 4499 
4249 4837 4980 
4250 4972 
4251 4251 
4252 4951 
4253 4473 
4254 4899 
4255 4999 
4256 4997 
4257 4737 
4258 4931 
4259 4316 
4260 4904 
4261 4978 
4262 4913 
4263 4999 
4264 4944 4999 
4265 4837 
4266 4922 
4267 4737 
4268 4931 
4269 4269 
4270 4983 
4271 4930 
4272 4983 
4273 4316 
4274 4961 
4275 4275 
4276 4804 
4277 4473 
4278 4852 
4279 4978 
4280 4901 
4281 4969 
4282 4866 
4283 4977 
4284 4988 
4285 4978 
4286 4915 
4287 4904 
4288 4961 
4289 4615 
4290 4484 
4291 4696 
4292 4838 
4293 4485 
4294 4966 
4295 4567 
4296 4992 
4297 4912 
4298 4960 4939 
4299 4515 
4300 4300 
4301 4966 
4302 4932 
4303 4944 
4304 4894 
4305 4895 
4306 4984 
4307 4307 
4308 4737 
4309 4328 
4310 4535 
4311 4479 
4312 4561 4844 
4313 4972 
4314 4999 
4315 4899 
4316 4316 
4317 4975 
4318 4939 
4319 4983 
4320 4251 
4321 4615 
4322 4948 
4323 4930 
4324 4920 
4325 4969 
4326 4899 
4327 4959 
4328 4328 
4329 4948 
4330 4944 
4331 4968 
4332 4992 
4333 4991 
4334 4269 
4335 4958 
4336 4872 
4337 4838 
4338 4879 3777 
4339 4992 
4340 4957 
4341 4970 
4342 4991 
4343 4895 4932 
4344 4872 
4345 4937 
4346 4473 
4347 4920 
4348 4920 
4349 4852 
4350 4895 
4351 4985 
4352 4894 
4353 4985 
4354 4984 
4355 4355 
4356 4913 
4357 4912 
4358 4251 
4359 4378 
4360 4955 
4361 4956 
4362 4640 
4363 4931 
4364 4939 
4365 4960 
4366 4419 
4367 4615 4561 
4368 4561 
4369 4316 4956 
4370 4988 
4371 4419 4912 
4372 4601 
4373 4378 
4374 4901 4931 
4375 4316 
4376 4978 
4377 4948 
4378 4378 
4379 4269 
4380 4978 
4381 4767 
4382 4922 4984 
4383 4383 
4384 4970 4958 
4385 4972 
4386 4316 
4387 4945 
4388 4983 
4389 4837 
4390 4275 4355 
4391 4852 4696 
4392 4392 
4393 4872 
4394 4980 
4395 4957 
4396 4978 
4397 4966 
4398 4901 
4399 4872 
4400 4991 
4401 4968 
4402 4912 
4403 4901 
4404 4307 
4405 4983 
4406 4931 
4407 4912 4915 
4408 4960 
4409 4872 
4410 4473 
4411 4838 
4412 4879 
4413 4499 
4414 4958 
4415 4601 4866 
4416 4866 
4417 4904 
4418 4980 4328 
4419 4419 
4420 4531 
4421 4970 
4422 4984 
4423 2705 
4424 4988 
4425 4922 
4426 4873 
4427 4866 
4428 4872 
4429 4879 
4430 4908 
4431 4972 
4432 2705 
4433 4920 
4434 4895 4940 
4435 4473 
4436 4872 
4437 4419 
4438 4844 
4439 4328 
4440 4991 
4441 4537 
4442 4872 
4443 4485 
4444 4978 
4445 4920 
4446 4328 
4447 4696 4968 
4448 4549 
4449 4269 4696 
4450 4450 
4451 4710 
4452 4838 
4453 4640 
4454 4932 
4455 4838 
4456 4549 
4457 4640 
4458 4316 
4459 2705 4951 
4460 4904 
4461 4912 
4462 4378 
4463 4991 
4464 4939 
4465 4972 
4466 4922 
4467 4980 
4468 4991 
4469 4383 4737 
4470 4615 4959 
4471 4615 
4472 4201 4913 
4473 4473 
4474 4915 
4475 4983 
4476 4975 
4477 4937 
4478 4988 
4479 4479 
4480 4480 
4481 4988 
4482 4985 
4483 4896 
4484 4484 
4485 4485 
4486 4997 
4487 4567 
4488 4958 
4489 4932 
4490 4992 
4491 4640 
4492 4561 
4493 4985 
4494 4997 
4495 4710 
4496 4873 
4497 4966 
4498 4955 
4499 4499 
4500 4871 
4501 4931 
4502 4713 
4503 4960 
4504 4980 
4505 4940 
4506 4915 
4507 4951 
4508 4961 
4509 4561 
4510 4894 
4511 4940 
4512 4383 
4513 4988 
4514 4939 
4515 4515 
4516 4516 
4517 4960 
4518 4932 
4519 4997 
4520 4999 
4521 4930 
4522 4516 
4523 4731 
4524 4450 4930 
4525 4966 4960 
4526 4737 
4527 4527 
4528 4937 
4529 4615 
4530 4871 
4531 4531 
4532 4516 
4533 4983 
4534 4419 4866 
4535 4535 
4536 4985 
4537 4537 
4538 4873 
4539 4980 
4540 4999 
4541 4975 4978 
4542 4710 
4543 4991 
4544 4955 
4545 4960 
4546 4871 
4547 4912 
4548 4897 4804 
4549 4549 
4550 4948 
4551 4908 
4552 4951 4961 
4553 4713 
4554 4710 
4555 4968 
4556 4392 4971 
4557 4991 
4558 4776 
4559 4940 
4560 4899 
4561 4561 
4562 4696 4316 
4563 4776 
4564 4958 
4565 4419 
4566 4970 
4567 4567 
4568 4940 4960 
4569 4776 
4570 4615 
4571 4978 
4572 4978 4713 
4573 4922 
4574 4932 4961 
4575 4901 
4576 4837 4316 
4577 4958 4251 
4578 4997 
4579 4561 
4580 4984 4932 
4581 4978 
4582 4992 
4583 4959 
4584 4873 
4585 4958 
4586 4895 
4587 4968 
4588 4731 
4589 4945 
4590 4809 
4591 4591 
4592 4908 
4593 4844 
4594 4977 
4595 4945 
4596 4966 
4597 4912 
4598 4896 
4599 4999 
4600 3860 4615 
4601 4601 
4602 4767 4966 
4603 4978 
4604 4956 
4605 4737 
4606 4985 
4607 4871 
4608 4269 
4609 4883 
4610 4997 
4611 4844 
4612 4931 
4613 4992 
4614 4979 
4615 4615 
4616 4977 
4617 4961 
4618 4879 
4619 4731 
4620 4620 
4621 4966 
4622 4988 
4623 4984 
4624 4966 
4625 4899 
4626 4549 
4627 4999 
4628 4899 
4629 4992 
4630 4951 
4631 4866 
4632 4945 
4633 4937 
4634 4937 
4635 4958 
4636 4975 4904 
4637 4997 
4638 4958 
4639 4932 
4640 4640 
4641 4992 
4642 4896 
4643 4991 
4644 4644 
4645 4979 
4646 4922 
4647 4988 4731 
4648 4960 
4649 4975 
4650 4975 4713 
4651 4961 4957 
4652 4615 
4653 4873 
4654 4838 
4655 4999 
4656 4960 
4657 4978 
4658 4713 
4659 4866 4930 
4660 4948 
4661 4201 4997 
4662 4985 4930 
4663 4958 
4664 4966 
4665 4997 
4666 4959 
4667 4838 
4668 4737 
4669 4485 
4670 4969 
4671 4838 
4672 4972 
4673 4988 
4674 4956 
4675 4915 
4676 4904 
4677 4980 4378 
4678 4300 4979 
4679 4932 
4680 4908 4979 
4681 4959 
4682 4983 
4683 4920 
4684 4955 
4685 4932 
4686 4920 
4687 4922 4951 
4688 4838 
4689 4975 
4690 4915 
4691 4968 
4692 4899 
4693 4972 
4694 4549 4901 
4695 4912 
4696 4696 
4697 4644 
4698 4985 
4699 4883 
4700 4978 
4701 4912 
4702 4992 4978 
4703 4970 4937 
4704 4897 
4705 4997 
4706 4992 
4707 4957 
4708 4894 
4709 4959 4966 
4710 4710 
4711 4957 
4712 4872 
4713 4713 
4714 4971 
4715 4804 
4716 4958 
4717 4940 
4718 4897 
4719 4894 
4720 4939 
4721 4955 
4722 4992 
4723 4985 
4724 4970 
4725 4977 4984 
4726 4915 
4727 4901 
4728 4959 
4729 4879 
4730 4895 
4731 4731 
4732 4980 
4733 4940 
4734 4913 
4735 4735 
4736 4901 
4737 4737 
4738 4944 
4739 4872 
4740 4901 
4741 4844 4957 
4742 4873 
4743 4983 
4744 4958 
4745 4804 
4746 4485 
4747 4969 
4748 4895 
4749 4895 
4750 4957 
4751 4838 
4752 4968 4515 
4753 4615 
4754 4955 
4755 4931 
4756 4913 
4757 4985 
4758 4710 
4759 3777 4997 
4760 4977 
4761 4913 
4762 4991 
4763 4945 
4764 4970 
4765 4991 
4766 4480 4931 
4767 4767 
4768 4957 
4769 4901 
4770 4999 
4771 4972 
4772 4696 
4773 4901 
4774 4920 
4775 5000 4957 
4776 4776 
4777 4957 
4778 4983 
4779 4960 
4780 4948 
4781 4980 
4782 4615 
4783 4866 
4784 4866 
4785 4977 
4786 4985 
4787 4999 
4788 4970 
4789 4904 
4790 4978 
4791 4873 
4792 4915 
4793 4912 
4794 4866 
4795 4871 
4796 4971 
4797 4960 
4798 4978 
4799 4997 4872 
4800 4970 
4801 4977 
4802 4913 
4803 4737 4251 
4804 4804 
4805 4970 
4806 4915 
4807 4972 
4808 4977 
4809 4809 
4810 4939 
4811 4988 
4812 4978 
4813 4932 
4814 4978 
4815 4951 
4816 4844 
4817 4920 
4818 4969 
4819 4913 4912 
4820 4983 
4821 4939 
4822 4944 4561 
4823 4960 
4824 4871 
4825 4939 
4826 4912 
4827 4852 
4828 4837 
4829 4837 
4830 4984 
4831 4992 
4832 4948 
4833 4355 4804 
4834 4872 
4835 4912 
4836 4873 4615 
4837 4837 
4838 4838 
4839 4879 4561 
4840 4983 
4841 4931 
4842 4957 
4843 4999 4975 
4844 4844 
4845 4944 
4846 4955 
4847 4971 
4848 4940 
4849 4959 
4850 4968 
4851 4940 
4852 4852 
4853 4735 4948 
4854 4912 
4855 4945 
4856 4883 
4857 4932 
4858 4977 
4859 4956 
4860 4913 
4861 4988 4971 
4862 4960 4908 
4863 4883 
4864 4879 
4865 4985 
4866 4866 
4867 4866 4945 
4868 4912 
4869 4945 
4870 4932 
4871 4871 
4872 4872 
4873 4873 
4874 4879 
4875 4866 4251 
4876 4275 4776 
4877 4844 
4878 4991 
4879 4879 
4880 4969 
4881 4844 
4882 4913 
4883 4883 
4884 4912 
4885 4776 4567 
4886 4899 
4887 4992 
4888 4999 
4889 4960 
4890 4838 4970 
4891 4999 
4892 4992 
4893 4971 
4894 4894 
4895 4895 
4896 4896 
4897 4897 
4898 4913 
4899 4899 
4900 4966 
4901 4901 
4902 4951 
4903 4866 4883 
4904 4904 
4905 4957 
4906 4920 
4907 4984 
4908 4908 
4909 4984 4960 
4910 4966 
4911 4844 
4912 4912 
4913 4913 
4914 4838 4913 
4915 4915 
4916 5000 
4917 4977 
4918 4939 
4919 4960 
4920 4920 
4921 4930 
4922 4922 
4923 4873 4620 
4924 4904 
4925 4948 
4926 4930 
4927 4948 
4928 4983 
4929 4945 
4930 4930 
4931 4931 
4932 4932 
4933 4904 4988 
4934 4527 4615 
4935 4955 
4936 4985 
4937 4937 
4938 4966 
4939 4939 
4940 4940 
4941 4939 
4942 4904 
4943 4999 
4944 4944 
4945 4945 
4946 4984 4872 
4947 4971 
4948 4948 
4949 4997 
4950 4956 4971 
4951 4951 
4952 4945 
4953 4945 
4954 4201 4978 
4955 4955 
4956 4956 
4957 4957 
4958 4958 
4959 4959 
4960 4960 
4961 4961 
4962 4945 
4963 4932 
4964 4988 
4965 4998 4737 
4966 4966 
4967 4970 4735 
4968 4968 
4969 4969 
4970 4970 
4971 4971 
4972 4972 
4973 4957 
4974 4988 
4975 4975 
4976 4912 
4977 4977 
4978 4978 
4979 4979 
4980 4980 
4981 4960 
4982 4999 4997 
4983 4983 
4984 4984 
4985 4985 
4986 4978 
4987 4998 
4988 4988 
4989 4992 
4990 4985 4932 
4991 4991 
4992 4992 
4993 4975 
4994 4966 
4995 4960 
4996 4844 4978 
4997 4997 
4998 4998 
4999 4999 
5000 5000 
