1 3881 
2 4979 
3 4964 4978 
4 4431 
5 4747 
6 4283 
7 4961 4986 
8 4901 
9 4989 
10 4968 
11 4912 
12 4775 
13 4961 
14 4664 
15 4988 
16 4868 
17 4798 
18 4728 
19 4915 
20 4911 4990 
21 4856 
22 4976 
23 4788 
24 4833 4964 
25 4377 
26 4783 
27 5000 
28 4990 
29 4894 4977 4985 
30 4983 
31 4989 
32 4982 
33 4784 
34 4988 4833 4670 
35 4855 
36 4695 
37 4730 
38 4803 
39 4908 
40 4926 
41 3523 
42 4916 
43 4695 
44 4892 
45 4730 
46 5000 
47 3933 
48 4659 
49 4445 
50 4855 
51 4988 
52 4856 
53 3881 
54 4960 
55 4900 
56 4960 
57 4490 
58 4880 
59 5000 
60 4858 4910 
61 4865 
62 4881 
63 4945 
64 4809 
65 4844 
66 4036 
67 4903 
68 4995 
69 4997 
70 4682 
71 4961 
72 4840 
73 4957 
74 4901 
75 4730 
76 3633 
77 4832 
78 4183 4971 
79 4464 
80 4809 
81 4720 
82 4684 
83 4901 4467 3517 4830 
84 4991 
85 4659 
86 4911 
87 4982 
88 4847 
89 4283 
90 4916 
91 4803 
92 4999 
93 4855 
94 4995 
95 4939 
96 2802 
97 4865 
98 2952 
99 4381 
100 4756 
101 4956 
102 4866 
103 4856 
104 4412 
105 4788 
106 4996 
107 4983 
108 4917 
109 4833 
110 4939 
111 4881 
112 4522 
113 4976 
114 4928 
115 4833 
116 4979 
117 4319 3357 4666 
118 4832 
119 5000 
120 3384 
121 4957 
122 4798 
123 4928 
124 3680 
125 4987 
126 4695 
127 4955 
128 4953 
129 4856 
130 4892 
131 4730 
132 4832 
133 4490 
134 4955 
135 4939 
136 4866 
137 4833 4803 
138 3197 
139 4957 
140 4275 
141 4866 
142 4847 
143 4968 4905 
144 4912 
145 4346 
146 4908 
147 4968 
148 4928 
149 4160 
150 4684 
151 4522 
152 4783 
153 3633 
154 4662 4917 4995 4830 
155 4982 
156 3423 
157 4884 
158 3295 
159 4880 
160 4868 
161 4978 
162 4319 
163 4171 4910 
164 4720 
165 4730 
166 4292 
167 4720 4858 4815 
168 4464 
169 4865 
170 4582 
171 4484 
172 4865 
173 4956 
174 4979 
175 4982 
176 4928 
177 4695 
178 4978 
179 4844 
180 4682 
181 4865 4986 
182 4997 
183 4445 
184 4346 
185 4916 4988 
186 4292 
187 4490 
188 4989 
189 4834 
190 4631 4171 
191 4922 
192 4303 
193 4856 
194 4995 
195 4438 
196 4720 4961 
197 4183 
198 4910 
199 4901 
200 4767 
201 4928 
202 4416 
203 4682 
204 4976 
205 4883 
206 4971 
207 4996 4964 
208 4926 
209 4939 4778 4916 
210 4830 
211 3384 
212 4911 
213 4784 
214 4664 
215 4815 
216 4979 
217 4964 
218 4522 
219 4830 
220 4953 4894 4883 
221 4911 
222 4767 
223 4987 
224 4784 
225 4917 
226 4160 
227 4926 
228 4666 
229 4881 4779 4975 
230 4976 
231 4833 
232 4846 
233 4609 
234 4883 
235 4283 
236 4915 
237 4846 
238 3970 
239 4856 
240 4916 
241 4990 
242 4928 
243 4846 4905 
244 4464 
245 3633 
246 4966 
247 4679 4964 4709 
248 4939 
249 4911 
250 4840 
251 4991 
252 2802 
253 4956 
254 4666 4905 
255 4961 
256 4990 
257 4756 
258 4912 
259 4955 
260 4976 
261 4966 
262 4910 
263 4445 
264 4939 
265 4783 
266 3423 
267 4881 
268 4664 
269 4957 
270 4866 
271 4975 
272 4803 
273 4966 
274 3933 
275 4926 
276 4679 
277 4961 
278 4911 
279 5000 
280 3523 
281 3680 
282 3680 
283 4865 
284 4503 
285 3295 
286 2952 
287 4847 
288 4881 
289 4832 
290 4856 
291 4866 4716 3615 
292 1651 
293 4987 
294 4720 2522 4959 
295 4464 4912 4977 
296 4979 
297 4783 
298 4996 
299 4957 
300 4346 4971 
301 4346 
302 4881 
303 4975 
304 4912 
305 4961 
306 4989 
307 4939 
308 4989 
309 4803 
310 4976 
311 4901 4975 4910 4657 
312 4956 4964 4721 
313 4695 4716 4738 
314 4720 4833 4721 
315 4319 
316 2421 
317 4928 
318 4892 
319 4666 
320 4999 
321 3357 
322 3517 
323 4959 
324 4903 
325 2952 
326 4631 
327 4990 
328 4855 
329 4779 
330 4788 
331 4833 
332 4662 
333 4815 
334 4987 3680 
335 4915 
336 4716 4908 
337 4884 
338 4910 
339 4503 
340 4939 
341 4678 
342 4957 
343 4834 
344 4445 
345 4858 
346 4894 
347 3933 
348 4985 
349 4503 
350 4858 
351 4720 
352 4779 
353 4274 
354 3357 
355 4989 
356 4982 
357 4803 
358 4960 
359 4953 
360 4989 
361 4975 
362 3384 
363 4803 
364 4811 
365 4695 
366 3749 
367 4995 
368 4730 
369 4846 
370 4971 
371 4346 
372 4678 
373 4912 
374 4855 4977 
375 4996 
376 4467 
377 4720 
378 4975 4738 
379 4679 
380 4779 4771 
381 4508 4856 
382 4779 
383 4975 
384 4716 
385 4695 
386 4767 
387 4720 
388 4730 
389 4809 
390 4771 
391 4664 
392 4959 
393 4855 4659 4840 
394 4444 4183 
395 4444 4728 
396 4961 
397 4508 
398 3357 
399 4997 
400 4988 
401 4747 
402 4978 
403 4846 
404 4945 
405 4858 
406 4961 
407 2522 
408 4275 
409 4953 
410 4798 
411 4868 
412 4609 
413 4346 
414 4884 
415 3933 
416 4865 
417 4945 
418 4036 
419 4989 
420 4716 4988 4856 
421 4682 
422 3633 
423 4971 
424 4976 
425 3881 4945 4988 
426 4966 
427 4928 
428 4964 
429 4968 
430 4695 
431 4659 
432 4978 
433 4833 
434 3357 
435 4856 4977 
436 4901 3357 
437 4784 
438 4940 
439 4666 
440 4803 
441 4966 
442 4508 4916 
443 4679 
444 4716 
445 4515 
446 4662 
447 4865 4910 4381 
448 4966 
449 4979 
450 3295 
451 4985 
452 4868 
453 3933 4738 4917 
454 4985 
455 4894 
456 4955 
457 4985 
458 4911 
459 4881 
460 4183 
461 4275 
462 4903 4803 
463 4910 
464 4833 
465 4798 
466 4903 
467 4847 
468 4955 
469 4901 2044 4778 
470 3382 
471 4989 
472 3517 
473 4940 
474 4894 
475 4657 
476 4720 
477 4846 
478 4960 
479 4856 
480 4803 
481 4720 
482 4756 
483 2522 
484 4883 
485 4657 4730 
486 4467 
487 4775 
488 4664 
489 4738 
490 4881 
491 4986 
492 4858 4868 4684 5000 
493 4779 
494 4856 
495 4522 
496 4346 
497 4756 
498 4070 4901 4915 
499 4894 
500 4684 4987 
501 4866 
502 4883 
503 4678 
504 4977 
505 4582 
506 4982 
507 3517 
508 4989 
509 4979 
510 4968 
511 4990 
512 4900 
513 4881 
514 4961 
515 4832 
516 4995 
517 4988 
518 3523 
519 4956 
520 4985 
521 4986 
522 4490 
523 4679 
524 4940 
525 4928 
526 4978 
527 4171 3523 
528 4977 
529 4695 
530 4964 
531 4833 
532 4971 
533 4997 
534 4955 
535 4880 
536 4977 
537 4996 
538 4798 
539 4771 
540 4657 
541 4979 
542 4883 
543 4274 
544 4956 
545 4900 
546 4834 
547 4960 
548 3384 
549 4811 
550 4991 
551 4784 
552 4283 4720 
553 4955 
554 4999 
555 4908 
556 4670 4171 
557 4964 
558 4657 
559 4779 
560 2522 
561 4416 
562 4490 
563 4855 
564 4956 
565 4679 
566 4990 
567 4679 
568 4695 
569 4961 
570 4684 
571 4346 
572 2802 
573 4467 4679 4716 
574 4484 
575 4811 
576 3197 
577 4858 
578 4957 
579 4903 
580 4664 4833 4730 
581 4377 
582 4484 
583 4922 
584 4858 
585 4995 
586 4910 4682 
587 2952 
588 4997 
589 4926 
590 4811 
591 4183 
592 4964 
593 2802 
594 4987 
595 4467 
596 4803 
597 4662 
598 4961 3933 4856 
599 4971 
600 4377 
601 4926 
602 4959 
603 4783 
604 4464 
605 4657 
606 4631 
607 4695 
608 4905 
609 4679 
610 4709 
611 4961 
612 4767 
613 4964 
614 3517 4303 
615 4522 
616 4881 
617 4865 
618 3820 3384 
619 4968 
620 4659 4709 
621 4670 
622 3933 
623 4978 
624 4678 
625 3382 
626 4985 
627 3881 
628 4881 
629 4977 
630 4884 
631 4274 
632 4716 
633 4856 
634 4803 4720 
635 4989 
636 4881 
637 4953 
638 4036 
639 4522 
640 3517 
641 4721 
642 4966 
643 4467 4833 
644 4966 
645 2421 4976 4953 
646 4865 
647 3749 
648 3517 
649 4991 
650 4975 
651 4880 
652 2421 
653 4445 
654 2802 
655 4865 
656 4922 
657 4832 
658 5000 
659 1861 
660 4975 
661 4444 
662 4858 
663 4926 
664 4892 
665 4830 
666 4844 
667 4971 
668 4833 
669 4868 
670 4976 
671 4832 
672 4747 
673 4966 
674 4957 
675 4959 
676 3820 
677 4975 
678 4987 3517 4684 
679 4524 
680 4775 
681 4975 
682 4917 
683 4679 
684 4775 
685 4971 
686 3517 
687 4183 
688 4515 
689 4978 
690 3633 
691 4901 
692 4070 
693 4609 
694 4908 
695 4955 
696 4779 
697 4905 
698 4678 
699 4830 
700 4833 
701 4999 
702 3933 
703 4609 
704 4915 
705 4999 
706 4833 
707 4900 
708 4756 
709 4989 
710 4884 
711 4778 
712 4747 
713 4858 
714 4292 
715 4905 
716 4664 
717 4966 
718 4968 4988 
719 4833 
720 3820 
721 4966 3820 4915 
722 4833 
723 4916 
724 4892 
725 2421 4894 
726 4939 
727 4582 4830 
728 4916 
729 4986 
730 4865 
731 4767 
732 3384 4346 4968 
733 4971 
734 4830 
735 4908 
736 4811 
737 4788 
738 4884 
739 4990 
740 4968 
741 4956 
742 4855 
743 4721 
744 4978 
745 4709 
746 4968 
747 4803 
748 4866 
749 4979 
750 4720 
751 2522 
752 4978 
753 4971 
754 4917 
755 4747 
756 4844 
757 4975 
758 4900 
759 4659 
760 4910 
761 4830 
762 3517 
763 4884 
764 4756 
765 4775 
766 4901 
767 4508 
768 4684 4926 4988 
769 4894 
770 4883 
771 4778 
772 4900 
773 4319 4695 
774 4319 
775 4989 
776 4968 
777 4983 
778 4767 
779 4894 
780 4467 
781 4910 
782 4490 
783 4858 
784 4991 
785 4609 
786 4834 
787 4966 
788 4987 
789 2522 
790 4979 
791 4832 
792 4900 
793 4894 
794 3615 
795 4445 
796 4928 
797 4916 
798 4730 
799 4987 
800 4720 4940 
801 4716 
802 3615 
803 4346 
804 4926 
805 4959 
806 4438 
807 4910 
808 4884 
809 4961 
810 4834 
811 2522 
812 4957 
813 4964 4956 
814 4767 4445 4961 
815 4684 
816 4679 
817 2421 
818 4664 
819 4940 
820 4911 
821 4840 
822 4171 
823 4912 
824 4464 
825 4657 
826 4915 3820 
827 4275 
828 4883 
829 4788 
830 4999 
831 3993 
832 4440 
833 4953 
834 4856 
835 4957 
836 4866 
837 4834 
838 4783 
839 4815 
840 4957 
841 4484 
842 4858 
843 4664 
844 4912 
845 4738 
846 4975 
847 4730 
848 4846 
849 4865 
850 3615 
851 4880 
852 4695 
853 4833 
854 4968 
855 4416 
856 3881 4747 
857 4880 
858 1651 
859 4832 
860 4964 
861 4467 
862 4716 
863 4866 
864 4953 
865 4968 
866 4939 
867 4997 
868 4940 
869 4756 
870 4960 
871 4911 
872 4866 
873 4609 
874 4955 
875 4995 
876 4881 
877 4953 4833 
878 4999 
879 4756 
880 4728 
881 3197 4991 
882 3820 
883 4720 
884 4811 
885 4716 
886 4926 
887 4730 
888 4679 
889 3357 4664 4940 
890 4858 
891 4728 
892 4991 
893 4833 
894 4832 
895 4865 
896 4905 
897 4779 
898 4666 
899 4916 
900 4609 
901 4917 
902 4684 
903 4988 
904 4416 
905 4738 
906 4784 
907 4833 
908 4844 
909 4926 
910 4784 
911 4987 
912 4809 
913 4695 
914 4971 
915 4956 
916 2802 
917 2044 
918 4894 
919 4171 4883 
920 2802 
921 4968 
922 922 
923 4444 
924 4444 4940 4679 
925 4883 
926 4381 
927 4926 
928 4966 
929 4346 
930 4961 
931 4892 
932 3517 
933 4901 
934 4975 
935 4915 
936 4986 
937 4988 
938 4939 
939 4995 
940 3517 
941 4657 
942 4695 
943 4901 
944 4484 
945 4928 4720 4961 
946 4721 
947 4720 4438 
948 4779 
949 4377 
950 4846 
951 4508 
952 2952 
953 4892 
954 4856 
955 4775 
956 4960 
957 3517 
958 4940 
959 4975 
960 4964 
961 4975 
962 4968 
963 4664 
964 4979 
965 4881 
966 4983 
967 4721 
968 4274 
969 4990 
970 922 
971 4916 
972 4901 
973 4834 
974 4865 
975 4905 
976 4881 
977 4833 4901 
978 4976 
979 4953 
980 4775 
981 4503 
982 4901 
983 4524 
984 4721 
985 4866 
986 4811 
987 3820 3523 
988 4381 
989 4990 
990 4956 
991 4960 
992 4995 
993 4995 
994 4036 
995 4911 
996 4912 
997 4847 
998 4961 
999 4444 
1000 4977 
1001 4778 
1002 4881 
1003 4171 
1004 4847 
1005 4709 
1006 4847 
1007 5000 
1008 4803 
1009 5000 
1010 4926 
1011 4834 
1012 4778 
1013 4959 
1014 4779 
1015 4926 
1016 4720 
1017 3523 
1018 4036 
1019 4721 
1020 4903 
1021 4070 
1022 4996 
1023 4996 
1024 4996 
1025 3382 
1026 4995 
1027 4783 
1028 4431 
1029 4834 
1030 4966 
1031 4901 
1032 4979 
1033 4868 
1034 4866 
1035 4783 
1036 3357 4901 
1037 4858 
1038 4926 
1039 5000 
1040 4609 
1041 4834 
1042 3615 
1043 4431 
1044 4985 
1045 4730 
1046 4939 
1047 4438 
1048 4987 
1049 4978 
1050 4905 
1051 4939 
1052 4840 3517 
1053 4915 
1054 4883 4865 4915 
1055 922 
1056 4964 
1057 4956 
1058 4880 
1059 4979 
1060 4670 
1061 4721 
1062 4720 
1063 4910 
1064 4926 
1065 4960 
1066 4956 
1067 4964 
1068 4995 
1069 2522 
1070 4955 
1071 4911 
1072 4953 
1073 4971 3615 
1074 4953 
1075 4377 
1076 4803 
1077 3384 
1078 3382 
1079 4833 
1080 4953 
1081 4659 4840 
1082 4966 
1083 4858 
1084 4657 
1085 4959 
1086 4856 
1087 4832 
1088 4183 
1089 3993 
1090 4966 
1091 4999 
1092 4999 
1093 4997 
1094 4846 4971 
1095 4767 
1096 4971 
1097 4775 
1098 4381 4440 3517 
1099 4784 
1100 4716 4036 4964 4922 
1101 3197 
1102 4959 
1103 4987 
1104 4274 
1105 4880 
1106 4346 
1107 4346 
1108 4971 
1109 4858 
1110 4956 
1111 4976 
1112 4966 
1113 4771 
1114 4996 
1115 4911 3423 
1116 3933 
1117 4979 
1118 3881 4292 4971 
1119 3993 
1120 4183 
1121 4657 
1122 4679 
1123 4778 
1124 4892 
1125 4977 
1126 4917 
1127 4975 
1128 4953 
1129 3517 
1130 4956 
1131 4979 
1132 4957 
1133 4908 
1134 4911 
1135 4979 
1136 4783 
1137 4440 
1138 4303 
1139 4995 
1140 4720 
1141 4959 
1142 4881 4883 
1143 4956 
1144 4978 
1145 4975 
1146 4976 
1147 4978 
1148 4503 
1149 3615 4881 
1150 4999 
1151 4834 
1152 4880 
1153 4939 
1154 4986 
1155 4844 
1156 4412 
1157 1861 
1158 4515 
1159 4916 
1160 4679 
1161 4664 
1162 4720 
1163 4319 
1164 4788 
1165 3423 
1166 4881 
1167 3517 
1168 4996 
1169 4991 
1170 4832 3357 
1171 4987 
1172 4868 
1173 4987 
1174 4917 
1175 4990 
1176 4987 
1177 5000 
1178 4778 4846 4916 
1179 4961 
1180 4956 
1181 4716 
1182 2522 
1183 4987 
1184 4775 
1185 4803 
1186 4778 
1187 4856 
1188 4275 
1189 4856 
1190 4966 
1191 4966 
1192 4883 
1193 4775 
1194 4438 
1195 4883 
1196 4964 
1197 4881 
1198 4730 
1199 4908 
1200 4798 
1201 4775 
1202 4756 
1203 4912 
1204 4775 
1205 3749 
1206 4916 
1207 4922 
1208 4319 4353 
1209 4631 4721 
1210 4678 
1211 4975 
1212 4844 
1213 4908 
1214 4846 
1215 4682 
1216 4975 
1217 4377 
1218 4905 
1219 4968 
1220 4997 
1221 4738 
1222 4894 4908 4971 
1223 4811 
1224 2044 
1225 4858 
1226 4809 
1227 4659 
1228 4160 
1229 4833 
1230 4767 
1231 4983 
1232 3820 
1233 4940 
1234 3970 
1235 4833 
1236 4964 
1237 4070 
1238 4910 
1239 4664 
1240 4912 
1241 4977 4283 4832 4353 
1242 4996 
1243 4464 
1244 4922 
1245 4959 
1246 4830 
1247 4416 
1248 4684 
1249 4939 
1250 4524 
1251 4283 
1252 4910 
1253 4905 
1254 4971 
1255 4788 
1256 4915 4319 4747 
1257 4846 
1258 5000 
1259 4809 
1260 4916 
1261 4997 
1262 4377 
1263 4883 
1264 4995 
1265 4911 
1266 4976 
1267 4917 
1268 4976 
1269 4905 
1270 4915 
1271 4966 
1272 2952 
1273 4928 
1274 4346 
1275 4957 
1276 4522 
1277 4803 4991 
1278 4716 
1279 4834 
1280 4917 
1281 4346 
1282 4846 
1283 4747 
1284 4922 
1285 4991 
1286 4940 
1287 4679 
1288 4856 
1289 4966 
1290 3517 
1291 4956 
1292 4292 
1293 4953 
1294 4964 
1295 4720 
1296 4657 
1297 4903 
1298 4803 
1299 4883 
1300 4834 
1301 4883 
1302 4991 
1303 4657 
1304 4833 4987 4908 
1305 4955 
1306 4833 
1307 4811 
1308 4988 
1309 4657 4738 
1310 4283 
1311 4631 
1312 4747 
1313 4070 
1314 4988 
1315 4811 4865 4695 4868 
1316 4922 
1317 4412 
1318 4183 
1319 3881 
1320 4670 
1321 4778 
1322 4866 
1323 4730 
1324 4964 
1325 4840 
1326 4884 
1327 4977 
1328 4968 
1329 4833 
1330 4858 
1331 4738 
1332 4834 
1333 4968 
1334 4939 
1335 3820 
1336 3933 
1337 4940 
1338 4915 
1339 4721 
1340 4996 
1341 4809 
1342 4865 
1343 4976 
1344 4784 
1345 4803 
1346 4989 
1347 4412 
1348 4961 
1349 4659 
1350 4953 
1351 4830 
1352 4865 
1353 4779 
1354 4664 
1355 4444 
1356 4975 4720 
1357 2522 
1358 4856 
1359 4803 
1360 4916 4905 
1361 4788 
1362 4880 
1363 4987 
1364 4716 
1365 4991 
1366 4985 
1367 4976 4709 
1368 4784 
1369 4915 
1370 4964 
1371 4679 
1372 4953 
1373 4720 
1374 4445 
1375 4995 
1376 3384 
1377 4730 
1378 4811 
1379 4996 
1380 4811 4856 
1381 4353 
1382 4894 
1383 4988 
1384 4346 
1385 4803 
1386 4832 4431 
1387 4916 
1388 4721 
1389 4975 
1390 4957 
1391 4798 4720 3633 
1392 4582 4171 
1393 4833 
1394 4940 
1395 4866 
1396 3933 
1397 4976 
1398 4440 
1399 4720 
1400 4775 
1401 4990 
1402 4939 
1403 4834 
1404 4803 
1405 4901 
1406 4720 
1407 3517 4720 
1408 4966 
1409 4986 
1410 4798 4858 4283 
1411 4160 
1412 4999 
1413 4803 
1414 4771 
1415 4070 
1416 4911 
1417 4991 
1418 4959 
1419 4679 
1420 3517 
1421 4915 
1422 4784 
1423 4858 
1424 3295 
1425 4988 
1426 4986 
1427 4866 
1428 4788 
1429 4968 
1430 4976 
1431 4847 
1432 4720 
1433 4522 
1434 4866 
1435 4833 
1436 4609 
1437 4070 
1438 4274 
1439 2952 
1440 4346 
1441 4303 
1442 2522 
1443 4438 
1444 4070 
1445 4798 
1446 4609 
1447 4880 
1448 4892 
1449 4956 
1450 4926 
1451 4977 
1452 4926 
1453 4609 
1454 4865 
1455 4997 
1456 4975 
1457 4976 
1458 4996 4987 
1459 4582 
1460 4283 
1461 4855 
1462 4353 
1463 3197 
1464 4783 3820 4283 
1465 4865 
1466 4979 
1467 4728 
1468 4955 
1469 4183 
1470 4976 
1471 4922 
1472 4960 
1473 4911 
1474 3820 4916 
1475 4911 
1476 4682 2952 
1477 4940 
1478 4945 
1479 4903 
1480 4811 
1481 4910 
1482 4684 
1483 4844 4880 4903 
1484 4971 
1485 4815 
1486 4609 
1487 4956 
1488 4467 
1489 4883 
1490 4445 
1491 3933 
1492 4990 
1493 4865 
1494 4682 
1495 4416 
1496 3933 
1497 4490 
1498 4811 
1499 4720 
1500 4987 
1501 4884 
1502 4982 
1503 4484 
1504 3970 
1505 4916 
1506 4832 
1507 4916 
1508 4319 
1509 4377 
1510 4866 
1511 4985 
1512 4283 
1513 4728 
1514 4976 
1515 4961 
1516 4957 
1517 4720 
1518 4844 
1519 4803 
1520 4960 
1521 3881 
1522 4721 
1523 4070 
1524 2522 
1525 4866 
1526 4682 
1527 4928 
1528 4916 
1529 4679 
1530 4582 
1531 4868 
1532 4834 
1533 4036 
1534 4905 
1535 4866 
1536 4855 
1537 4609 
1538 4883 
1539 4910 
1540 4666 
1541 4901 
1542 4916 
1543 3749 
1544 4894 
1545 4917 
1546 4976 
1547 4960 
1548 4982 
1549 4809 
1550 4832 
1551 4905 4844 4985 
1552 4884 
1553 4912 
1554 4716 
1555 4171 
1556 4910 
1557 4977 
1558 4855 4720 
1559 4467 
1560 4975 
1561 4747 
1562 4995 
1563 3517 4730 4788 
1564 4960 
1565 4721 
1566 4682 
1567 4303 
1568 4682 
1569 4988 
1570 4720 
1571 4440 
1572 4982 
1573 4990 
1574 3993 
1575 4515 
1576 3993 
1577 4915 
1578 3357 
1579 4803 
1580 4666 
1581 4445 
1582 4884 
1583 4976 
1584 4855 
1585 4720 
1586 4983 
1587 4183 
1588 4738 
1589 4959 
1590 4730 
1591 4783 
1592 4779 
1593 4883 
1594 4990 
1595 4834 4515 4908 
1596 4840 
1597 4431 
1598 4964 
1599 4858 
1600 4956 4957 
1601 4844 
1602 4183 
1603 4917 
1604 4960 
1605 4883 
1606 4508 
1607 3357 
1608 4508 
1609 4783 
1610 4866 
1611 4940 
1612 4728 
1613 4834 
1614 4985 
1615 4833 3197 4979 
1616 4966 
1617 4319 4756 
1618 5000 
1619 4971 
1620 4866 
1621 4695 
1622 4956 
1623 4788 
1624 4968 
1625 2421 
1626 4467 
1627 3881 4846 3517 
1628 4353 
1629 4975 4657 
1630 4582 
1631 4721 
1632 4868 
1633 4955 
1634 4679 
1635 4778 
1636 2802 
1637 4720 
1638 4858 
1639 4631 
1640 4381 
1641 4979 
1642 4968 4999 
1643 4855 
1644 4720 
1645 4968 4684 4940 4858 
1646 4664 
1647 4910 
1648 4830 
1649 4910 
1650 4738 
1651 1651 
1652 3970 
1653 4779 
1654 4905 
1655 3523 
1656 4431 
1657 4783 
1658 2952 4840 4738 
1659 4883 
1660 4884 
1661 4666 
1662 4977 
1663 4346 
1664 4964 
1665 4856 
1666 4997 
1667 4866 
1668 4657 
1669 4883 
1670 4901 
1671 4966 4865 
1672 4631 
1673 4971 
1674 4856 
1675 4833 
1676 4985 
1677 4922 
1678 4983 
1679 4926 
1680 4855 4346 
1681 4995 
1682 4911 
1683 4999 
1684 4833 
1685 3517 
1686 4445 
1687 4894 
1688 4977 
1689 4775 
1690 4964 
1691 4999 
1692 4833 
1693 3933 
1694 4832 
1695 4956 
1696 4968 
1697 4666 
1698 4631 
1699 4978 
1700 4912 
1701 4664 
1702 4892 
1703 4939 
1704 4957 
1705 4160 
1706 4767 
1707 4788 
1708 4979 
1709 3749 
1710 4953 
1711 4524 
1712 4917 
1713 4833 
1714 4884 
1715 4346 
1716 2421 
1717 4983 
1718 4945 4319 
1719 4916 
1720 4995 
1721 4832 
1722 4928 
1723 4910 
1724 4912 
1725 4803 
1726 5000 
1727 4682 4783 
1728 4866 
1729 2802 
1730 4988 
1731 4905 4767 4834 
1732 4464 
1733 4803 
1734 4905 
1735 4966 4905 
1736 4846 
1737 3820 
1738 4971 
1739 4880 
1740 4955 4631 4274 
1741 4905 
1742 4966 4971 
1743 4771 
1744 4990 
1745 3382 4440 4659 4747 
1746 4788 
1747 4679 
1748 4971 
1749 2802 4657 
1750 4964 
1751 4775 
1752 4928 
1753 4881 
1754 4464 
1755 4953 
1756 4684 4664 
1757 4775 4678 4756 4783 4960 
1758 4484 
1759 4444 
1760 3517 4977 
1761 4274 
1762 4922 
1763 4905 
1764 4846 
1765 3382 
1766 4183 
1767 4412 
1768 4303 
1769 4977 
1770 4894 
1771 4996 
1772 4959 
1773 4664 
1774 4670 
1775 4915 
1776 4987 
1777 4957 
1778 4858 
1779 4956 
1780 3384 
1781 4959 
1782 4445 
1783 4833 
1784 4846 
1785 4855 
1786 2522 
1787 4977 
1788 4959 
1789 4778 
1790 4160 
1791 4346 
1792 4832 
1793 4664 
1794 4846 
1795 4915 
1796 4631 
1797 4747 4440 
1798 4679 
1799 4996 
1800 4953 
1801 4275 
1802 4659 
1803 4964 3970 
1804 4709 
1805 4657 
1806 4911 
1807 4976 
1808 4905 
1809 4490 
1810 4815 
1811 4881 
1812 4779 
1813 4866 
1814 4783 
1815 4490 
1816 4832 
1817 4912 
1818 4858 
1819 4292 
1820 4953 
1821 4881 
1822 4968 
1823 4894 
1824 3384 
1825 4977 
1826 4856 
1827 4303 4798 
1828 4939 
1829 4490 
1830 4968 
1831 4978 
1832 4728 
1833 4664 4945 4467 
1834 4747 
1835 4303 
1836 3933 4916 3633 
1837 4892 
1838 4834 
1839 4983 
1840 4716 
1841 4961 
1842 4915 
1843 4915 
1844 4771 
1845 4440 
1846 4784 
1847 4953 
1848 4659 
1849 4866 
1850 4956 4916 4783 4991 
1851 4798 
1852 3197 
1853 4833 
1854 4901 
1855 4915 
1856 4968 
1857 4978 4319 
1858 4664 
1859 4995 
1860 4834 
1861 1861 
1862 4956 
1863 4908 
1864 4720 
1865 4803 
1866 4747 
1867 2952 
1868 4738 
1869 5000 
1870 4922 
1871 4716 
1872 4467 
1873 4971 
1874 3523 
1875 2044 4171 
1876 3970 
1877 4971 
1878 4995 
1879 4815 
1880 4977 
1881 4666 
1882 4990 
1883 4900 
1884 4990 
1885 4966 4971 
1886 5000 
1887 4464 
1888 4803 
1889 4832 
1890 4971 
1891 4679 
1892 4377 
1893 4975 4905 4283 
1894 4939 
1895 4679 
1896 3881 4865 
1897 4975 
1898 4976 
1899 4979 
1900 4956 
1901 3680 
1902 4910 
1903 4901 
1904 4833 
1905 3633 2802 4833 
1906 4968 3933 4775 
1907 4659 
1908 4815 
1909 4956 
1910 4987 
1911 4666 
1912 4657 
1913 4968 
1914 4953 
1915 4964 4036 
1916 4709 
1917 3357 
1918 4678 
1919 3633 4664 
1920 4976 
1921 4996 
1922 4883 
1923 4684 
1924 4987 
1925 4910 
1926 4995 
1927 4771 
1928 5000 
1929 4905 
1930 4957 
1931 4775 
1932 4721 
1933 4971 
1934 4440 
1935 3633 
1936 4964 
1937 4353 
1938 4657 
1939 4070 
1940 4834 
1941 4319 
1942 4803 
1943 4997 
1944 2044 
1945 4811 
1946 4883 4968 4989 4996 
1947 4809 
1948 4524 
1949 4679 
1950 3384 
1951 4670 
1952 4858 
1953 4966 
1954 4582 
1955 4901 
1956 4960 
1957 4467 
1958 4319 
1959 4997 
1960 4070 
1961 4809 
1962 4679 
1963 4990 
1964 4922 
1965 4945 
1966 4631 4503 
1967 4738 
1968 4319 
1969 4997 
1970 4966 
1971 4730 
1972 4657 
1973 4670 
1974 4659 
1975 4855 
1976 4684 
1977 4997 
1978 4684 
1979 5000 
1980 4940 
1981 3423 
1982 4975 
1983 4609 
1984 4779 
1985 4926 
1986 3970 
1987 4855 
1988 4996 
1989 4866 
1990 4070 
1991 4865 
1992 1861 4957 4444 
1993 4775 
1994 4730 
1995 4467 4353 4438 
1996 2802 
1997 4858 
1998 4991 
1999 4811 
2000 4971 4834 
2001 4977 
2002 4968 
2003 4905 
2004 3384 
2005 4979 
2006 4070 
2007 4467 
2008 4926 
2009 4666 
2010 4966 
2011 4977 
2012 4957 
2013 4840 
2014 4983 
2015 4798 
2016 3680 
2017 4928 
2018 4730 
2019 4999 
2020 4966 
2021 4999 
2022 4716 
2023 4830 
2024 4728 
2025 4346 
2026 4959 
2027 4709 
2028 4858 
2029 4664 
2030 4892 
2031 4905 
2032 4961 
2033 4858 
2034 4928 
2035 4892 
2036 4833 
2037 4809 4445 
2038 4986 
2039 4716 
2040 4916 
2041 4996 
2042 3615 
2043 4996 
2044 2044 
2045 4866 
2046 4657 
2047 2802 4917 4959 4989 
2048 4975 
2049 4865 
2050 3384 
2051 4684 
2052 4833 4916 
2053 4784 
2054 4945 4917 4976 
2055 4840 
2056 4960 
2057 4961 
2058 4695 
2059 4966 
2060 2044 
2061 4900 
2062 4988 
2063 4982 
2064 4522 
2065 4775 
2066 4987 
2067 4445 
2068 4953 4966 4353 
2069 4833 
2070 3295 
2071 4987 
2072 4679 
2073 4678 
2074 4431 
2075 4171 
2076 4809 
2077 4856 
2078 3615 
2079 4346 
2080 4834 
2081 4721 
2082 4961 
2083 4955 
2084 4412 
2085 4858 
2086 4783 
2087 4728 
2088 4728 
2089 4678 
2090 3993 
2091 4940 
2092 4856 
2093 4803 
2094 4996 
2095 4803 
2096 4868 
2097 4171 
2098 3933 
2099 4996 
2100 4490 
2101 4961 
2102 4788 
2103 4916 
2104 4917 
2105 4955 
2106 4798 
2107 4716 
2108 3970 
2109 4865 
2110 4926 
2111 4803 
2112 4833 
2113 4964 
2114 4911 
2115 4908 
2116 4900 
2117 4986 
2118 4815 
2119 4444 3523 4036 
2120 4955 
2121 4865 
2122 4445 
2123 4901 
2124 4832 
2125 4856 
2126 4964 
2127 4728 4903 
2128 4977 
2129 4657 
2130 4916 
2131 4956 4983 4990 4977 4964 
2132 4832 
2133 4986 
2134 4171 
2135 4834 
2136 4431 
2137 4346 
2138 4894 4771 4916 
2139 4995 
2140 1651 4833 
2141 4171 
2142 4695 
2143 4036 4834 4957 4880 
2144 4979 
2145 4830 
2146 4834 
2147 4346 4926 
2148 4183 
2149 4977 
2150 4783 
2151 4070 4953 4961 
2152 3197 
2153 4908 4779 4522 4868 
2154 4971 
2155 4903 
2156 4670 
2157 3970 
2158 4955 
2159 4903 
2160 4995 
2161 4416 
2162 3523 
2163 4881 
2164 4884 
2165 4982 
2166 4996 
2167 4522 
2168 4966 
2169 4999 
2170 4412 
2171 4995 
2172 4915 
2173 4738 
2174 4939 
2175 4716 
2176 4803 2421 
2177 4834 
2178 4515 
2179 4847 
2180 4881 
2181 4716 
2182 4912 
2183 4905 
2184 4910 
2185 4977 4840 
2186 3680 
2187 4988 
2188 4997 
2189 4778 
2190 4377 
2191 4834 
2192 4775 
2193 3749 
2194 4811 
2195 4961 
2196 4783 
2197 3820 
2198 4721 
2199 4971 
2200 4975 
2201 4892 
2202 4922 
2203 4956 
2204 3295 
2205 4959 
2206 4990 
2207 4987 
2208 4803 
2209 4775 
2210 4582 
2211 4939 4377 4798 4912 
2212 4894 
2213 4767 
2214 4917 4416 4524 
2215 2421 
2216 4928 
2217 4303 
2218 4987 
2219 4986 
2220 4484 
2221 4911 
2222 4775 
2223 4679 
2224 4908 
2225 4377 
2226 4319 
2227 4670 
2228 4840 
2229 4971 
2230 4767 
2231 4968 
2232 4377 
2233 4730 
2234 4983 
2235 4678 
2236 4377 
2237 4803 
2238 4508 
2239 4779 
2240 4905 
2241 4959 
2242 4956 
2243 4716 
2244 4966 
2245 4966 
2246 4960 
2247 4303 
2248 4353 
2249 4788 
2250 4983 
2251 4767 
2252 4779 
2253 3517 
2254 4880 
2255 4968 4910 4670 
2256 4728 
2257 3357 
2258 4989 
2259 4964 
2260 4945 3680 4171 
2261 4484 
2262 4955 
2263 4832 
2264 4926 
2265 4778 
2266 4966 
2267 3933 
2268 4678 4844 4884 4989 
2269 4775 
2270 4444 
2271 3197 
2272 4720 4832 3993 4966 
2273 4971 
2274 4783 
2275 4912 
2276 4966 
2277 3295 
2278 4728 
2279 3633 
2280 4894 
2281 4803 
2282 3680 
2283 4957 
2284 4955 
2285 4788 
2286 3970 
2287 4858 
2288 4926 
2289 3197 
2290 3881 4716 3197 
2291 4444 
2292 4892 
2293 4834 
2294 4319 
2295 4968 
2296 4798 
2297 4716 
2298 4926 
2299 3517 
2300 4832 
2301 4956 
2302 4657 
2303 4966 
2304 2044 
2305 4996 
2306 4881 
2307 4416 
2308 3970 
2309 4609 
2310 4926 
2311 3295 
2312 4771 
2313 4682 
2314 4721 
2315 4880 
2316 4377 
2317 4657 
2318 4901 
2319 4678 
2320 4771 
2321 4036 
2322 4771 
2323 4995 
2324 4720 
2325 4721 
2326 4955 
2327 4912 
2328 3749 
2329 4953 
2330 4916 
2331 4975 
2332 4956 3680 4779 4858 
2333 4484 
2334 4916 
2335 3523 
2336 3517 
2337 4961 
2338 4803 
2339 4779 
2340 4716 
2341 4767 
2342 4955 4999 
2343 4508 
2344 4915 
2345 4412 
2346 4999 
2347 4908 
2348 4953 
2349 4811 
2350 4440 
2351 4956 
2352 4953 
2353 4989 
2354 4922 
2355 4910 
2356 4916 4609 4183 
2357 4865 
2358 4779 
2359 4976 
2360 3423 
2361 4955 
2362 4767 
2363 4631 
2364 4303 
2365 4976 
2366 4440 
2367 4779 
2368 4868 
2369 4464 
2370 4666 
2371 4987 
2372 4977 
2373 4905 
2374 4783 
2375 4955 
2376 4968 
2377 4844 
2378 4858 4771 4901 
2379 3970 
2380 4971 
2381 4771 
2382 4438 
2383 4467 
2384 922 
2385 4659 
2386 4866 
2387 4996 
2388 4957 
2389 4747 
2390 4783 
2391 4346 
2392 4901 
2393 2421 
2394 4884 
2395 4901 
2396 4666 
2397 4957 
2398 4903 
2399 4721 
2400 4833 4855 3197 
2401 4515 
2402 4440 
2403 4858 
2404 4682 
2405 4971 
2406 4939 
2407 4730 
2408 4912 
2409 4798 
2410 4968 
2411 4915 
2412 4709 
2413 4955 
2414 4955 
2415 4910 
2416 4832 
2417 4939 
2418 3517 
2419 4292 
2420 4524 
2421 2421 
2422 4775 
2423 4926 
2424 3749 
2425 4995 
2426 4983 
2427 4524 
2428 4926 
2429 4991 
2430 4894 
2431 4883 
2432 4997 
2433 4866 4524 4964 4720 
2434 4999 
2435 4908 
2436 4987 
2437 4996 
2438 4670 
2439 4987 
2440 4353 
2441 4926 
2442 4679 
2443 4985 
2444 4976 
2445 4957 
2446 4939 
2447 4968 
2448 4975 
2449 4985 
2450 4960 
2451 4928 
2452 4346 
2453 4858 
2454 3517 
2455 4939 
2456 4160 
2457 4283 4833 
2458 4377 
2459 3295 
2460 3615 
2461 4830 
2462 4858 
2463 4353 
2464 3295 
2465 4858 
2466 3615 
2467 3357 
2468 4377 
2469 4855 
2470 4966 
2471 4953 
2472 4987 
2473 4971 
2474 4901 4756 
2475 4856 
2476 4771 4855 4319 
2477 4964 
2478 4939 
2479 3384 
2480 4160 
2481 4865 
2482 4720 
2483 4503 
2484 4955 
2485 4720 4803 4183 
2486 4982 
2487 4926 
2488 4444 
2489 4856 
2490 4303 
2491 3993 
2492 4508 
2493 3633 
2494 4987 
2495 4905 
2496 4682 
2497 4833 
2498 4995 
2499 4955 
2500 4880 
2501 4440 4171 
2502 3382 4775 4183 
2503 4728 
2504 4833 
2505 4961 
2506 3633 
2507 5000 
2508 4721 4720 4961 
2509 4346 
2510 4756 
2511 4900 
2512 4997 
2513 4959 
2514 4953 
2515 4666 
2516 4990 
2517 4788 
2518 4988 
2519 4631 
2520 4960 
2521 4979 
2522 2522 
2523 4953 
2524 4892 
2525 4803 
2526 4988 
2527 4955 
2528 4939 
2529 4964 
2530 4412 
2531 2802 
2532 4989 
2533 4720 
2534 4160 
2535 4833 
2536 4987 
2537 4989 
2538 4858 4855 
2539 4868 
2540 4900 
2541 4834 
2542 4892 
2543 4977 
2544 4926 
2545 4940 
2546 4987 
2547 4977 
2548 4892 
2549 4803 4524 
2550 4847 
2551 2802 4728 4662 
2552 4991 
2553 4840 
2554 4416 
2555 4416 
2556 3933 
2557 4631 
2558 4856 
2559 4508 
2560 4987 
2561 4775 
2562 4747 
2563 4183 
2564 4955 
2565 4738 
2566 3633 4730 3423 
2567 3423 
2568 4900 
2569 4416 
2570 4982 
2571 4784 
2572 4990 
2573 4928 
2574 4440 
2575 4968 
2576 4353 
2577 4977 
2578 4976 
2579 4894 
2580 4987 4999 
2581 4976 
2582 4968 
2583 4490 
2584 4964 
2585 4695 
2586 4775 
2587 4679 
2588 3820 
2589 4883 
2590 4978 
2591 4928 
2592 4775 
2593 4779 
2594 4319 4662 4881 4834 4975 
2595 2952 
2596 4833 
2597 4840 
2598 4679 
2599 4976 
2600 4989 4319 4416 
2601 5000 
2602 4957 
2603 4953 
2604 4684 
2605 3633 
2606 4989 
2607 4990 
2608 3993 
2609 4910 
2610 3881 
2611 4905 
2612 4983 
2613 4960 
2614 4866 4996 4784 
2615 4815 
2616 4716 
2617 4778 
2618 4721 
2619 4846 
2620 4720 
2621 4957 
2622 4983 
2623 4900 
2624 3197 
2625 4976 
2626 4788 
2627 4834 
2628 3933 
2629 4884 
2630 2952 
2631 4720 
2632 4905 
2633 4987 
2634 4832 
2635 4901 
2636 4991 
2637 4905 
2638 4662 
2639 4771 
2640 4844 
2641 3881 
2642 4883 
2643 4953 
2644 4964 
2645 1861 3970 4720 3820 
2646 4716 
2647 4915 
2648 4631 4779 
2649 4830 
2650 4508 
2651 4832 
2652 4515 
2653 3423 
2654 4987 
2655 4811 
2656 4275 
2657 4695 
2658 4989 
2659 4883 
2660 4721 
2661 4171 
2662 4966 
2663 4840 
2664 4833 
2665 4490 
2666 4856 4381 
2667 4905 
2668 4778 
2669 4983 
2670 4631 
2671 4381 
2672 2802 
2673 4522 
2674 5000 
2675 4957 
2676 4830 
2677 3382 3820 4775 
2678 4865 
2679 4353 
2680 4846 
2681 4964 
2682 4036 
2683 4756 
2684 4991 
2685 4858 
2686 4961 
2687 4670 
2688 4716 4916 4905 4894 4830 
2689 4467 
2690 4868 
2691 4508 
2692 4971 
2693 3970 4961 
2694 4283 
2695 4522 
2696 3820 4881 
2697 4865 
2698 4779 
2699 4779 
2700 4917 
2701 4657 
2702 4988 
2703 4916 
2704 4445 
2705 2421 
2706 4979 
2707 4779 
2708 4856 
2709 4803 
2710 4582 
2711 4990 
2712 4431 
2713 4940 
2714 4945 
2715 4662 
2716 4412 
2717 4988 
2718 4730 
2719 4956 
2720 4809 
2721 4716 
2722 4961 
2723 4955 
2724 2802 
2725 4979 
2726 4988 
2727 4292 
2728 4910 
2729 4666 
2730 4858 
2731 4720 
2732 4679 
2733 4381 
2734 4856 
2735 4484 
2736 4346 
2737 4912 
2738 4171 
2739 4971 
2740 4926 4803 4503 4783 4995 
2741 4901 
2742 3295 
2743 4903 
2744 4484 
2745 4832 
2746 4738 
2747 4720 
2748 4833 
2749 4999 
2750 4522 
2751 3517 
2752 4988 
2753 4303 
2754 4412 
2755 3295 
2756 4833 
2757 4939 
2758 4939 
2759 4883 
2760 4657 4926 
2761 4986 
2762 4582 
2763 4910 
2764 3357 
2765 3933 
2766 4968 
2767 4975 
2768 3615 
2769 4880 4779 3517 
2770 4911 
2771 4346 
2772 4922 
2773 4865 
2774 4868 
2775 4467 
2776 4467 
2777 4957 
2778 4979 
2779 4832 
2780 4730 
2781 4957 
2782 4988 
2783 4464 
2784 4892 
2785 4928 
2786 4916 
2787 4926 
2788 4721 
2789 4721 
2790 4778 
2791 4971 
2792 4975 
2793 4881 
2794 4664 
2795 4292 
2796 4431 
2797 4903 
2798 4779 
2799 4798 
2800 4865 
2801 4905 
2802 2802 
2803 4964 
2804 4720 4855 
2805 4788 
2806 4990 
2807 4775 
2808 4865 
2809 4928 
2810 4987 
2811 4666 
2812 4728 
2813 4959 
2814 4662 
2815 4779 
2816 4986 
2817 4855 4775 4779 4858 
2818 4319 4940 
2819 3423 4959 
2820 4728 
2821 3423 
2822 4917 
2823 2421 
2824 4508 
2825 4832 4682 
2826 4275 
2827 4834 
2828 4868 
2829 4868 
2830 4679 
2831 4905 
2832 3881 
2833 4917 
2834 4515 4784 4966 
2835 4730 4894 4609 3615 
2836 4830 
2837 4631 
2838 4999 
2839 4720 3970 4670 
2840 4926 
2841 4908 
2842 4171 
2843 4892 
2844 3615 
2845 4508 
2846 4915 
2847 4666 
2848 4915 
2849 4834 
2850 4971 
2851 4956 
2852 4377 
2853 4955 4783 
2854 4957 
2855 4955 
2856 4988 
2857 4956 
2858 4979 
2859 4803 
2860 4976 
2861 4912 
2862 4911 
2863 4995 
2864 2421 4987 4883 3517 4803 
2865 4679 
2866 4788 3295 4631 4720 
2867 4775 
2868 4319 
2869 4771 4844 4695 4036 
2870 4811 
2871 4868 
2872 4858 4908 
2873 4880 
2874 4881 
2875 4880 4657 4283 4989 
2876 4975 
2877 4779 
2878 4881 
2879 4982 
2880 4784 
2881 4903 
2882 4377 
2883 4955 
2884 4917 
2885 4939 
2886 3933 
2887 4977 
2888 4171 
2889 4971 
2890 4905 
2891 4832 4670 4846 4883 4959 4964 
2892 4956 
2893 4975 
2894 4999 
2895 4609 
2896 3615 
2897 4783 
2898 4916 
2899 4412 
2900 3881 
2901 4865 
2902 4720 
2903 4987 
2904 4922 
2905 4940 
2906 4657 
2907 4996 4977 
2908 4910 
2909 4720 
2910 4916 
2911 4798 
2912 4274 
2913 4840 
2914 4721 
2915 4662 
2916 4968 
2917 4983 
2918 4784 4881 
2919 4960 
2920 4892 
2921 4977 
2922 4991 
2923 4303 
2924 4957 
2925 4883 
2926 4522 
2927 4659 4908 
2928 4844 
2929 4346 
2930 4695 
2931 4830 
2932 4662 
2933 3615 
2934 4303 
2935 4894 
2936 4803 
2937 4274 
2938 4662 
2939 4609 
2940 4678 
2941 4926 
2942 3993 
2943 4515 
2944 4911 
2945 4911 
2946 4319 
2947 4847 
2948 4977 
2949 4991 
2950 4788 
2951 4964 
2952 2952 
2953 4910 
2954 4966 
2955 4582 
2956 2421 
2957 4515 
2958 4959 
2959 4847 
2960 4865 
2961 4928 
2962 4908 
2963 4966 4961 
2964 4903 
2965 4767 
2966 4484 
2967 3384 
2968 4901 
2969 4720 
2970 4720 
2971 4901 
2972 3993 
2973 4855 
2974 4995 
2975 4997 
2976 4940 
2977 3881 
2978 4503 
2979 4956 
2980 4678 
2981 3384 
2982 4915 
2983 4275 
2984 4880 
2985 4905 
2986 5000 
2987 4464 
2988 4945 
2989 4971 
2990 4966 
2991 4910 
2992 4922 
2993 4987 
2994 4833 
2995 4775 
2996 4955 
2997 4775 
2998 4911 
2999 4910 
3000 3517 
3001 4926 4880 
3002 4684 
3003 4999 
3004 4503 
3005 4609 
3006 4955 
3007 4783 
3008 4964 
3009 4856 
3010 3749 
3011 3680 
3012 4720 
3013 4903 
3014 4830 
3015 3680 4961 4996 4956 
3016 4775 
3017 4833 
3018 4716 
3019 4916 
3020 4964 
3021 4894 
3022 4783 
3023 4892 
3024 4928 
3025 4917 
3026 4679 
3027 4988 
3028 4377 
3029 4416 
3030 4912 
3031 4866 
3032 3197 
3033 4833 
3034 4508 
3035 4917 
3036 4901 4292 
3037 4467 4670 
3038 4833 
3039 4730 
3040 4953 
3041 4830 
3042 4977 
3043 3970 
3044 4966 
3045 4775 
3046 4721 
3047 4720 4999 4844 
3048 4834 4631 
3049 4912 
3050 4999 
3051 4771 4926 3993 4910 
3052 4901 
3053 4966 
3054 4609 
3055 4662 
3056 4956 
3057 4956 
3058 4720 
3059 3881 
3060 4508 
3061 4524 
3062 4912 
3063 4905 
3064 4784 
3065 4490 4987 
3066 4679 
3067 4381 
3068 4803 
3069 4884 
3070 4775 
3071 3517 4971 4855 
3072 4884 
3073 4960 
3074 4771 
3075 4779 
3076 4657 
3077 4666 
3078 4908 
3079 4868 
3080 4996 
3081 4303 
3082 4274 
3083 4834 
3084 4978 
3085 4840 
3086 4975 
3087 4881 
3088 4901 
3089 4979 
3090 4508 
3091 4728 
3092 4926 4840 
3093 4767 
3094 4991 
3095 4803 
3096 4784 
3097 4964 
3098 4905 
3099 4431 
3100 4803 
3101 4319 3970 4916 
3102 4939 
3103 4976 
3104 4977 
3105 4894 
3106 4070 
3107 4985 
3108 4968 
3109 4779 
3110 4976 
3111 4720 
3112 4730 
3113 4961 
3114 4747 
3115 4960 
3116 4866 
3117 4856 
3118 4883 
3119 4966 
3120 4811 
3121 4990 
3122 4467 
3123 4631 
3124 4846 
3125 4303 4709 
3126 3820 
3127 4666 
3128 4901 
3129 4956 
3130 4955 
3131 3615 
3132 4464 
3133 4283 
3134 4940 
3135 4883 
3136 4709 
3137 4771 
3138 4833 
3139 4716 
3140 4834 
3141 4983 
3142 4987 
3143 4183 
3144 4955 
3145 4783 
3146 4657 
3147 4274 
3148 4971 
3149 4916 
3150 4346 
3151 4990 
3152 3881 4977 
3153 4900 
3154 4880 
3155 4809 
3156 4695 
3157 4979 
3158 4728 
3159 4916 
3160 4582 
3161 4747 
3162 4609 
3163 4445 
3164 4956 
3165 4679 4961 4905 
3166 4346 
3167 3749 
3168 4977 
3169 4856 
3170 4926 
3171 4956 
3172 4991 
3173 4747 
3174 4881 
3175 4940 
3176 3523 
3177 4275 
3178 4910 
3179 4716 
3180 4788 
3181 4833 
3182 3423 
3183 4953 
3184 4975 
3185 4971 
3186 4524 
3187 4916 
3188 4966 
3189 4983 
3190 4957 
3191 4939 
3192 4522 
3193 4986 
3194 4855 
3195 4966 
3196 4682 
3197 3197 
3198 4832 
3199 4662 
3200 4662 
3201 4977 
3202 3680 
3203 4381 
3204 4901 
3205 3633 
3206 4844 
3207 4905 
3208 4966 
3209 4846 
3210 4989 
3211 4682 
3212 4381 
3213 4716 
3214 4609 
3215 4996 
3216 4959 
3217 4982 
3218 4631 
3219 4720 3680 4682 
3220 4996 
3221 4988 
3222 4915 4910 4945 
3223 4377 
3224 4991 
3225 4464 
3226 4966 
3227 4834 
3228 4779 
3229 4926 
3230 4916 
3231 3970 
3232 4721 
3233 4775 
3234 4631 
3235 4960 
3236 4716 
3237 4720 4988 4908 
3238 4892 
3239 4971 
3240 4730 
3241 4720 
3242 4775 
3243 3423 4883 
3244 4070 
3245 4695 4988 
3246 4917 
3247 4524 
3248 4183 
3249 4659 
3250 4036 
3251 4666 4908 4987 
3252 4856 
3253 4910 
3254 4997 
3255 4833 4968 
3256 4959 
3257 4868 
3258 4809 
3259 4915 
3260 4966 
3261 4939 
3262 3517 
3263 4171 
3264 4939 
3265 4999 
3266 4968 
3267 4275 
3268 4940 
3269 4832 
3270 4798 
3271 4709 4846 
3272 4830 
3273 4319 
3274 3523 
3275 4484 
3276 4657 4664 4840 
3277 3295 
3278 4183 
3279 4856 
3280 4183 
3281 3820 
3282 4767 
3283 4901 4846 
3284 4464 
3285 4916 
3286 4657 
3287 4840 
3288 4961 
3289 4747 
3290 3970 
3291 4275 
3292 4834 
3293 4784 
3294 4779 
3295 3295 
3296 4884 4987 4833 4856 4657 
3297 4720 
3298 2802 
3299 4832 
3300 4971 
3301 4977 
3302 4582 
3303 4880 
3304 4783 
3305 4720 
3306 3423 
3307 4720 
3308 4987 
3309 4803 
3310 4855 
3311 3517 4319 4756 
3312 4720 
3313 4303 
3314 4905 
3315 4679 
3316 4908 
3317 4858 
3318 4524 
3319 3357 
3320 4977 
3321 4659 
3322 4377 
3323 4381 4977 4832 4905 
3324 4903 
3325 4847 
3326 4868 
3327 4926 
3328 3517 
3329 4670 4961 
3330 4747 
3331 4832 
3332 4728 
3333 4916 
3334 3517 
3335 4988 
3336 4987 
3337 4183 4988 4964 
3338 4847 
3339 4865 
3340 4771 
3341 4431 
3342 4977 
3343 4881 
3344 4910 
3345 4292 
3346 4866 
3347 4894 
3348 3633 4961 
3349 4866 
3350 4377 
3351 4381 
3352 4971 
3353 4966 
3354 4353 
3355 4912 
3356 4783 
3357 3357 
3358 4957 
3359 4939 
3360 4905 
3361 4999 
3362 4990 
3363 4670 
3364 4866 
3365 4720 
3366 4664 
3367 4908 4846 
3368 4985 
3369 4971 4730 4881 
3370 3820 
3371 4964 
3372 4738 
3373 4716 
3374 4416 
3375 4883 
3376 4767 
3377 4431 
3378 4997 
3379 4467 
3380 3357 
3381 4939 
3382 3382 2044 
3383 4855 
3384 3384 
3385 4900 
3386 4798 
3387 4939 
3388 4977 
3389 4783 
3390 4779 
3391 4490 
3392 4964 
3393 4982 
3394 3517 
3395 4684 
3396 4915 
3397 4915 
3398 4784 
3399 4834 
3400 4915 
3401 4670 
3402 4968 
3403 4971 
3404 4996 
3405 4815 
3406 4961 
3407 4880 
3408 4834 
3409 4858 
3410 4844 
3411 4788 
3412 2952 
3413 4846 
3414 4809 
3415 4959 
3416 4940 
3417 3517 
3418 4682 
3419 4830 
3420 4833 
3421 4522 
3422 4070 
3423 3423 
3424 4916 
3425 4657 
3426 4353 
3427 4905 
3428 4999 
3429 4775 
3430 4830 
3431 3523 
3432 4968 
3433 4303 
3434 4662 
3435 4884 
3436 4431 
3437 4999 
3438 4815 
3439 4788 4903 4868 
3440 4856 
3441 4695 
3442 4865 
3443 4856 
3444 4996 
3445 4866 
3446 4940 
3447 4988 
3448 4684 
3449 4866 3633 4910 4988 
3450 2044 3680 4996 
3451 4971 
3452 4353 
3453 4957 
3454 4978 
3455 4716 
3456 4979 
3457 4928 
3458 4783 
3459 4975 
3460 4990 
3461 4070 
3462 4840 
3463 4917 
3464 3633 
3465 4982 
3466 4883 
3467 4747 
3468 4784 
3469 4855 
3470 4866 
3471 4901 
3472 4292 
3473 4303 
3474 4666 
3475 4977 
3476 4747 
3477 4508 
3478 4894 
3479 4803 
3480 4911 
3481 4856 
3482 4987 4738 4847 
3483 3615 
3484 4775 
3485 4977 
3486 4679 
3487 4440 
3488 4988 
3489 4609 
3490 4868 
3491 4858 
3492 4989 
3493 4915 
3494 4730 
3495 4809 
3496 4945 
3497 4720 
3498 4911 
3499 4784 
3500 4884 
3501 4171 
3502 4381 
3503 4490 
3504 4775 
3505 4381 
3506 4846 
3507 4966 
3508 4666 
3509 4953 
3510 4971 
3511 4959 4657 4982 
3512 4666 4916 4961 
3513 4955 
3514 4666 
3515 3197 4976 
3516 4438 
3517 3517 
3518 4971 
3519 4894 
3520 4868 
3521 4926 
3522 4971 
3523 3523 
3524 4798 
3525 4834 
3526 4987 
3527 4881 
3528 4856 
3529 4416 
3530 4985 
3531 4803 
3532 4926 
3533 4960 
3534 4910 
3535 4666 
3536 4856 
3537 4657 
3538 4939 
3539 4775 
3540 4964 
3541 4964 
3542 4990 
3543 4966 
3544 4490 
3545 4856 
3546 3749 
3547 4894 
3548 4515 
3549 4917 
3550 3749 
3551 4381 
3552 4779 4940 4908 
3553 4880 
3554 4809 
3555 4662 
3556 4783 
3557 4908 
3558 4894 4720 4847 
3559 4664 4720 4730 
3560 4728 
3561 4834 
3562 4858 
3563 4939 
3564 4908 
3565 4975 
3566 4987 
3567 4961 
3568 5000 
3569 4508 
3570 4515 
3571 4833 
3572 4438 
3573 4995 
3574 4657 
3575 4171 
3576 4865 
3577 4464 
3578 4855 
3579 4986 
3580 4945 
3581 4901 
3582 3970 
3583 4990 
3584 3881 3517 
3585 4657 
3586 4833 
3587 4922 
3588 4730 
3589 4444 
3590 4976 
3591 4976 
3592 4809 
3593 4977 4664 4989 
3594 4985 
3595 4979 
3596 4982 
3597 3881 
3598 4978 
3599 4865 
3600 3357 4709 4444 
3601 4274 
3602 4957 
3603 4783 
3604 4283 4901 
3605 4798 
3606 4939 
3607 4995 
3608 4682 
3609 4961 
3610 4730 
3611 4915 
3612 4834 
3613 3197 
3614 4915 
3615 3615 
3616 4716 
3617 4319 
3618 4985 
3619 4939 
3620 4894 
3621 4844 
3622 4960 
3623 4971 
3624 4961 
3625 4070 
3626 4803 4844 4866 4883 
3627 4983 
3628 4695 
3629 4438 
3630 4957 
3631 4939 
3632 4657 
3633 3633 
3634 4964 
3635 4987 
3636 4381 
3637 4978 
3638 4922 
3639 4833 
3640 4956 
3641 4971 3970 4908 
3642 4939 
3643 4978 
3644 4664 
3645 4438 
3646 3517 4709 4910 4847 
3647 4721 
3648 4803 
3649 4894 
3650 4987 
3651 4346 4961 4833 4798 
3652 4716 
3653 4720 
3654 4609 
3655 4609 
3656 4996 
3657 4811 
3658 4631 
3659 4803 4809 4771 
3660 4684 
3661 4926 
3662 4353 
3663 4679 4910 4912 
3664 4809 
3665 4964 
3666 4915 
3667 4983 
3668 4986 
3669 4858 
3670 4783 
3671 4747 
3672 4945 
3673 4991 
3674 4939 
3675 4524 
3676 4856 4988 4716 
3677 4779 
3678 4783 
3679 4956 
3680 3680 
3681 4971 
3682 4971 
3683 4988 4274 4910 4833 
3684 4991 
3685 4982 
3686 4490 
3687 4830 
3688 4977 
3689 4988 
3690 4858 
3691 4803 
3692 4908 
3693 4662 
3694 4695 
3695 4912 
3696 4939 
3697 4928 
3698 4966 4346 4484 
3699 4416 
3700 4346 4721 4912 4985 
3701 4957 
3702 4803 
3703 4515 
3704 4957 
3705 4957 
3706 4319 
3707 4798 
3708 4771 
3709 5000 
3710 4783 
3711 4815 
3712 4989 
3713 4908 
3714 4955 
3715 4728 
3716 4788 
3717 4440 
3718 4467 
3719 2044 4910 4855 3517 
3720 4996 
3721 4609 
3722 4922 
3723 3633 
3724 4883 
3725 4809 
3726 4901 
3727 4783 
3728 4803 4303 4381 4989 
3729 4730 
3730 4738 
3731 4756 
3732 4292 
3733 4515 
3734 4779 
3735 4070 
3736 4171 
3737 4979 
3738 4730 
3739 3933 
3740 4438 
3741 4955 
3742 4881 4964 4847 
3743 4631 
3744 4978 
3745 4664 
3746 4779 4767 4720 
3747 4695 4964 4959 
3748 4905 
3749 3749 
3750 4720 
3751 4964 4856 4971 4892 
3752 4657 
3753 4881 
3754 4866 
3755 4971 
3756 4803 
3757 4966 4844 4985 4975 
3758 4788 
3759 4709 
3760 4858 
3761 4987 
3762 4894 
3763 4901 
3764 4846 
3765 4730 
3766 4894 
3767 4659 
3768 4840 
3769 4968 
3770 4855 
3771 4803 
3772 4905 4767 4987 4721 
3773 4961 
3774 4682 4987 4783 4975 4995 
3775 4679 4855 4346 4503 4846 
3776 4991 
3777 4975 
3778 4464 
3779 4353 
3780 4922 
3781 4775 
3782 4292 
3783 4508 
3784 4438 
3785 4956 
3786 4983 
3787 4846 
3788 4503 
3789 4444 
3790 4959 
3791 4678 
3792 4524 
3793 4968 
3794 4957 
3795 4986 
3796 4515 
3797 4976 
3798 4979 
3799 4830 
3800 4319 4908 4721 4912 4989 
3801 4916 
3802 4956 
3803 4883 
3804 4738 
3805 4880 
3806 4903 
3807 4303 
3808 4784 
3809 4968 
3810 3384 4953 4695 4959 4738 
3811 4160 
3812 4953 
3813 4901 
3814 4353 
3815 4894 
3816 4900 
3817 4319 
3818 4319 
3819 4160 
3820 3820 
3821 4809 4657 4728 4956 
3822 4582 
3823 4917 
3824 4771 
3825 4997 
3826 4833 
3827 4985 
3828 4444 
3829 4966 
3830 4978 
3831 4730 
3832 4803 
3833 4678 
3834 4953 
3835 4858 
3836 4833 4664 4903 3517 
3837 4961 
3838 4997 
3839 4868 
3840 4464 
3841 4490 
3842 4865 
3843 4953 
3844 4855 
3845 4036 
3846 4775 
3847 4865 
3848 2421 
3849 4815 
3850 4847 
3851 4915 
3852 4968 
3853 4915 
3854 4847 
3855 4979 
3856 4283 
3857 4856 
3858 4682 
3859 4346 
3860 4995 
3861 4926 
3862 4720 
3863 4847 
3864 4775 
3865 4730 
3866 4883 
3867 4978 
3868 4959 
3869 4832 
3870 4894 
3871 4416 
3872 4856 
3873 3933 
3874 4959 
3875 4912 
3876 4881 
3877 4985 
3878 4979 
3879 4582 
3880 4730 
3881 3881 
3882 4775 
3883 4987 
3884 4900 
3885 4910 
3886 4883 
3887 3881 
3888 4858 
3889 4964 
3890 4996 
3891 4903 
3892 4695 
3893 4070 
3894 4720 4283 4728 3517 4662 
3895 5000 
3896 4953 
3897 4803 
3898 4779 
3899 4319 
3900 4988 
3901 4832 
3902 4983 
3903 4666 
3904 4986 
3905 4955 
3906 4991 
3907 4908 
3908 4910 
3909 4303 
3910 4662 
3911 4926 
3912 4987 
3913 4955 
3914 4982 
3915 4961 
3916 4990 
3917 4997 
3918 4464 
3919 4803 
3920 4865 
3921 2952 
3922 4847 
3923 4779 4070 3993 4910 
3924 4767 
3925 4670 
3926 4961 
3927 4183 
3928 4721 
3929 3970 4303 4975 4916 4928 
3930 4830 
3931 4183 
3932 4982 
3933 3933 
3934 4900 
3935 4720 
3936 4846 
3937 4832 
3938 4856 
3939 4988 
3940 4503 
3941 4939 
3942 4440 4775 4959 4858 
3943 4977 
3944 4682 
3945 4939 
3946 4894 
3947 4939 
3948 4894 
3949 4901 4657 4915 4847 4977 
3950 4883 
3951 4275 
3952 4803 4283 4730 4524 
3953 4997 
3954 4953 
3955 4444 
3956 4798 
3957 4977 
3958 4986 
3959 4815 
3960 4416 
3961 4720 4070 4381 3517 
3962 4991 
3963 4274 
3964 4922 
3965 4775 
3966 4926 
3967 4730 
3968 3384 4892 4738 
3969 4956 
3970 3970 
3971 4996 
3972 4892 
3973 3523 4884 4346 4881 
3974 4609 
3975 4940 
3976 4926 
3977 4968 
3978 4916 
3979 4775 4730 4809 
3980 3993 
3981 4991 
3982 4416 
3983 4609 
3984 5000 
3985 4803 
3986 4832 
3987 4670 
3988 2802 3933 4666 4884 
3989 4868 
3990 4670 
3991 4975 
3992 4490 
3993 3993 
3994 4964 
3995 3820 4771 4956 
3996 4905 
3997 4858 
3998 4955 
3999 4834 
4000 4977 
4001 4788 
4002 4659 
4003 4908 
4004 4966 
4005 4892 
4006 3933 
4007 4783 
4008 4926 
4009 4985 
4010 4779 4855 4444 4916 4905 
4011 4900 
4012 4939 
4013 4844 
4014 4847 4884 4775 4657 4503 
4015 4346 4834 4926 4775 4991 
4016 4928 
4017 4991 
4018 4908 
4019 4953 
4020 4916 
4021 4858 
4022 4171 
4023 4695 
4024 4915 
4025 4976 
4026 3970 3633 4966 4730 4961 4960 
4027 4274 
4028 4524 
4029 4971 
4030 4730 
4031 5000 
4032 4728 3749 4916 4484 4900 4983 
4033 4989 
4034 4905 
4035 4999 
4036 4036 
4037 3970 4160 4666 4955 5000 4987 
4038 4995 
4039 4833 
4040 4303 
4041 4695 
4042 4989 
4043 2802 
4044 4846 
4045 4730 4866 4894 4815 4961 4989 
4046 4664 
4047 4926 
4048 4756 
4049 4985 
4050 4900 
4051 4971 
4052 4928 
4053 4880 
4054 4957 
4055 4928 
4056 4912 
4057 4709 
4058 4928 
4059 4989 
4060 4900 
4061 3357 4858 4721 4928 
4062 4971 4695 3749 4292 4678 4986 
4063 4834 
4064 4901 
4065 4664 4892 4883 
4066 4883 
4067 4991 
4068 4964 
4069 4986 
4070 4070 
4071 4709 
4072 4926 
4073 4709 
4074 4716 
4075 4855 
4076 4346 
4077 4956 
4078 4976 
4079 4957 
4080 4916 
4081 4609 
4082 4968 
4083 4720 
4084 4659 
4085 4968 4961 4844 4833 4880 4905 
4086 4881 
4087 4966 
4088 4955 
4089 4775 
4090 4868 
4091 4940 
4092 4283 
4093 4940 
4094 4834 4444 
4095 4939 
4096 4999 
4097 4995 
4098 4679 
4099 4978 
4100 4905 
4101 4956 
4102 4847 
4103 4444 
4104 4728 
4105 4815 
4106 4964 
4107 4274 
4108 4775 
4109 4977 
4110 4664 
4111 3933 
4112 4858 
4113 4956 
4114 4966 
4115 4183 
4116 4684 
4117 4955 
4118 4695 
4119 4975 
4120 4912 
4121 4670 
4122 4670 
4123 4809 
4124 4679 
4125 4775 
4126 4961 
4127 4894 
4128 4679 
4129 4922 
4130 4464 
4131 4985 
4132 4292 
4133 4976 
4134 4720 
4135 4995 
4136 4855 4868 
4137 4910 
4138 4883 
4139 4881 
4140 4961 4346 4900 4982 
4141 4657 
4142 4928 
4143 4928 
4144 4811 
4145 4991 
4146 4775 
4147 4968 
4148 4991 
4149 4964 
4150 4846 
4151 4912 
4152 4971 
4153 4815 
4154 4283 4959 4968 2802 4995 
4155 4945 
4156 4771 
4157 4303 
4158 4682 
4159 4901 
4160 4160 
4161 4999 
4162 2522 4903 4881 
4163 4961 
4164 4728 
4165 4784 4986 
4166 4881 
4167 4901 
4168 4856 
4169 4832 
4170 4916 
4171 4171 
4172 4901 
4173 4784 
4174 4912 
4175 4977 
4176 4809 
4177 4988 
4178 4659 
4179 4771 
4180 4833 
4181 4915 
4182 4784 
4183 4183 
4184 4953 
4185 2952 
4186 4868 4926 4901 4784 4999 
4187 4956 4416 4915 4900 
4188 4779 
4189 3517 
4190 4846 
4191 4832 
4192 4957 
4193 4775 
4194 4939 
4195 4894 
4196 4926 
4197 4999 
4198 2522 
4199 4631 
4200 4957 
4201 4961 
4202 3517 
4203 4911 
4204 4960 
4205 4855 
4206 4846 
4207 4779 
4208 4444 
4209 4784 
4210 4991 
4211 4982 
4212 4784 
4213 4939 3357 4728 4977 4987 
4214 4964 
4215 4709 
4216 4976 
4217 4508 
4218 4894 
4219 4988 
4220 4960 
4221 3523 
4222 4670 4319 4892 4987 4901 
4223 4978 
4224 4858 
4225 4908 
4226 4609 
4227 4908 
4228 4979 
4229 4955 
4230 4892 4855 4445 4756 
4231 4503 
4232 4784 
4233 4884 
4234 4978 
4235 4283 4670 4987 4961 4995 
4236 4778 
4237 4866 
4238 4666 4775 4901 4866 4911 4830 
4239 4971 
4240 4771 
4241 4916 
4242 4995 
4243 4832 
4244 4721 
4245 4728 
4246 4662 
4247 4939 
4248 4910 
4249 4484 
4250 4664 
4251 4986 
4252 4982 
4253 4416 4894 4855 4987 4346 
4254 4884 
4255 4957 
4256 4982 
4257 4917 
4258 4815 
4259 3523 
4260 4070 
4261 4716 
4262 4955 
4263 4847 
4264 4609 
4265 4771 
4266 4883 
4267 4995 
4268 3881 4868 4171 4847 4978 
4269 4894 
4270 4767 
4271 4986 
4272 4903 
4273 4880 
4274 4274 
4275 4275 
4276 4940 
4277 4515 
4278 4721 
4279 4926 4775 4910 4721 
4280 4844 
4281 4490 
4282 4971 4657 4767 4778 4997 
4283 4283 
4284 4884 
4285 4381 
4286 4856 
4287 4961 
4288 4846 
4289 4771 
4290 4275 2044 4964 4960 4983 
4291 4976 
4292 4292 
4293 4811 
4294 4971 
4295 4988 
4296 4784 
4297 4779 
4298 4856 
4299 4971 
4300 4484 
4301 4865 
4302 4988 
4303 4303 
4304 4866 
4305 4985 
4306 4982 
4307 4679 
4308 4716 
4309 3749 
4310 4979 
4311 2802 
4312 3749 
4313 4971 
4314 4412 
4315 4999 
4316 4910 
4317 4775 
4318 4609 
4319 4319 
4320 4832 
4321 3517 
4322 4036 
4323 4989 
4324 4756 
4325 4979 
4326 4922 
4327 4901 
4328 4910 
4329 4956 
4330 4275 
4331 4908 
4332 4834 
4333 3993 
4334 4956 
4335 4803 
4336 4431 4989 4881 4847 
4337 4916 
4338 4832 
4339 4779 3197 4503 4834 4983 
4340 4844 
4341 4971 
4342 4957 
4343 4911 
4344 4956 
4345 4964 
4346 4346 
4347 4987 
4348 2952 
4349 4682 
4350 4976 
4351 4160 
4352 4678 
4353 4353 
4354 4912 
4355 4987 4971 4503 4815 4999 
4356 4977 
4357 4866 
4358 4771 3517 4964 4905 4815 
4359 4922 
4360 4956 
4361 4679 
4362 4939 
4363 4716 
4364 4662 
4365 4865 
4366 4778 
4367 4716 
4368 4679 4988 4684 4905 4960 
4369 4582 
4370 4987 
4371 4738 
4372 4961 
4373 4412 
4374 4832 
4375 4957 
4376 4803 
4377 4377 
4378 4990 
4379 4728 
4380 2802 
4381 4381 
4382 4866 
4383 4803 4966 4940 4881 4900 
4384 4730 
4385 3197 
4386 4986 
4387 4883 
4388 4926 
4389 4720 
4390 4856 
4391 4771 
4392 2522 
4393 4926 4721 4978 4977 
4394 4987 
4395 4283 4730 4771 3633 4995 
4396 4912 
4397 4721 
4398 3517 
4399 4779 4431 4659 4892 4968 
4400 4939 
4401 4445 
4402 4865 
4403 3517 
4404 4881 
4405 4989 
4406 4815 
4407 4983 
4408 4959 
4409 4880 
4410 4917 
4411 4865 
4412 4412 
4413 4756 
4414 4995 
4415 4684 
4416 4416 
4417 4957 
4418 4855 
4419 4834 
4420 4916 
4421 4775 
4422 4183 
4423 4771 3197 4912 4728 4983 
4424 4916 
4425 4922 
4426 4966 
4427 4721 
4428 4738 
4429 4866 4833 4381 4916 4960 4997 
4430 4664 
4431 4431 
4432 4666 
4433 4976 
4434 4855 
4435 4783 
4436 4036 
4437 4985 
4438 4438 
4439 4444 
4440 4440 
4441 4847 
4442 4901 
4443 4955 4779 4894 4274 4292 4865 
4444 4444 
4445 4445 
4446 4939 
4447 4771 
4448 4684 
4449 4910 
4450 4894 
4451 4811 
4452 4832 
4453 4961 
4454 3423 
4455 4996 
4456 4976 
4457 4894 
4458 4916 
4459 4815 
4460 4832 
4461 4490 
4462 2802 
4463 4803 
4464 4464 
4465 4968 
4466 4657 
4467 4467 
4468 4881 
4469 4803 
4470 4844 
4471 4865 
4472 4957 
4473 4999 
4474 4830 
4475 4978 
4476 3382 2044 
4477 4659 
4478 4846 
4479 4815 
4480 4983 
4481 4775 
4482 4916 
4483 3517 
4484 4484 
4485 4983 
4486 4905 
4487 3523 3295 4976 4916 4991 
4488 4964 
4489 4961 
4490 4490 
4491 4916 
4492 4866 4905 4775 3517 4900 
4493 4775 
4494 4670 
4495 3970 
4496 4728 
4497 4522 
4498 4987 
4499 4778 
4500 4997 
4501 4721 
4502 4775 
4503 4503 
4504 4664 
4505 4915 
4506 4490 
4507 4524 
4508 4508 
4509 4856 
4510 4991 
4511 4880 
4512 4730 
4513 4503 
4514 4960 
4515 4515 
4516 4977 
4517 4955 
4518 4883 
4519 4996 4679 4657 4730 4990 
4520 4678 
4521 4911 
4522 4522 
4523 4884 4720 4833 4999 
4524 4524 
4525 4858 
4526 4856 4346 4858 4809 4670 4353 
4527 4953 
4528 4865 
4529 4682 4503 4659 4657 4905 
4530 4830 
4531 4960 
4532 4957 
4533 4881 3523 4728 4811 4986 
4534 4657 
4535 3633 4957 4995 4926 4953 4912 
4536 4982 
4537 3680 4928 4855 4964 4657 4678 
4538 4784 4840 4978 4986 
4539 4964 
4540 4833 
4541 4976 
4542 4978 
4543 4582 
4544 4695 
4545 4721 
4546 4976 
4547 4847 
4548 4868 
4549 4847 
4550 4894 
4551 4911 
4552 4775 
4553 4961 
4554 4940 
4555 4775 
4556 4910 4858 4798 4684 4997 
4557 4901 
4558 2522 4445 4865 4988 
4559 4720 
4560 4865 
4561 4856 
4562 4985 
4563 4999 
4564 3933 
4565 3517 
4566 4915 
4567 3517 
4568 4832 
4569 4905 
4570 4912 
4571 4971 
4572 4775 
4573 4883 
4574 4833 
4575 4858 
4576 4522 4884 4881 4631 4464 4939 
4577 4987 
4578 4846 
4579 4865 
4580 4353 
4581 4832 
4582 4582 
4583 4811 
4584 3881 
4585 4915 
4586 4666 
4587 4716 
4588 4720 
4589 4990 4858 4956 4955 4908 4986 
4590 4840 
4591 4976 
4592 4979 
4593 4292 
4594 4997 
4595 4275 
4596 4847 
4597 4866 4987 4803 4767 4856 4738 
4598 4988 
4599 4730 
4600 4833 
4601 4892 
4602 4939 
4603 4883 
4604 4979 
4605 4911 
4606 4978 
4607 4905 
4608 4160 
4609 4609 
4610 4657 5000 4901 4977 
4611 4979 
4612 4968 
4613 4431 4840 4957 4915 4987 
4614 4964 
4615 4953 
4616 4987 
4617 3615 
4618 4438 
4619 4997 
4620 4910 4440 3633 4631 4939 
4621 4940 
4622 4377 
4623 4730 
4624 4986 
4625 4721 
4626 4960 
4627 4847 
4628 4916 
4629 4964 
4630 4490 
4631 4631 
4632 4834 
4633 4966 
4634 4983 
4635 4968 
4636 4905 
4637 4883 
4638 4964 
4639 4894 
4640 4738 
4641 4976 
4642 4990 
4643 4881 
4644 4788 
4645 4903 4990 4657 4803 4964 4905 
4646 4991 
4647 4955 
4648 4670 
4649 4959 
4650 4996 
4651 4730 
4652 4988 
4653 4956 
4654 4968 
4655 4961 
4656 4908 
4657 4657 
4658 4883 
4659 4659 
4660 4833 
4661 4609 
4662 4662 
4663 4858 
4664 4664 
4665 4484 
4666 4666 
4667 4894 
4668 4990 
4669 4881 
4670 4670 
4671 4953 
4672 4953 
4673 4991 
4674 4720 
4675 4900 
4676 4678 
4677 4834 4939 4609 4709 4991 4977 
4678 4678 
4679 4679 
4680 4961 
4681 4968 
4682 4682 
4683 4997 
4684 4684 
4685 4834 3680 4515 4883 4788 4996 
4686 4846 
4687 5000 
4688 4720 
4689 4900 
4690 4721 
4691 4832 
4692 4865 
4693 4977 
4694 4956 
4695 4695 
4696 4960 
4697 4779 
4698 4964 
4699 4721 
4700 3615 
4701 4883 
4702 4783 
4703 4684 
4704 4928 
4705 4467 4916 4926 4846 4928 4982 
4706 4894 
4707 4956 
4708 4957 
4709 4709 
4710 4856 
4711 4959 
4712 4856 
4713 4987 
4714 4912 4709 4911 4815 4484 4960 
4715 4484 
4716 4716 
4717 4971 4798 4991 4716 4275 4844 
4718 4868 
4719 4716 
4720 4720 
4721 4721 
4722 4783 
4723 4986 
4724 4815 
4725 4865 
4726 4900 
4727 4292 
4728 4728 
4729 4803 4915 4183 4709 4960 4982 
4730 4730 
4731 4964 
4732 4987 
4733 4976 
4734 4881 
4735 4979 
4736 4778 
4737 4866 
4738 4738 
4739 4926 
4740 4679 
4741 4901 
4742 4956 
4743 4881 4721 4779 4961 4275 4957 
4744 4982 
4745 4832 
4746 4803 
4747 4747 
4748 4975 
4749 4905 
4750 4847 
4751 4957 
4752 4986 
4753 4856 
4754 4846 
4755 4966 4346 4716 4779 4926 4730 
4756 4756 
4757 4908 
4758 4964 
4759 4666 
4760 4662 
4761 4881 
4762 4910 
4763 4905 
4764 4908 
4765 4983 
4766 4756 
4767 4767 
4768 3295 4319 4666 4985 4438 4784 
4769 4915 
4770 3197 4964 2522 4956 4664 4979 
4771 4771 
4772 4833 
4773 4833 4319 4834 4910 4990 4982 
4774 4778 
4775 4775 
4776 4832 
4777 4858 
4778 4778 
4779 4779 
4780 4901 
4781 4991 
4782 4783 
4783 4783 
4784 4784 
4785 4847 
4786 4966 
4787 4964 
4788 4788 
4789 4438 4834 4721 4884 4999 4955 
4790 4960 
4791 4982 
4792 4815 
4793 4880 4901 4892 4840 2421 4986 
4794 4783 
4795 4912 
4796 4971 4976 4666 4662 4908 4960 
4797 4684 
4798 4798 
4799 4846 
4800 4961 
4801 4977 
4802 4883 
4803 4803 
4804 4956 
4805 4986 
4806 4990 
4807 4960 
4808 4912 
4809 4809 
4810 4968 
4811 4811 
4812 4900 
4813 4996 
4814 4847 
4815 4815 
4816 4905 
4817 4928 5000 4659 4377 4809 4977 
4818 4955 
4819 4912 
4820 4915 
4821 4803 
4822 4915 
4823 4988 4966 3993 5000 4964 4939 
4824 4832 4883 4784 4916 4779 4783 
4825 4833 
4826 4905 
4827 4939 
4828 4987 
4829 4346 
4830 4830 
4831 4995 
4832 4832 
4833 4833 
4834 4834 
4835 4971 
4836 2952 4865 4979 3523 4956 4991 
4837 4657 4467 4971 4996 4844 4968 
4838 4928 
4839 4917 
4840 4840 
4841 4977 
4842 4988 
4843 4779 
4844 4844 
4845 4910 
4846 4846 
4847 4847 
4848 4892 
4849 4939 
4850 4991 
4851 4986 
4852 4986 
4853 4912 
4854 4846 
4855 4855 
4856 4856 
4857 4995 
4858 4858 
4859 4979 
4860 4856 
4861 4955 
4862 4730 4720 4977 4953 4678 4160 
4863 4928 
4864 4856 
4865 4865 
4866 4866 
4867 4788 4716 4987 4503 4866 4983 
4868 4868 
4869 4957 
4870 4960 
4871 4464 4815 4953 4721 4960 4990 
4872 4916 
4873 4834 
4874 4834 4467 4522 4747 4983 4956 
4875 4996 
4876 4682 4303 4798 4901 4995 4983 
4877 3970 4912 4955 4988 4666 4670 
4878 2802 4916 4582 4730 4803 4991 
4879 4971 
4880 4880 
4881 4881 
4882 4767 
4883 4883 
4884 4884 
4885 4995 
4886 4911 
4887 4916 
4888 4809 
4889 4905 
4890 4939 
4891 4884 4892 4971 3357 4377 4865 
4892 4892 
4893 4985 
4894 4894 
4895 4976 4858 4990 4905 4709 4832 
4896 4987 
4897 4976 3933 4508 4990 4917 4883 
4898 4977 
4899 4961 
4900 4900 
4901 4901 
4902 4953 
4903 4903 
4904 4730 4905 4767 4968 4908 4721 
4905 4905 
4906 4881 
4907 4905 
4908 4908 
4909 4961 
4910 4910 
4911 4911 
4912 4912 
4913 4982 
4914 4738 
4915 4915 
4916 4916 
4917 4917 
4918 4346 4412 4809 4883 4833 4438 
4919 4926 
4920 4960 
4921 4917 
4922 4922 
4923 4975 
4924 4978 
4925 4982 
4926 4926 
4927 4964 
4928 4928 
4929 4957 
4930 4467 4987 4865 4911 4960 4905 
4931 4997 
4932 4901 3680 4730 4939 4775 4966 
4933 4956 
4934 4730 
4935 4910 
4936 4966 
4937 4657 4730 4971 4834 4846 4815 
4938 4866 
4939 4939 
4940 4940 
4941 4995 
4942 4883 
4943 4955 
4944 4883 
4945 4945 4747 2522 4975 4679 3384 
4946 4858 
4947 2421 4730 4275 3970 4964 4847 
4948 4983 
4949 4990 
4950 4995 
4951 4987 
4952 4968 
4953 4953 
4954 4977 
4955 4955 
4956 4956 
4957 4957 
4958 4926 
4959 4959 
4960 4960 
4961 4961 
4962 4834 
4963 4976 
4964 4964 
4965 4961 
4966 4966 
4967 3517 4910 4377 4991 4778 4960 
4968 4968 
4969 4999 
4970 4979 
4971 4971 
4972 4464 4767 4775 4977 4783 4756 
4973 4664 4844 4880 4987 3423 4961 
4974 4988 
4975 4975 
4976 4976 
4977 4977 
4978 4978 
4979 4979 
4980 4989 
4981 4957 4809 4670 4966 4834 4900 
4982 4982 
4983 4983 
4984 4997 
4985 4985 
4986 4986 
4987 4987 
4988 4988 
4989 4989 
4990 4990 
4991 4991 
4992 4830 
4993 4999 
4994 4964 
4995 4995 
4996 4996 
4997 4997 
4998 4960 
4999 4999 
5000 5000 
