1 3978 4259 3665 
2 4150 3109 
3 4986 
4 4967 
5 4854 
6 4990 
7 4447 
8 3432 
9 1861 
10 4923 
11 4965 
12 4769 
13 4077 
14 4967 
15 4937 
16 4073 
17 4990 
18 4758 4817 
19 4981 
20 4655 
21 4516 
22 4983 
23 4967 
24 4730 
25 4923 
26 4018 
27 4204 
28 4730 
29 4906 
30 4618 
31 4959 
32 4953 
33 4817 
34 4758 
35 4820 
36 4794 
37 4923 
38 4769 
39 4246 
40 3937 
41 4846 
42 4604 
43 4585 4896 
44 3665 4822 4993 
45 4927 
46 4663 4847 
47 3663 
48 4547 
49 3978 4817 4452 
50 4983 
51 4912 
52 4959 
53 4155 
54 4975 4981 
55 4892 
56 1469 4960 
57 4740 
58 4769 
59 4989 
60 1469 3919 
61 4794 
62 4983 
63 4948 4853 1469 
64 4730 
65 4921 
66 4585 
67 4729 
68 4668 
69 4977 
70 4769 
71 4656 4943 
72 4921 
73 4604 
74 4045 
75 4868 
76 3515 4461 
77 4668 
78 4155 
79 4461 
80 4438 
81 4926 
82 4632 
83 4977 4846 
84 4971 
85 4847 
86 4867 
87 4150 
88 2561 
89 4942 
90 4628 
91 4308 
92 4695 
93 4695 
94 4949 
95 4495 
96 4953 4045 4594 
97 4937 
98 4438 
99 3663 4866 
100 4890 3993 
101 4938 
102 4949 
103 4769 
104 4222 
105 3515 
106 4902 
107 4749 
108 4924 
109 4259 
110 4938 3665 
111 4824 
112 4893 
113 3665 4853 
114 4973 
115 4988 
116 4447 
117 4077 
118 4668 4990 
119 4166 
120 4951 
121 4876 
122 4068 
123 3993 
124 4942 
125 4614 
126 4953 
127 4783 
128 4921 
129 4204 
130 4981 
131 4725 
132 4975 
133 4876 
134 4962 
135 4769 
136 4455 
137 4989 
138 4820 
139 4965 
140 4456 
141 4926 
142 4960 
143 4912 
144 4924 
145 4989 
146 4259 4728 4948 
147 4986 
148 4973 4681 
149 4594 
150 4867 
151 4972 
152 4407 4447 
153 4906 
154 2939 4851 4967 4206 
155 4951 
156 4892 
157 4237 
158 4629 
159 4217 
160 4488 
161 4948 4817 4045 
162 4758 
163 4725 
164 4948 
165 4447 
166 4911 
167 4977 
168 4942 
169 4995 
170 4045 
171 4822 
172 4045 
173 4988 
174 3377 
175 4896 
176 4949 
177 4813 
178 3665 4222 
179 3515 
180 4895 
181 4817 
182 4935 
183 4749 
184 4863 4924 
185 4983 
186 4921 
187 4758 
188 4990 4978 
189 4807 
190 4962 
191 4979 
192 4451 
193 4540 4981 
194 4238 4769 
195 4010 
196 4614 
197 3800 
198 4973 4166 4597 
199 4456 
200 1861 
201 4846 
202 3665 
203 4890 
204 4503 
205 3999 
206 4937 
207 3993 
208 4594 
209 4935 
210 4975 4979 
211 4892 
212 4010 
213 4545 
214 4668 
215 4876 
216 4995 
217 4868 
218 2767 
219 4895 
220 4924 
221 4283 
222 4802 
223 4990 
224 4932 
225 4455 4923 
226 3515 
227 4817 
228 4906 
229 4822 4993 
230 4876 
231 4547 4246 4709 
232 3937 
233 4725 
234 3937 
235 4920 
236 4663 
237 4895 4901 
238 4990 
239 3515 
240 4822 
241 4407 
242 4728 
243 4989 
244 4237 
245 4029 
246 4614 
247 3377 
248 4847 4641 
249 4740 
250 4990 
251 4927 
252 3978 
253 4451 
254 4951 
255 4632 
256 4979 4902 4452 4656 
257 4895 
258 4217 
259 4913 
260 4983 
261 4923 
262 4204 
263 4935 
264 4932 
265 4902 4975 
266 4935 4531 4124 
267 4853 
268 4893 
269 4964 
270 4969 
271 3538 
272 4438 
273 3993 
274 4981 
275 4948 
276 1469 
277 4635 
278 4938 
279 2767 
280 4741 
281 4990 
282 4892 
283 4618 
284 3978 
285 4867 
286 4942 4632 4010 
287 4938 
288 4927 
289 4077 
290 4807 
291 4259 
292 4927 
293 4953 
294 4998 
295 4981 
296 3804 
297 4045 
298 4846 
299 4222 
300 4923 
301 4341 
302 4962 
303 3377 
304 4820 
305 4641 
306 4876 
307 4817 
308 4967 
309 4935 
310 4896 
311 4972 
312 4895 
313 4663 4923 
314 4990 
315 3597 
316 4973 4495 
317 4663 
318 4938 
319 4912 
320 3665 
321 4090 
322 4912 
323 3800 
324 4045 4969 
325 4641 
326 4217 
327 4925 
328 4452 
329 4655 
330 4892 
331 4902 
332 4868 
333 4851 
334 4964 
335 4895 
336 4150 
337 4893 
338 4935 
339 4769 4597 
340 2939 
341 3804 
342 4597 
343 4655 
344 4668 
345 3515 
346 4893 
347 4628 
348 4758 4728 4681 
349 4495 
350 4851 
351 4920 
352 4820 
353 4975 
354 4597 4668 
355 4867 
356 4206 
357 4923 
358 4204 
359 4972 
360 4730 
361 4160 
362 4488 
363 4308 
364 4594 
365 3665 3515 
366 4222 
367 4948 4725 
368 4866 
369 4988 
370 2561 
371 4935 
372 4912 
373 4217 
374 4725 
375 4948 
376 4594 3919 
377 4920 
378 3538 
379 4935 
380 4407 
381 4847 
382 4927 
383 4925 4943 
384 4740 4846 
385 4926 
386 4540 
387 1861 
388 4308 
389 4959 
390 1469 4741 4967 
391 4594 
392 4912 
393 4769 
394 4981 
395 3597 3993 4238 
396 4998 
397 4854 
398 4951 
399 4695 
400 4641 
401 4942 
402 4663 
403 4932 
404 4451 
405 3712 
406 3687 
407 4769 
408 4977 
409 4045 
410 4972 
411 4820 4802 
412 4068 
413 4979 
414 4920 
415 4668 4923 
416 4820 
417 4728 
418 3993 4632 
419 4998 
420 4948 3531 4176 
421 3515 
422 3804 3999 3109 
423 4975 
424 4496 
425 4866 
426 4951 
427 4614 
428 444 
429 4222 4851 
430 4867 4655 
431 4206 
432 4055 
433 4904 
434 4176 4531 
435 4802 
436 3515 
437 4902 
438 4978 4124 
439 4002 
440 4977 
441 2939 
442 4740 
443 3924 
444 444 
445 4068 
446 3515 
447 4971 
448 4967 
449 4628 
450 4913 
451 4959 
452 4407 
453 4160 
454 4853 4073 4029 
455 4620 
456 4990 
457 4807 
458 4901 
459 4989 
460 3538 
461 4977 
462 4967 
463 4495 4531 
464 4456 
465 4594 
466 4948 
467 2042 
468 4911 
469 4948 4912 4942 
470 3432 4851 
471 4990 
472 4597 
473 4890 
474 4935 
475 4204 
476 4978 
477 4854 
478 4709 
479 4998 
480 4876 
481 4730 
482 4951 
483 3515 
484 4913 
485 4975 
486 4709 4948 1469 
487 4969 
488 4927 
489 4917 
490 1469 
491 4341 
492 4238 
493 4978 
494 4769 4495 4978 
495 2939 
496 4045 
497 3937 
498 4978 
499 4989 
500 4967 
501 4892 
502 4725 
503 4237 
504 4964 
505 4740 
506 4995 
507 4166 4935 
508 4906 
509 4951 
510 4975 
511 3993 
512 3924 
513 4911 
514 4438 2680 3538 
515 4949 
516 4341 
517 4217 
518 3538 
519 4730 4540 
520 4925 
521 4949 
522 4977 
523 4975 
524 4979 
525 4895 
526 4938 
527 4972 
528 4906 
529 4943 
530 4769 
531 3758 3432 
532 3810 
533 4730 
534 4725 4975 4973 
535 4741 
536 4977 
537 3432 
538 4246 
539 3515 
540 4438 
541 4769 
542 4451 
543 4988 
544 4938 
545 3515 
546 4851 
547 4948 
548 4817 
549 4938 
550 4964 
551 4964 4921 
552 4846 
553 4901 
554 4876 
555 2939 
556 4628 4124 4953 4516 
557 4545 
558 4222 
559 4758 
560 3687 
561 4953 
562 4925 
563 4730 
564 4993 
565 4949 
566 4904 
567 3712 
568 4948 
569 4969 
570 4854 4983 
571 4246 
572 4972 
573 3937 
574 4967 4820 
575 4977 
576 4986 4628 
577 4204 
578 4892 
579 1361 
580 4911 
581 4986 
582 4628 4851 
583 4124 
584 4973 
585 4932 
586 4911 
587 3978 
588 4807 4540 
589 4986 
590 4993 
591 4895 
592 4604 
593 4540 
594 4998 
595 4783 
596 2670 
597 4822 
598 4124 
599 4638 
600 4978 
601 4965 
602 4740 
603 4728 
604 4029 
605 4238 
606 3188 
607 4951 
608 4204 
609 4010 
610 3800 4822 
611 4890 
612 4308 
613 4986 
614 4923 
615 1469 
616 4341 
617 4068 3515 3731 
618 1861 
619 4238 
620 4604 
621 4635 
622 4979 
623 4758 
624 1861 
625 4911 
626 4926 
627 4969 
628 4990 
629 4923 
630 4953 
631 1469 3810 
632 4971 
633 4632 
634 4959 
635 4090 
636 3978 
637 4847 
638 3993 
639 4978 
640 4895 
641 4904 
642 3665 
643 4632 
644 4917 
645 4868 
646 4635 
647 3188 4073 
648 4923 
649 4962 
650 4913 
651 4846 
652 4965 
653 4988 
654 4585 
655 4921 
656 4935 4341 
657 4927 
658 4594 
659 4783 
660 4895 
661 4222 
662 4407 
663 4204 
664 4989 
665 4978 
666 4959 
667 4351 
668 4725 
669 4854 4925 
670 4807 
671 1861 
672 4924 
673 4150 
674 4948 
675 4641 
676 4822 
677 3919 
678 4495 
679 4959 
680 4668 
681 4986 
682 3665 
683 4729 
684 4029 
685 4516 
686 4981 
687 4912 
688 4822 
689 4614 
690 4813 
691 4868 
692 4068 
693 4935 
694 3665 
695 4488 
696 4854 
697 4998 
698 4604 
699 4641 
700 4912 
701 4977 
702 4204 
703 4824 
704 4452 
705 4962 
706 4989 
707 4632 
708 4594 
709 4206 
710 3758 
711 4998 
712 4206 
713 4817 
714 4917 
715 4628 
716 4055 
717 4160 
718 4959 
719 4045 
720 4911 
721 4695 
722 4641 
723 4204 
724 4969 
725 4620 
726 4938 
727 4769 
728 4455 4866 
729 4045 
730 4618 4758 
731 4597 
732 4892 
733 4308 
734 4964 
735 4068 
736 3665 3515 4749 
737 4758 
738 4973 
739 4010 
740 4911 
741 4246 
742 4045 4942 
743 4868 
744 4638 
745 4341 4709 
746 4740 
747 4002 
748 4655 
749 1469 
750 4921 
751 4962 
752 4824 4975 4728 
753 4618 
754 4822 
755 4853 
756 4663 4238 
757 4953 
758 4124 
759 4989 
760 4641 
761 4729 
762 4935 
763 4913 
764 4938 
765 3665 4341 
766 4953 
767 3758 4967 4948 
768 4769 
769 4978 
770 4972 
771 4740 
772 4447 
773 4998 
774 4972 
775 3993 
776 4222 
777 4853 
778 4923 
779 4896 
780 4876 
781 4867 
782 2767 
783 4913 
784 4977 
785 4711 
786 4921 
787 4068 
788 4516 
789 3978 
790 3800 
791 4890 
792 1861 
793 4709 4668 
794 4901 
795 4892 
796 3919 
797 4641 
798 4890 
799 4892 
800 4628 
801 3665 
802 4802 
803 4045 
804 4503 
805 4924 
806 4585 
807 4655 
808 4045 
809 4923 
810 4921 4594 
811 4949 
812 4890 
813 3924 4455 4068 
814 4983 
815 4802 
816 4585 
817 4655 
818 4960 
819 4911 
820 4953 
821 4618 
822 4851 
823 3758 
824 4965 
825 4204 
826 3538 
827 3538 
828 4438 
829 4990 
830 4217 
831 4921 
832 4604 
833 3869 
834 4942 
835 4998 
836 4912 
837 4246 
838 4868 
839 4695 
840 2670 
841 4854 
842 4969 1469 
843 4995 
844 4951 
845 4969 
846 1469 4863 
847 4906 
848 3188 4972 
849 4817 
850 4741 
851 4711 4681 
852 4943 
853 4926 
854 4632 
855 4917 
856 4204 
857 4728 3993 
858 4965 
859 4896 
860 4975 
861 4867 
862 4920 
863 4851 
864 4935 
865 4951 
866 4730 4516 4758 4943 
867 4681 
868 4960 
869 4892 
870 4029 
871 4503 
872 4730 
873 4516 
874 4237 
875 4990 
876 4893 4597 
877 4935 
878 4896 
879 4986 4749 4851 
880 4924 
881 3937 
882 4802 
883 4807 
884 4709 4986 
885 4176 4516 
886 4913 
887 4890 
888 4951 
889 4516 
890 4018 
891 3993 4896 4973 
892 4935 
893 4854 
894 4892 
895 4488 
896 4655 
897 4822 
898 1469 4995 
899 4896 
900 4641 
901 3531 
902 4681 
903 4721 
904 4452 
905 4597 
906 4461 4926 4817 4979 
907 4988 
908 4906 
909 4951 
910 4890 
911 4629 
912 4978 4913 
913 4912 
914 3538 
915 4913 4655 
916 4986 
917 4965 
918 4923 
919 3924 
920 4204 4629 
921 3978 
922 4978 
923 4951 
924 4851 
925 4948 
926 4924 
927 4989 
928 4943 
929 3993 
930 4629 
931 4628 
932 4847 
933 4851 
934 4547 
935 4488 
936 4893 
937 4824 
938 3432 
939 4892 
940 4783 
941 4851 
942 4921 
943 4740 
944 4896 
945 4896 4932 4222 
946 4150 
947 4204 
948 3432 
949 4246 
950 4973 4237 
951 4516 
952 4817 
953 4926 
954 4618 
955 4769 
956 4951 
957 4597 
958 4854 
959 4635 
960 4890 
961 3531 
962 4817 
963 4906 
964 4912 
965 4728 
966 4995 
967 4863 
968 4540 
969 4949 
970 4851 
971 4935 
972 4927 
973 4597 
974 4959 
975 4851 
976 4951 
977 3531 
978 4959 
979 4964 
980 4456 
981 3993 
982 3919 
983 4923 
984 4911 
985 4725 
986 4972 
987 4308 4725 
988 4932 
989 4709 
990 4455 
991 4222 
992 4822 
993 4989 
994 4938 
995 4943 
996 4967 4695 
997 4802 
998 4981 
999 4824 
1000 4920 
1001 4986 
1002 4217 
1003 4741 
1004 4222 
1005 4728 
1006 4045 4978 4638 
1007 3800 
1008 4721 
1009 4906 
1010 4927 
1011 4906 
1012 4983 
1013 4769 
1014 4867 
1015 4989 
1016 4455 
1017 4964 
1018 4150 3924 
1019 4989 
1020 4641 
1021 4938 
1022 4949 
1023 4628 
1024 4447 
1025 4868 
1026 4948 
1027 4045 
1028 4942 
1029 4585 
1030 4045 4010 
1031 4967 
1032 4150 
1033 4029 4077 
1034 4638 
1035 4893 
1036 4695 
1037 3665 
1038 3426 
1039 3869 
1040 3810 
1041 4969 
1042 4890 
1043 4725 4068 
1044 3665 
1045 2042 
1046 4948 
1047 1469 
1048 4932 
1049 4217 4068 4998 
1050 4978 4010 
1051 4948 
1052 4913 
1053 4923 
1054 3377 
1055 4709 
1056 3869 
1057 4964 
1058 4937 
1059 4959 
1060 3515 
1061 4973 
1062 4206 
1063 4725 4817 4206 
1064 4951 
1065 4817 
1066 4965 
1067 4967 
1068 4204 
1069 4594 
1070 4488 4949 4728 
1071 4973 
1072 4820 
1073 4913 
1074 4981 
1075 4990 
1076 1361 
1077 3978 
1078 4822 4953 
1079 4932 
1080 4614 
1081 3810 
1082 4802 
1083 3665 
1084 4618 
1085 4730 
1086 4594 
1087 4077 
1088 1469 
1089 3978 
1090 3665 
1091 4540 
1092 4018 
1093 4978 
1094 4594 
1095 4820 
1096 4975 4890 3515 
1097 4989 
1098 4906 
1099 4977 
1100 4597 
1101 4923 
1102 4993 
1103 4969 
1104 4967 
1105 4854 
1106 4967 
1107 4758 
1108 4977 
1109 4913 
1110 4204 
1111 4998 
1112 4341 
1113 4863 
1114 4597 
1115 4978 
1116 4851 
1117 3800 
1118 4923 
1119 4820 
1120 4942 
1121 4868 
1122 4981 
1123 4986 
1124 1861 
1125 4927 
1126 4972 
1127 4150 
1128 4867 
1129 4921 4937 
1130 4204 
1131 4730 
1132 3377 
1133 4959 
1134 4863 
1135 4901 
1136 4820 
1137 4749 
1138 4516 
1139 4594 
1140 4010 
1141 4238 
1142 4868 
1143 3712 4655 
1144 3758 
1145 4455 
1146 4964 
1147 4614 
1148 3515 
1149 4807 
1150 4846 
1151 4217 
1152 4935 
1153 4912 
1154 4959 
1155 4893 
1156 4002 
1157 4638 4635 
1158 4972 
1159 4090 
1160 4920 
1161 4853 
1162 4531 
1163 4948 
1164 4971 
1165 4964 
1166 4456 
1167 3810 4964 4938 
1168 4728 
1169 4516 
1170 4749 
1171 4924 
1172 4822 
1173 4206 
1174 4990 4711 4725 4545 
1175 4594 
1176 4863 
1177 3624 
1178 4902 
1179 4917 
1180 4896 
1181 4259 
1182 4979 
1183 4975 
1184 4978 
1185 3109 
1186 4981 
1187 4948 
1188 3758 
1189 4868 
1190 4949 
1191 4503 
1192 1469 
1193 4998 
1194 4972 
1195 3531 
1196 4998 
1197 4920 
1198 4283 3804 
1199 4988 
1200 4973 
1201 4741 
1202 4986 
1203 3804 
1204 4890 4721 
1205 4942 
1206 4969 
1207 4807 
1208 4949 
1209 4451 
1210 4455 
1211 4851 
1212 4969 
1213 4943 
1214 4817 
1215 4204 
1216 4547 
1217 4981 
1218 4655 
1219 4979 
1220 4728 
1221 4749 4728 
1222 4975 4990 4993 
1223 4962 
1224 4972 
1225 4802 
1226 4077 
1227 4246 
1228 4045 
1229 4867 
1230 4920 
1231 4802 
1232 3804 
1233 4452 3804 
1234 4959 
1235 4206 
1236 4978 
1237 4949 
1238 4983 
1239 4749 
1240 4176 
1241 3804 
1242 4160 4597 4973 
1243 4949 
1244 4967 
1245 4635 
1246 4937 
1247 4540 
1248 4988 
1249 4741 
1250 4893 
1251 3687 
1252 4628 
1253 4547 
1254 3919 
1255 4150 
1256 4824 
1257 4917 4912 4953 
1258 4204 
1259 4983 
1260 3687 
1261 4920 
1262 4090 
1263 4975 
1264 4924 
1265 4206 
1266 4964 4594 
1267 4948 4614 
1268 4942 
1269 4951 4496 
1270 3665 
1271 4892 
1272 4942 
1273 4923 4913 4962 
1274 4851 
1275 4927 
1276 4912 
1277 4962 
1278 4917 
1279 4531 
1280 4749 
1281 4913 
1282 4988 
1283 4973 
1284 4962 
1285 4851 
1286 4921 
1287 3515 4893 
1288 4769 4222 
1289 4851 
1290 2767 
1291 4010 4695 4077 4817 4975 
1292 3665 4545 4629 
1293 4740 
1294 4959 
1295 4892 
1296 4597 
1297 4817 
1298 4531 
1299 4246 
1300 4912 
1301 4965 
1302 4959 4604 
1303 3800 
1304 4740 
1305 4283 
1306 4206 
1307 4029 
1308 4917 
1309 4867 
1310 4090 
1311 4959 
1312 4923 4995 
1313 3665 
1314 4237 
1315 4935 
1316 4516 
1317 4641 
1318 3919 
1319 4971 
1320 3993 
1321 4951 
1322 4614 
1323 4949 
1324 3665 
1325 4822 
1326 4911 
1327 4863 4585 
1328 4901 
1329 4283 
1330 1469 
1331 4663 
1332 4938 
1333 3804 4973 
1334 4847 
1335 4951 4977 
1336 4925 
1337 3758 
1338 4893 
1339 2939 4822 
1340 4868 
1341 4979 
1342 4729 
1343 4924 
1344 4912 4077 4935 
1345 4155 
1346 4641 
1347 4964 
1348 4998 
1349 2042 
1350 444 4964 4854 
1351 4854 
1352 4973 
1353 4740 
1354 4709 
1355 4447 
1356 4730 1469 4488 
1357 4932 
1358 4921 
1359 4921 
1360 4729 
1361 1361 4964 4973 3665 
1362 4090 
1363 4981 4628 4978 
1364 4516 4709 4663 
1365 4594 
1366 4854 
1367 4892 
1368 4002 
1369 4920 4438 
1370 4045 
1371 4407 
1372 4628 4150 4923 
1373 4917 
1374 4993 
1375 4867 
1376 4725 
1377 4866 
1378 4978 4926 
1379 4913 
1380 4246 
1381 4921 
1382 3665 
1383 4892 
1384 4614 
1385 4973 
1386 4822 
1387 4981 
1388 4938 
1389 4964 
1390 3869 
1391 4863 
1392 4540 
1393 4807 
1394 4451 
1395 4495 
1396 4516 
1397 4488 
1398 4892 
1399 4975 
1400 4965 
1401 4975 4983 
1402 4969 
1403 3377 
1404 3712 
1405 4618 
1406 4822 
1407 4259 
1408 1469 4959 
1409 4817 
1410 4977 
1411 3531 4965 
1412 4847 
1413 4911 
1414 4959 
1415 4516 
1416 4977 
1417 3538 
1418 4068 
1419 4972 
1420 3515 
1421 4948 
1422 4547 
1423 4993 
1424 4978 4629 4863 3665 
1425 2939 4863 
1426 4222 
1427 4951 
1428 4892 
1429 3109 4981 3999 
1430 4924 
1431 4341 
1432 4341 
1433 4972 
1434 4594 
1435 4155 
1436 4711 
1437 4973 
1438 4802 4943 4973 
1439 3663 
1440 4983 
1441 4913 
1442 3538 
1443 4981 
1444 4876 3665 
1445 4597 
1446 4847 
1447 4904 
1448 4964 4452 
1449 4951 
1450 4948 
1451 4629 
1452 4817 
1453 4935 
1454 3597 
1455 4663 
1456 4998 
1457 4516 
1458 4942 
1459 4769 
1460 4709 
1461 3919 
1462 4953 
1463 4923 
1464 4206 
1465 4283 
1466 4913 
1467 3003 
1468 3432 
1469 1469 
1470 3377 
1471 4283 
1472 4949 
1473 4906 
1474 4749 4912 4867 
1475 4868 
1476 4868 
1477 3515 
1478 4740 
1479 4935 
1480 4998 
1481 3978 
1482 4758 
1483 4998 
1484 4926 
1485 4967 
1486 4964 4668 4166 
1487 4867 4614 
1488 3432 
1489 4711 
1490 4977 
1491 4948 
1492 4620 
1493 4951 
1494 4913 4629 4668 
1495 3804 
1496 4998 
1497 4813 
1498 4681 
1499 4906 
1500 4668 
1501 3538 
1502 3441 
1503 4854 
1504 1469 
1505 4981 
1506 4758 
1507 4913 
1508 4438 
1509 4948 
1510 4545 
1511 4863 4995 
1512 4896 
1513 4206 4935 4975 
1514 4942 
1515 4851 4965 
1516 3731 
1517 2939 
1518 4906 
1519 4055 
1520 4204 
1521 4045 
1522 4729 
1523 3758 4668 
1524 4901 
1525 2767 
1526 4942 
1527 4893 
1528 3999 
1529 4981 
1530 4927 
1531 4913 
1532 4668 
1533 4655 
1534 4972 
1535 4923 
1536 4924 
1537 4641 
1538 4896 
1539 4045 3665 4896 4893 
1540 4932 
1541 4516 
1542 4620 
1543 4620 
1544 4618 
1545 4868 
1546 4967 
1547 4817 
1548 4911 
1549 4629 
1550 4964 
1551 4155 
1552 4892 
1553 4620 
1554 4981 
1555 4989 
1556 3665 
1557 4711 
1558 4981 
1559 4964 4503 
1560 4150 
1561 4895 
1562 4920 
1563 4962 
1564 4998 
1565 4998 
1566 4656 
1567 4868 
1568 4998 
1569 4967 
1570 4851 4998 4972 
1571 4594 
1572 4912 
1573 4604 
1574 4641 
1575 4668 
1576 4503 
1577 4246 
1578 4531 
1579 4351 
1580 4407 
1581 4868 
1582 3538 
1583 4204 
1584 4975 
1585 4942 
1586 4308 
1587 4924 
1588 3515 
1589 4975 4769 4452 
1590 4965 
1591 3999 
1592 4896 
1593 4628 
1594 4846 
1595 4867 
1596 4935 
1597 4351 
1598 4516 
1599 4989 
1600 4959 
1601 4656 4730 4820 
1602 4927 
1603 4628 
1604 4993 
1605 4995 
1606 4863 
1607 4920 
1608 4641 
1609 4895 
1610 4913 
1611 3978 4166 
1612 4794 4921 
1613 3810 
1614 4176 
1615 4951 
1616 4942 
1617 3687 
1618 4863 4166 
1619 3531 
1620 3712 
1621 1469 
1622 4663 
1623 4904 
1624 4942 
1625 4822 
1626 3758 4998 4948 
1627 4614 
1628 4237 
1629 4923 
1630 4971 
1631 3665 
1632 4917 
1633 4896 
1634 4921 
1635 4730 
1636 4938 
1637 4628 
1638 4341 
1639 3712 
1640 4728 
1641 4638 
1642 4935 4068 
1643 4851 
1644 4758 4728 4975 4545 
1645 4547 
1646 4924 
1647 4516 
1648 4847 
1649 4150 
1650 4942 
1651 4222 
1652 4938 
1653 1861 
1654 4935 
1655 2939 4971 4531 
1656 4545 
1657 4851 
1658 4628 
1659 4854 
1660 4912 
1661 4923 
1662 4893 
1663 4594 
1664 4876 
1665 4807 
1666 4638 
1667 4668 
1668 4935 
1669 4948 
1670 4895 
1671 4951 
1672 4018 
1673 4911 
1674 4978 
1675 4896 
1676 4868 
1677 4729 
1678 4935 3810 
1679 4964 
1680 4995 
1681 4948 
1682 4913 
1683 4547 
1684 4926 
1685 4920 
1686 4641 
1687 4204 
1688 4730 
1689 4068 
1690 3712 
1691 4407 
1692 4868 4851 4817 
1693 4641 
1694 4959 
1695 3663 
1696 4904 
1697 4924 
1698 4893 
1699 3800 
1700 4741 
1701 4150 
1702 4923 4155 
1703 4817 
1704 4847 
1705 1861 4867 
1706 4503 
1707 4973 
1708 1469 
1709 4892 
1710 4948 
1711 4923 
1712 4971 
1713 4978 
1714 4668 
1715 4937 
1716 4283 
1717 4949 
1718 4730 
1719 3924 4206 
1720 4975 
1721 4452 
1722 4160 
1723 4283 
1724 4452 
1725 2680 
1726 4975 4948 
1727 4769 
1728 4545 
1729 4901 
1730 4975 
1731 4911 
1732 4758 
1733 1469 
1734 4913 
1735 4045 
1736 4847 
1737 4629 4246 4917 
1738 4166 4222 4935 4953 
1739 4204 
1740 4222 
1741 4975 
1742 4794 
1743 4455 
1744 4962 
1745 4709 
1746 4965 
1747 4238 
1748 4663 
1749 4668 
1750 3937 
1751 4585 
1752 4461 
1753 4150 
1754 4166 
1755 3993 
1756 4923 
1757 4847 
1758 4073 
1759 4045 
1760 4969 
1761 4986 
1762 4283 
1763 1361 4438 
1764 4176 
1765 4942 
1766 4632 
1767 4045 
1768 4351 
1769 4222 
1770 4949 
1771 4308 
1772 4948 4503 
1773 4854 
1774 4972 
1775 4953 
1776 4912 
1777 4965 
1778 4846 
1779 4807 
1780 4222 
1781 4924 
1782 4965 
1783 4668 
1784 4217 
1785 4868 4018 3515 
1786 1469 
1787 4989 
1788 4496 
1789 4967 
1790 4988 4620 4948 
1791 4620 
1792 3515 
1793 4953 
1794 4728 
1795 4618 
1796 4166 
1797 4206 
1798 4977 
1799 4632 
1800 4749 3665 
1801 4975 
1802 4351 
1803 4663 
1804 4932 
1805 4846 
1806 4932 
1807 4904 
1808 3665 
1809 4851 
1810 4308 
1811 4972 
1812 4641 
1813 4868 
1814 3665 
1815 4943 
1816 3919 
1817 4222 4851 
1818 4942 4758 
1819 4983 3515 
1820 4628 
1821 4854 4983 
1822 4938 
1823 4851 
1824 4045 4892 3531 
1825 4728 
1826 4948 
1827 4923 
1828 3377 
1829 4709 
1830 4730 
1831 4890 
1832 4938 
1833 4863 
1834 4989 
1835 4783 3538 
1836 3919 
1837 4943 
1838 4641 
1839 4222 
1840 4964 
1841 4975 
1842 4614 
1843 4964 
1844 4977 
1845 4455 
1846 4863 4847 
1847 3687 
1848 4890 
1849 4853 4851 4237 
1850 4847 4068 
1851 4979 
1852 4740 4863 
1853 4851 
1854 4641 4998 2767 
1855 4948 
1856 4604 
1857 4890 
1858 4959 
1859 3665 
1860 4948 
1861 1861 
1862 4711 
1863 4989 
1864 4892 
1865 4204 
1866 4204 
1867 3515 
1868 4998 
1869 4055 
1870 4923 
1871 4851 
1872 4967 
1873 4983 
1874 4890 
1875 4817 
1876 4876 
1877 4863 
1878 4488 
1879 4890 
1880 4964 
1881 4166 4979 
1882 4927 
1883 4769 4951 
1884 4949 
1885 3712 
1886 4943 4967 4668 
1887 4902 
1888 4045 
1889 4124 
1890 4495 
1891 4979 
1892 3377 
1893 4176 
1894 3731 4851 3663 
1895 4890 3515 4967 
1896 4503 
1897 4917 
1898 4002 
1899 4150 4988 1361 
1900 4597 
1901 4978 
1902 4721 
1903 4206 
1904 4983 
1905 4725 
1906 3538 
1907 3432 
1908 4953 
1909 4073 4863 4923 
1910 4783 4709 4341 
1911 4055 
1912 4045 4730 4854 
1913 3515 
1914 4942 
1915 4695 
1916 4917 
1917 4892 
1918 4989 
1919 4308 
1920 3804 
1921 3432 
1922 4283 4725 
1923 4942 
1924 4655 
1925 4851 
1926 4176 4656 4461 4594 
1927 4496 3993 
1928 4204 3441 
1929 4488 4730 
1930 1361 
1931 4663 
1932 4206 4868 4668 
1933 4932 
1934 4893 
1935 4695 
1936 4769 
1937 4488 4222 
1938 4516 
1939 4238 
1940 4802 
1941 4204 
1942 4629 3432 4820 
1943 4817 
1944 4988 
1945 4890 
1946 4867 
1947 4867 
1948 4204 
1949 4632 
1950 3515 
1951 3924 
1952 4695 
1953 4986 
1954 4925 
1955 3515 3731 
1956 4977 
1957 4045 
1958 3687 
1959 4488 
1960 4979 
1961 4217 
1962 4068 
1963 4238 
1964 4729 
1965 4893 
1966 4018 
1967 4935 
1968 4503 
1969 3978 
1970 4802 
1971 4901 
1972 4890 
1973 4045 
1974 4010 
1975 4972 
1976 4949 
1977 3538 4728 4932 
1978 4923 
1979 4204 
1980 4407 
1981 1469 3804 
1982 4641 
1983 4820 
1984 4668 
1985 4913 
1986 4655 
1987 3538 
1988 3869 
1989 4995 
1990 4851 
1991 4969 
1992 4979 
1993 4937 
1994 4969 
1995 4977 
1996 4913 
1997 4695 
1998 4045 
1999 4949 
2000 4820 
2001 4977 
2002 4867 
2003 4923 
2004 4868 
2005 4668 
2006 4892 
2007 4516 
2008 4451 
2009 4222 
2010 4867 
2011 4971 
2012 4935 
2013 4854 
2014 4895 
2015 4018 
2016 2680 
2017 3538 
2018 1469 
2019 4951 4948 4813 3919 
2020 4959 
2021 4923 4740 4516 
2022 3731 
2023 4758 
2024 4455 
2025 4866 
2026 4993 
2027 4259 
2028 4663 
2029 2680 
2030 4655 
2031 4911 
2032 4283 
2033 3665 
2034 4962 
2035 4983 
2036 4973 
2037 4447 
2038 4969 
2039 4953 
2040 4077 
2041 4896 
2042 2042 
2043 4935 4597 3665 4045 
2044 4711 
2045 4341 
2046 4964 
2047 4585 
2048 4953 4901 4932 4937 
2049 4455 
2050 4238 
2051 4863 
2052 4628 
2053 4222 4953 
2054 4802 
2055 4068 
2056 4740 
2057 4817 
2058 4846 
2059 4986 
2060 4965 
2061 4728 
2062 4926 
2063 4998 
2064 4663 
2065 4959 
2066 4967 
2067 4912 
2068 4998 
2069 3377 
2070 4964 
2071 4917 
2072 4876 
2073 3804 4638 3919 4969 
2074 4045 
2075 4967 
2076 4975 
2077 4516 
2078 4951 4892 4618 4638 4851 
2079 3109 4912 
2080 4983 
2081 4948 
2082 4010 3531 
2083 4655 4913 
2084 4965 
2085 4055 
2086 4740 
2087 4998 
2088 4545 
2089 4912 
2090 2939 
2091 4896 
2092 4238 
2093 4540 
2094 3758 
2095 4975 
2096 4807 
2097 4628 4516 4868 3937 
2098 4769 
2099 2939 4973 4802 
2100 4863 
2101 4237 
2102 4802 
2103 4204 
2104 4965 
2105 4959 
2106 4124 
2107 4769 
2108 4614 
2109 4937 
2110 4854 
2111 4853 3804 4912 
2112 4655 
2113 4960 
2114 3515 
2115 4496 
2116 4503 
2117 4977 
2118 4953 
2119 4854 
2120 4893 
2121 4959 
2122 4876 
2123 4238 
2124 4451 
2125 4902 
2126 4451 
2127 4925 
2128 4998 
2129 4620 
2130 4222 
2131 4597 
2132 4681 
2133 4913 
2134 3800 
2135 4951 
2136 4995 
2137 4728 
2138 4045 
2139 4981 
2140 4977 
2141 4663 
2142 4964 
2143 4938 
2144 4769 
2145 4951 
2146 2939 
2147 4896 
2148 4594 4663 4977 4948 4953 
2149 4728 
2150 4018 
2151 4851 
2152 4729 
2153 4911 4668 
2154 4663 
2155 3003 3441 
2156 4068 
2157 4407 4045 4854 4496 
2158 4597 
2159 4969 
2160 3624 4971 
2161 3919 
2162 4973 
2163 4068 
2164 4904 
2165 4978 
2166 4204 
2167 3538 
2168 4503 
2169 4594 
2170 4711 
2171 4901 
2172 3665 
2173 4923 
2174 4516 
2175 3804 
2176 4597 
2177 4981 
2178 4925 
2179 4972 
2180 4971 
2181 4728 
2182 4628 
2183 4923 
2184 4729 
2185 4820 
2186 4516 
2187 4655 
2188 4876 
2189 4978 
2190 4728 
2191 4407 
2192 4516 
2193 4594 
2194 4045 
2195 4912 
2196 3731 4935 4911 
2197 4725 
2198 3515 
2199 4967 
2200 4948 
2201 4407 
2202 4923 
2203 4977 
2204 4758 
2205 4002 
2206 4926 
2207 4222 
2208 4935 4407 4906 
2209 4988 
2210 4917 
2211 4866 
2212 4892 
2213 4901 
2214 3109 
2215 4055 
2216 4965 
2217 4972 
2218 4971 
2219 3758 4868 
2220 4990 
2221 4912 
2222 4629 
2223 4906 
2224 4846 
2225 4851 
2226 4867 
2227 4921 
2228 4769 4749 4932 4978 
2229 4851 
2230 4983 
2231 3758 
2232 3426 
2233 4206 
2234 3003 
2235 3993 
2236 4259 
2237 4628 
2238 4351 
2239 4451 
2240 4975 
2241 4906 
2242 2939 
2243 4964 
2244 4663 
2245 4979 
2246 4948 
2247 4711 
2248 4259 4953 4813 4077 
2249 4868 
2250 4962 
2251 4983 4597 4045 
2252 4632 
2253 2670 4628 
2254 4045 
2255 4618 
2256 4906 
2257 4503 
2258 4729 
2259 4503 4585 
2260 4222 
2261 4246 
2262 4817 
2263 2042 3999 4222 
2264 4246 
2265 4741 
2266 1469 
2267 4597 
2268 4176 
2269 3377 
2270 4971 
2271 4620 
2272 3665 
2273 3731 
2274 4045 
2275 4973 4629 4709 
2276 4166 
2277 1861 
2278 4924 
2279 4943 
2280 3800 
2281 4150 
2282 4924 
2283 3978 4942 4488 
2284 4620 
2285 4986 
2286 4935 
2287 4924 
2288 4259 4971 4150 
2289 4863 
2290 4813 
2291 4618 
2292 4892 
2293 4002 
2294 4969 
2295 4938 
2296 4979 
2297 4988 
2298 3993 4455 
2299 3515 
2300 4998 
2301 1861 
2302 4769 
2303 4204 
2304 4045 
2305 4924 
2306 4948 
2307 4641 
2308 4594 
2309 4029 4942 
2310 4769 4709 4663 4964 
2311 4971 
2312 4545 
2313 4969 
2314 4911 
2315 4663 
2316 4847 
2317 4920 4964 
2318 4456 
2319 4978 
2320 4010 
2321 3993 
2322 4632 
2323 1469 
2324 4975 
2325 1469 
2326 3731 
2327 4935 
2328 4921 
2329 4923 
2330 3993 
2331 4973 
2332 4938 
2333 4628 
2334 4949 
2335 4895 
2336 4926 
2337 4904 
2338 4927 
2339 4975 4618 4547 
2340 4978 4927 
2341 4896 
2342 4456 
2343 4906 
2344 1469 
2345 4045 
2346 4585 
2347 4820 
2348 4906 
2349 4204 
2350 4965 
2351 4851 
2352 4807 
2353 4531 
2354 4988 
2355 4913 
2356 4983 
2357 4949 
2358 4740 
2359 4597 
2360 4545 
2361 4979 
2362 4964 
2363 4863 
2364 4989 
2365 4895 
2366 4863 
2367 4978 
2368 4802 4854 3924 
2369 4597 
2370 4668 
2371 4597 
2372 4817 
2373 3432 
2374 4986 
2375 4259 
2376 3515 
2377 4620 
2378 4668 
2379 4597 
2380 4851 4923 4222 
2381 4964 4769 4237 
2382 4455 
2383 3810 
2384 4813 
2385 4917 
2386 4927 
2387 4924 
2388 3624 4594 
2389 4238 
2390 4937 
2391 4246 
2392 4975 
2393 4917 
2394 4488 4663 4863 
2395 4769 
2396 4488 4438 4824 4975 
2397 4998 
2398 4902 
2399 4975 
2400 4618 4655 4628 
2401 4822 
2402 4892 
2403 4749 
2404 4002 
2405 4986 
2406 4967 
2407 4077 
2408 4407 4986 4971 
2409 4912 
2410 4962 
2411 4807 2042 4851 
2412 4932 
2413 4695 
2414 2680 4925 4045 
2415 4978 
2416 4998 
2417 4942 
2418 4977 
2419 4995 4925 3919 4711 4943 
2420 4977 4461 4975 4451 4953 
2421 4995 
2422 4238 
2423 4986 4967 3432 4155 
2424 4155 
2425 4847 
2426 4962 
2427 4948 
2428 4942 
2429 4822 
2430 3377 
2431 4068 
2432 4943 
2433 1469 
2434 3515 
2435 4951 
2436 4817 
2437 4942 
2438 4932 
2439 4802 
2440 3515 
2441 4822 
2442 4641 
2443 4663 
2444 4204 4986 3924 
2445 3515 
2446 4655 
2447 4867 3800 4531 
2448 4988 
2449 4935 
2450 4917 
2451 4620 
2452 4769 4620 
2453 4983 3800 
2454 4741 
2455 4663 
2456 4604 
2457 4496 
2458 4896 
2459 4638 4594 4975 4237 
2460 4938 
2461 4709 
2462 4967 
2463 4967 
2464 4068 
2465 4967 
2466 4461 
2467 4740 
2468 4868 
2469 4728 
2470 4620 
2471 4867 
2472 4018 
2473 4150 
2474 4516 
2475 4695 
2476 4655 
2477 4925 
2478 4802 
2479 4155 
2480 4728 
2481 3804 
2482 4921 
2483 4959 
2484 4204 
2485 3993 
2486 4921 
2487 4597 
2488 4978 
2489 4822 
2490 4847 
2491 4975 
2492 4166 
2493 4455 
2494 4978 
2495 4920 
2496 4912 4663 
2497 4854 
2498 3937 
2499 4904 4655 4973 4943 
2500 4547 
2501 4668 4890 
2502 4614 
2503 4896 
2504 3758 
2505 4913 
2506 4740 
2507 4204 
2508 4204 
2509 4488 
2510 3531 
2511 2042 4979 
2512 4496 
2513 3665 
2514 3993 
2515 4496 
2516 4990 
2517 1469 
2518 4160 
2519 4695 
2520 4912 
2521 4503 4068 
2522 4010 
2523 4913 
2524 4937 
2525 4176 
2526 4917 
2527 4259 
2528 4924 
2529 4983 
2530 4993 
2531 4204 
2532 3538 
2533 4971 
2534 4540 
2535 4953 
2536 4740 
2537 4817 
2538 3687 
2539 3003 
2540 4695 
2541 4927 
2542 4451 
2543 4959 
2544 4971 
2545 4964 4695 4868 
2546 4807 
2547 3937 
2548 4090 
2549 4807 
2550 4853 
2551 4959 
2552 4635 
2553 4820 
2554 4892 
2555 3999 
2556 4868 
2557 4769 4018 4975 4456 
2558 4949 
2559 3663 
2560 4949 4488 
2561 4863 
2562 4926 
2563 4924 
2564 3687 
2565 4540 
2566 4890 
2567 4969 
2568 4749 
2569 4222 
2570 4949 
2571 4204 
2572 4545 
2573 4729 
2574 4853 
2575 4937 
2576 4989 
2577 4681 
2578 1469 
2579 4995 
2580 4824 
2581 3538 
2582 4769 
2583 4948 
2584 4989 
2585 4824 
2586 4817 
2587 3810 
2588 4923 
2589 3758 
2590 4943 
2591 4851 
2592 1469 
2593 4904 
2594 4632 
2595 4977 4594 
2596 4547 
2597 4979 
2598 4913 
2599 4341 
2600 4924 4238 4594 4935 
2601 4953 
2602 4995 
2603 4824 4927 4953 3810 
2604 4604 
2605 4964 
2606 4866 
2607 4921 
2608 4204 
2609 4921 
2610 4911 
2611 4977 
2612 4503 
2613 4927 
2614 4983 
2615 4977 
2616 4516 
2617 4924 
2618 4986 
2619 4959 
2620 4983 
2621 4029 
2622 4948 
2623 4892 4979 
2624 4967 
2625 4979 
2626 4948 4921 
2627 4937 
2628 4948 
2629 4204 
2630 4238 
2631 3531 
2632 4635 
2633 4901 
2634 4451 
2635 4998 4597 4995 
2636 4896 
2637 4629 
2638 4447 
2639 4597 
2640 3993 4503 4973 4002 
2641 4989 
2642 4932 
2643 4495 
2644 4866 
2645 4614 
2646 4851 
2647 4967 
2648 4989 
2649 4901 
2650 4967 
2651 4496 
2652 4641 
2653 4990 
2654 4817 
2655 2767 
2656 4847 
2657 4851 
2658 4663 
2659 4904 
2660 4979 
2661 3531 
2662 4998 
2663 4540 
2664 4923 
2665 4488 
2666 4802 4629 4948 4516 
2667 4977 
2668 4283 
2669 3993 
2670 2670 4204 4018 
2671 4949 
2672 3810 4965 
2673 4975 
2674 4867 
2675 4846 4822 
2676 4259 
2677 4892 3515 4531 4663 
2678 4913 
2679 4824 
2680 3597 2680 
2681 4912 
2682 4867 
2683 4978 
2684 4029 
2685 4978 
2686 4002 
2687 4868 
2688 4597 
2689 4972 4010 
2690 4986 
2691 4206 
2692 4010 
2693 4868 
2694 4923 
2695 4923 
2696 4817 
2697 4618 4964 4068 
2698 4925 
2699 4892 
2700 4949 
2701 4728 
2702 4341 
2703 4979 
2704 4585 
2705 4938 
2706 3937 4729 4920 
2707 4010 
2708 4995 
2709 4495 
2710 4851 
2711 4238 
2712 4854 
2713 4455 
2714 4890 
2715 4895 
2716 4938 
2717 4923 
2718 3624 
2719 4758 
2720 4854 4176 
2721 4990 
2722 4741 
2723 4547 
2724 4851 
2725 4935 
2726 4901 
2727 4876 
2728 4892 
2729 3665 4953 4854 
2730 4986 
2731 4222 
2732 4920 
2733 4988 
2734 4924 4629 4206 
2735 4973 
2736 4969 
2737 4846 
2738 4962 
2739 4893 
2740 4942 
2741 4802 
2742 4455 
2743 4981 
2744 4998 
2745 4969 
2746 4817 
2747 4998 
2748 4308 
2749 3515 
2750 4911 
2751 4516 
2752 4890 
2753 4222 
2754 4822 
2755 4998 
2756 4948 
2757 4516 
2758 4975 3515 4628 
2759 4638 
2760 4964 4938 
2761 4911 
2762 4854 
2763 4937 
2764 4868 
2765 3531 
2766 4989 
2767 2767 
2768 4967 
2769 4912 
2770 4973 
2771 4847 
2772 4892 
2773 4938 
2774 2561 4632 4728 3665 
2775 4629 
2776 4655 
2777 4632 
2778 4495 
2779 4988 
2780 4902 
2781 3663 
2782 4959 
2783 4876 
2784 4597 
2785 4029 
2786 4998 
2787 4204 
2788 4725 
2789 4641 
2790 4847 
2791 4921 
2792 4977 
2793 4951 
2794 4585 
2795 4962 
2796 4807 
2797 4259 
2798 4973 4160 
2799 4979 
2800 4807 
2801 4893 
2802 4978 
2803 4975 
2804 4892 
2805 4641 
2806 4351 
2807 4045 
2808 4942 
2809 4924 
2810 4594 
2811 4246 
2812 4029 
2813 4979 
2814 4890 
2815 4447 
2816 4979 
2817 4942 
2818 4635 
2819 4975 
2820 3665 
2821 4935 
2822 4547 
2823 4927 
2824 4964 
2825 4452 
2826 4949 
2827 4990 
2828 4867 
2829 4977 
2830 4948 
2831 4964 
2832 4635 
2833 4921 
2834 4972 
2835 3538 
2836 4964 
2837 4351 
2838 4924 
2839 4983 
2840 4993 
2841 4913 
2842 4217 
2843 4969 
2844 4924 
2845 4681 3758 3515 
2846 4938 
2847 4455 
2848 4971 
2849 4628 
2850 4925 
2851 3993 
2852 3377 
2853 4896 
2854 4351 
2855 3978 
2856 4989 
2857 4896 
2858 4238 
2859 4629 
2860 4635 
2861 4728 
2862 4150 
2863 4817 4975 4461 
2864 4962 
2865 4758 
2866 4973 4597 4959 4813 
2867 4740 
2868 4452 
2869 4973 
2870 3377 
2871 4259 
2872 3515 
2873 4912 
2874 4451 
2875 4965 
2876 4656 
2877 4451 
2878 4802 
2879 4990 
2880 4073 4794 4155 
2881 4969 
2882 4447 
2883 4906 
2884 4901 
2885 4124 
2886 4455 
2887 4728 
2888 3731 
2889 3999 
2890 4730 
2891 4620 
2892 4988 
2893 4978 4925 4906 3665 4964 
2894 4681 
2895 3515 
2896 3377 
2897 4641 
2898 4979 
2899 4341 
2900 4124 
2901 4807 
2902 4802 
2903 4817 4971 3810 4638 
2904 4740 
2905 4516 
2906 4901 
2907 4632 
2908 4663 
2909 4853 
2910 4943 
2911 4953 
2912 4948 
2913 4995 
2914 3993 
2915 4967 
2916 4892 
2917 3800 
2918 4749 
2919 4942 4822 4495 
2920 4663 3731 4923 4728 
2921 4456 
2922 4986 
2923 4977 
2924 4868 
2925 4951 
2926 4924 
2927 4150 
2928 4979 
2929 4283 
2930 4073 
2931 4547 
2932 4975 
2933 4951 
2934 3515 
2935 4656 
2936 4204 
2937 4959 3665 4002 
2938 4932 
2939 2939 
2940 4597 
2941 4635 
2942 3515 
2943 4820 
2944 4055 
2945 4545 
2946 4150 
2947 3993 
2948 4923 
2949 3515 
2950 4629 
2951 3758 
2952 4068 4614 1469 3712 
2953 4901 
2954 4166 
2955 4238 
2956 4668 
2957 4977 
2958 4989 4166 
2959 4851 4923 
2960 4055 
2961 4942 
2962 4851 
2963 4965 
2964 4824 
2965 1861 4597 4730 
2966 4641 
2967 4217 
2968 4978 
2969 3800 
2970 4989 
2971 4741 
2972 4729 
2973 4496 
2974 4851 
2975 4204 
2976 4896 
2977 4077 
2978 4728 
2979 4655 
2980 4725 
2981 4641 
2982 4896 
2983 4890 
2984 4896 
2985 4979 
2986 4923 
2987 4585 
2988 4641 
2989 4893 4503 4890 4045 4206 
2990 4895 
2991 4217 4975 4496 4741 4866 4901 
2992 4854 
2993 4846 
2994 4150 
2995 4822 
2996 3515 
2997 4975 
2998 4769 3441 4597 3531 
2999 4150 
3000 4925 
3001 4695 
3002 4237 3758 3665 
3003 3003 3441 
3004 4725 
3005 4876 
3006 4975 
3007 4998 
3008 4594 
3009 4540 
3010 4238 
3011 3758 
3012 3924 4986 4817 
3013 4711 
3014 4407 
3015 4959 
3016 4890 4769 4959 4259 
3017 4709 
3018 4769 
3019 4935 
3020 3978 
3021 4893 4769 4854 
3022 4942 
3023 4932 
3024 4973 
3025 4822 
3026 4972 
3027 4948 4728 4949 
3028 4949 
3029 4912 
3030 4822 
3031 4728 
3032 4045 
3033 4695 4978 4729 
3034 3804 
3035 4943 4597 4045 4924 
3036 4964 
3037 4709 
3038 4853 
3039 4769 
3040 4911 
3041 4206 
3042 4935 
3043 4890 
3044 4967 
3045 4959 
3046 4456 
3047 4981 
3048 4455 4663 4901 
3049 4989 
3050 4407 
3051 3663 
3052 4978 
3053 4964 
3054 4920 
3055 4217 4924 2939 2042 
3056 4863 
3057 4981 
3058 3712 
3059 4488 
3060 4948 4923 3993 3810 
3061 4921 
3062 4516 
3063 4641 
3064 4807 
3065 4010 
3066 4924 
3067 4948 4989 1361 4975 
3068 4045 
3069 4438 
3070 4964 4863 4237 4635 
3071 4932 
3072 4822 
3073 4438 
3074 4711 4068 1361 
3075 4635 4924 4641 4068 
3076 4820 
3077 4906 
3078 4965 
3079 4222 
3080 4853 
3081 4901 
3082 4973 
3083 4981 3993 4681 
3084 4965 4967 4204 4488 4077 
3085 4802 
3086 4438 
3087 4978 
3088 4967 
3089 4681 4655 4851 4988 
3090 4668 
3091 4540 
3092 3810 
3093 4927 
3094 4904 
3095 1469 
3096 4741 
3097 4740 
3098 1469 4948 4206 4973 
3099 4531 
3100 4986 3377 4283 
3101 4668 
3102 4176 
3103 4895 
3104 4447 
3105 4948 4913 4695 
3106 4892 
3107 3993 
3108 4055 
3109 3109 
3110 4973 
3111 4978 
3112 4854 
3113 4969 
3114 4942 
3115 4802 
3116 4817 
3117 4638 
3118 4983 
3119 4447 
3120 4758 
3121 4769 
3122 4725 
3123 4077 
3124 3978 4938 4597 4866 
3125 4979 
3126 4217 
3127 4749 
3128 3810 
3129 4854 
3130 4068 
3131 4892 
3132 4206 
3133 4977 
3134 4238 
3135 4259 4998 
3136 4758 
3137 4912 
3138 3538 
3139 4938 
3140 3993 
3141 4951 
3142 4969 
3143 4969 
3144 4937 
3145 4817 
3146 4895 
3147 4938 
3148 4923 4728 
3149 4913 
3150 4876 4451 4913 4938 
3151 4971 4977 4259 4238 
3152 4921 3531 4932 3687 4912 4938 
3153 3003 4979 4029 4668 
3154 4925 
3155 3731 4913 4638 
3156 4614 
3157 4018 
3158 4725 
3159 4876 
3160 4217 
3161 4935 
3162 4728 4943 4614 4923 
3163 4896 
3164 4962 
3165 4620 
3166 4895 
3167 4938 
3168 4911 
3169 3377 
3170 4503 
3171 4045 
3172 4978 
3173 4951 
3174 4594 
3175 4259 
3176 4846 
3177 3804 
3178 4618 
3179 4913 
3180 4817 
3181 4206 4769 4820 3432 
3182 4917 
3183 4090 
3184 4618 
3185 4960 
3186 4938 
3187 4923 
3188 4972 
3189 4455 4729 4977 
3190 4794 
3191 4867 
3192 4953 4948 4068 4969 4913 
3193 4942 
3194 4817 
3195 4951 
3196 4975 
3197 4668 
3198 4547 
3199 4998 
3200 4962 
3201 4990 
3202 4964 
3203 4851 3993 4978 4259 1469 4238 
3204 4932 4967 4597 4077 
3205 3665 
3206 4822 
3207 4308 
3208 4155 
3209 4758 
3210 4962 
3211 4618 
3212 4978 4614 4893 3804 
3213 4969 
3214 4711 
3215 4769 
3216 3426 4632 4516 4176 4964 
3217 4259 
3218 4911 
3219 4851 4986 4077 
3220 4863 
3221 4594 
3222 4597 
3223 4920 
3224 4904 4921 4854 1469 4977 
3225 3538 
3226 3993 4068 4967 4892 4906 
3227 4851 
3228 4967 
3229 4960 
3230 3758 
3231 4867 
3232 4964 
3233 4614 
3234 4995 
3235 3993 
3236 4942 
3237 4769 
3238 4641 
3239 4904 
3240 3993 4628 4822 4967 4851 
3241 4913 
3242 4045 
3243 4045 4594 4851 4663 4628 
3244 3432 
3245 4802 4962 4967 
3246 4150 
3247 4516 
3248 4953 
3249 4516 
3250 4824 
3251 4995 
3252 4948 
3253 4924 
3254 4902 
3255 4663 
3256 4597 
3257 3515 
3258 4628 
3259 4749 
3260 4820 
3261 4953 
3262 4068 
3263 4969 
3264 1469 4820 4769 1361 
3265 4822 
3266 4540 
3267 4868 
3268 4246 
3269 4802 
3270 4496 
3271 4962 
3272 4531 
3273 4656 
3274 4890 
3275 4055 
3276 4892 4166 4802 
3277 4668 
3278 4516 
3279 4728 4951 4438 4913 
3280 4854 
3281 3758 
3282 4925 
3283 4938 
3284 4749 
3285 4967 
3286 3999 4283 4924 
3287 4594 
3288 3377 
3289 4585 
3290 4917 
3291 4962 
3292 4990 
3293 4893 
3294 4969 
3295 4923 
3296 4807 
3297 4867 
3298 4938 
3299 4176 
3300 4822 
3301 4895 
3302 4917 
3303 4969 
3304 4729 
3305 4953 
3306 4937 
3307 4628 
3308 4629 4695 4725 4758 4866 4867 4943 
3309 4921 
3310 4965 
3311 4962 4876 
3312 4964 4948 4068 4983 4969 4979 
3313 4176 4959 4822 4824 4971 
3314 4045 
3315 4938 
3316 4820 
3317 4863 
3318 4769 
3319 4972 
3320 4259 
3321 4866 
3322 4921 
3323 3993 
3324 4503 
3325 4807 
3326 4854 
3327 4854 
3328 4935 
3329 4960 
3330 3804 4896 4259 4964 
3331 4853 
3332 4853 
3333 4942 
3334 4604 
3335 3665 
3336 3665 
3337 4981 
3338 4988 
3339 4663 
3340 4932 
3341 4455 4948 4802 4953 
3342 4516 
3343 4912 
3344 4917 
3345 4068 
3346 4166 3515 4594 
3347 4863 
3348 4641 
3349 4935 
3350 4973 
3351 4628 4923 
3352 4867 
3353 4953 
3354 4010 
3355 4949 
3356 4769 
3357 4711 
3358 4728 
3359 4935 
3360 4971 
3361 4962 
3362 4863 
3363 4965 
3364 4989 
3365 4904 
3366 4979 
3367 4045 
3368 4967 
3369 4585 4990 4237 
3370 4010 
3371 4807 
3372 4447 
3373 4896 
3374 4456 
3375 4456 
3376 4925 
3377 3377 
3378 4893 
3379 4949 
3380 4597 
3381 3515 4822 4802 4283 4238 4758 
3382 4902 
3383 4846 
3384 4740 
3385 4018 
3386 3515 
3387 4977 
3388 4820 
3389 4709 
3390 4851 
3391 4259 
3392 4951 
3393 4951 
3394 4496 
3395 4892 
3396 4222 4927 4986 4124 4728 
3397 4981 
3398 4962 
3399 4979 
3400 4238 
3401 4979 
3402 4981 
3403 4769 3109 3804 
3404 3978 
3405 4068 
3406 4822 
3407 4942 
3408 4618 
3409 4516 
3410 4971 
3411 3712 
3412 4854 
3413 4618 
3414 4851 
3415 4585 
3416 4948 
3417 4438 
3418 4988 
3419 4977 
3420 4854 
3421 4913 
3422 4962 4045 4913 4977 3515 
3423 4055 
3424 4893 
3425 4018 
3426 4867 4967 3426 
3427 4937 
3428 4998 
3429 4728 
3430 4769 
3431 4983 
3432 3432 
3433 4802 
3434 4973 
3435 4729 
3436 4010 
3437 4668 
3438 4503 
3439 4729 4010 
3440 4029 
3441 3441 3003 
3442 4962 
3443 4893 4981 4943 4959 2042 
3444 4964 
3445 1469 4973 4822 4456 4969 
3446 4029 
3447 4709 
3448 4594 
3449 3515 
3450 4988 
3451 2767 4998 
3452 4863 
3453 4259 
3454 4995 
3455 2767 
3456 4983 
3457 4516 4045 4851 3937 
3458 4977 
3459 4204 
3460 1861 4978 4045 4925 4906 
3461 4867 
3462 4813 
3463 4769 
3464 4995 
3465 4045 
3466 4807 
3467 4951 
3468 4540 
3469 4942 
3470 4971 
3471 4971 
3472 4959 
3473 4948 
3474 4045 
3475 4807 
3476 4496 
3477 4893 
3478 4628 
3479 4973 
3480 4516 
3481 4973 
3482 4002 4597 3758 4817 3800 4204 4029 
3483 4604 
3484 4895 
3485 3758 
3486 4853 
3487 4892 
3488 4967 
3489 4438 
3490 4604 
3491 4923 
3492 4455 4971 4668 4516 4995 
3493 4283 
3494 4769 
3495 4863 
3496 4495 
3497 4868 4045 3665 4641 4488 
3498 1861 
3499 4628 
3500 4851 
3501 4967 
3502 4911 
3503 4802 
3504 4730 
3505 4597 
3506 4917 
3507 4822 
3508 4972 
3509 4927 
3510 4638 
3511 4993 
3512 4986 
3513 1361 
3514 4932 
3515 3515 
3516 4923 
3517 4964 
3518 4927 
3519 4973 
3520 3687 
3521 4938 
3522 4895 
3523 4585 
3524 4002 
3525 4948 
3526 4728 
3527 4973 
3528 4641 
3529 4866 
3530 4802 
3531 3531 
3532 4943 
3533 4822 
3534 4893 4594 4892 4628 4407 
3535 4953 
3536 4973 
3537 4988 
3538 3538 
3539 4959 
3540 4045 4949 4663 4935 4585 
3541 4917 
3542 4854 
3543 4989 4973 4820 4942 
3544 4668 4892 4893 4204 
3545 4283 
3546 4455 
3547 4451 4975 3712 
3548 4150 
3549 4807 
3550 4906 
3551 4971 
3552 4516 
3553 3804 3109 3999 
3554 4986 
3555 4904 
3556 3377 
3557 4962 
3558 4655 
3559 4540 
3560 3758 
3561 4663 
3562 4921 
3563 4969 
3564 4802 
3565 4967 
3566 4975 
3567 4971 
3568 4663 
3569 4597 
3570 4668 
3571 4222 4641 4948 
3572 4820 
3573 4969 
3574 4488 
3575 4965 
3576 4461 
3577 4990 
3578 4540 
3579 4749 
3580 4663 4618 4124 3663 4925 
3581 4913 4989 4516 
3582 4938 
3583 4455 
3584 4893 
3585 4817 
3586 4820 
3587 4964 
3588 4977 
3589 4820 
3590 3597 2680 
3591 4913 
3592 4993 
3593 4447 
3594 3665 
3595 4924 
3596 4989 
3597 3597 2680 
3598 4977 
3599 4681 
3600 3712 
3601 3999 3109 
3602 3665 
3603 3731 
3604 4904 
3605 4728 
3606 4965 4503 4867 4540 4969 4924 4516 
3607 4942 
3608 4959 
3609 4989 
3610 4902 
3611 4921 
3612 4949 4971 4447 4628 4942 
3613 3665 
3614 4964 
3615 4923 4972 4820 4895 2042 
3616 4238 
3617 4769 4540 4638 3687 3538 4906 4938 
3618 4813 4681 4656 
3619 4892 
3620 4853 
3621 4964 
3622 4981 
3623 4206 
3624 4709 3624 4073 
3625 4166 
3626 4516 4967 4204 4238 4847 3432 
3627 4949 
3628 4998 
3629 1469 
3630 4604 
3631 4656 
3632 4594 
3633 4866 
3634 4283 
3635 4971 
3636 4978 
3637 4817 
3638 4628 
3639 4656 
3640 4222 
3641 4973 
3642 4967 
3643 4853 
3644 4741 
3645 4769 
3646 4975 
3647 4998 
3648 4740 
3649 4817 
3650 4863 
3651 4730 
3652 4741 
3653 4614 
3654 4896 
3655 4817 
3656 4925 
3657 4820 
3658 4938 
3659 4820 
3660 4925 
3661 4973 
3662 4935 
3663 3663 
3664 4018 
3665 3665 
3666 4045 
3667 4851 
3668 4986 
3669 3515 4730 4166 3993 1861 4938 4986 
3670 4668 
3671 4971 
3672 4983 4973 4851 4540 4547 
3673 4073 3515 4820 4867 
3674 4990 
3675 4972 
3676 4545 
3677 4967 
3678 3758 
3679 4531 
3680 4959 
3681 4447 
3682 4597 
3683 4969 
3684 4935 4010 4817 3731 4890 4925 
3685 4758 
3686 4998 2767 
3687 3687 
3688 4949 
3689 4964 
3690 4920 
3691 4594 
3692 4002 
3693 4938 
3694 4351 
3695 4990 
3696 1861 4948 4973 4728 4655 
3697 4989 
3698 4924 
3699 4283 
3700 4711 3937 4452 3538 4585 
3701 4516 
3702 4204 4979 4912 4851 4150 4983 
3703 3810 
3704 4937 
3705 4851 
3706 4594 
3707 4960 
3708 4932 
3709 2042 4927 
3710 4925 
3711 4817 4853 4822 4979 4906 
3712 3712 
3713 3665 
3714 4604 
3715 4150 
3716 3758 4913 4924 4802 4259 4531 
3717 4893 
3718 4892 
3719 3515 
3720 4906 
3721 4206 
3722 4351 
3723 4895 
3724 4817 
3725 4769 
3726 4895 
3727 4962 
3728 4628 
3729 4740 
3730 4217 
3731 3731 
3732 3758 
3733 4988 
3734 3993 
3735 4973 4503 4150 4969 4948 4597 
3736 4937 
3737 4124 
3738 4912 
3739 4876 
3740 4975 
3741 4983 
3742 4516 4663 3665 1861 4846 4969 
3743 4632 
3744 3441 
3745 4948 
3746 4604 
3747 1361 4635 3924 
3748 4959 
3749 4912 1361 4986 4937 4949 
3750 4068 3597 4204 
3751 4308 
3752 4868 
3753 4769 
3754 4975 
3755 2042 4959 4222 1361 4283 4906 
3756 4938 
3757 4802 
3758 3758 
3759 4641 
3760 4926 
3761 4938 
3762 3538 
3763 4668 
3764 4890 
3765 4817 
3766 4969 
3767 3531 
3768 4641 
3769 4948 
3770 4867 
3771 4923 3687 1861 4973 4594 4547 
3772 4893 
3773 4709 
3774 4920 4892 4010 
3775 4166 
3776 4029 
3777 4010 
3778 4150 3538 3978 4749 4531 
3779 4953 
3780 4989 
3781 4854 
3782 4967 
3783 4813 
3784 4989 
3785 3663 4488 2939 
3786 4967 
3787 4817 
3788 4495 
3789 4166 
3790 4892 
3791 4531 
3792 4820 
3793 4979 
3794 1861 
3795 4965 
3796 4975 3810 4822 
3797 4981 
3798 4740 
3799 4948 
3800 3800 
3801 4695 
3802 3432 4495 4728 4614 4516 4730 
3803 4962 
3804 3804 
3805 4854 
3806 4802 
3807 4854 
3808 4921 
3809 4906 
3810 3810 
3811 4868 
3812 4867 
3813 4972 
3814 4913 4817 4594 4851 
3815 4495 
3816 4045 
3817 4854 
3818 4951 4769 4695 
3819 4990 
3820 4990 
3821 4977 
3822 4655 4238 4902 4995 
3823 4217 4969 4967 4045 4351 4813 
3824 4604 4029 4986 3712 4890 
3825 4973 
3826 4949 
3827 4204 
3828 4959 
3829 4975 4949 4948 4911 4802 4978 4246 3687 
3830 4817 
3831 4807 
3832 4989 
3833 3800 
3834 4972 
3835 4641 
3836 4989 
3837 4949 
3838 4656 
3839 4959 4090 4938 4951 
3840 4540 
3841 4730 
3842 4204 
3843 3665 
3844 4749 
3845 4986 
3846 4967 
3847 4853 
3848 4618 
3849 4927 
3850 4989 
3851 4901 
3852 4995 
3853 4917 
3854 4851 
3855 4959 
3856 4854 
3857 4942 
3858 4892 
3859 4924 
3860 4959 
3861 4893 
3862 4978 
3863 4927 
3864 4728 4641 
3865 4150 
3866 4259 
3867 4969 
3868 4964 
3869 3869 
3870 4983 
3871 4863 
3872 4876 
3873 4597 
3874 4854 
3875 4892 
3876 4629 
3877 4975 
3878 4942 
3879 4863 
3880 4604 
3881 4729 
3882 4942 
3883 4045 
3884 4055 
3885 4975 
3886 4913 4948 4975 
3887 4632 
3888 4913 
3889 4461 
3890 4959 
3891 4937 
3892 4925 
3893 4594 
3894 4951 
3895 4998 4851 4986 4948 1361 4892 4990 
3896 4927 
3897 4972 4010 4628 
3898 2939 4488 4438 4597 4917 
3899 4890 
3900 4965 
3901 4943 
3902 4068 
3903 4993 
3904 4960 4488 4969 
3905 4176 
3906 4204 
3907 4904 
3908 4911 
3909 3731 
3910 4948 4802 4663 
3911 4204 
3912 4663 
3913 4628 
3914 4055 
3915 4948 
3916 4981 
3917 4807 
3918 4965 
3919 3919 
3920 4892 
3921 4977 
3922 4204 
3923 4629 
3924 3924 
3925 4932 
3926 4150 
3927 4965 
3928 4920 
3929 4222 
3930 4452 
3931 3937 
3932 4923 
3933 4866 
3934 4973 
3935 3515 
3936 4628 
3937 3937 
3938 4516 
3939 4895 
3940 4998 
3941 4709 4516 4863 4913 4160 4807 
3942 4973 
3943 4911 
3944 4969 
3945 4896 
3946 3665 
3947 4663 
3948 4663 
3949 4238 
3950 4597 
3951 4447 
3952 4971 
3953 4817 3919 4516 
3954 4925 
3955 4998 
3956 4709 
3957 4969 
3958 4635 
3959 4977 
3960 4802 
3961 4893 
3962 4807 4847 4998 4802 4730 4620 4597 4959 
3963 4876 
3964 4729 
3965 4977 
3966 4516 
3967 4711 4620 4176 4407 
3968 4822 
3969 4807 
3970 4851 
3971 4729 
3972 4932 
3973 4927 
3974 4597 
3975 4981 
3976 3665 
3977 4206 
3978 3978 
3979 4923 
3980 4924 
3981 4206 
3982 4663 
3983 4981 
3984 3804 
3985 4455 
3986 4868 
3987 4893 
3988 3538 
3989 4937 
3990 4740 
3991 4990 
3992 4656 
3993 3993 
3994 3515 
3995 4893 
3996 4895 
3997 4964 
3998 4204 
3999 3999 
4000 4807 
4001 4867 
4002 4002 
4003 4912 
4004 4959 
4005 4851 
4006 3377 
4007 4308 
4008 4407 
4009 4998 
4010 4010 
4011 3665 
4012 4769 
4013 4740 
4014 3687 
4015 4921 
4016 4851 
4017 4995 
4018 4018 
4019 4989 
4020 4503 
4021 4488 4902 
4022 4896 4455 3712 4055 4851 
4023 3538 4986 4902 
4024 4204 
4025 3993 
4026 4989 
4027 4926 
4028 4911 
4029 4029 
4030 4655 
4031 4981 
4032 4237 
4033 4238 
4034 4989 
4035 4620 
4036 4259 
4037 4893 
4038 4972 
4039 4913 
4040 4854 
4041 4176 
4042 3804 4641 4993 
4043 4730 
4044 4817 
4045 4045 
4046 4160 4962 
4047 4942 
4048 4938 4932 3978 4813 
4049 4516 
4050 4932 
4051 3663 
4052 4531 
4053 4488 
4054 4597 
4055 4055 
4056 4822 
4057 3665 
4058 4090 3924 2042 
4059 4971 
4060 4927 
4061 4628 
4062 4585 
4063 4951 
4064 4176 
4065 4892 
4066 4975 
4067 4995 
4068 4068 
4069 4917 
4070 4728 
4071 4969 
4072 4641 
4073 4073 3624 4794 
4074 4979 
4075 4629 
4076 4975 
4077 4077 
4078 4594 
4079 4971 
4080 4967 
4081 4921 
4082 4978 
4083 4937 
4084 4969 
4085 4892 
4086 2767 4998 
4087 4960 
4088 4990 
4089 4892 
4090 4090 
4091 4926 
4092 4890 
4093 4824 
4094 4923 
4095 3869 
4096 4912 
4097 4927 
4098 3538 
4099 4166 
4100 4978 4977 
4101 4921 
4102 4892 
4103 3758 
4104 4632 
4105 4863 
4106 4979 3531 4695 
4107 4973 
4108 4851 
4109 4867 4948 4978 
4110 4820 3003 4150 
4111 4932 
4112 4973 
4113 4495 
4114 4969 
4115 4045 
4116 4906 
4117 4964 
4118 4998 
4119 4222 4913 4973 4866 
4120 3978 2680 4628 
4121 3665 
4122 4740 
4123 4854 3515 4935 4917 
4124 4124 
4125 4068 
4126 4998 
4127 4496 
4128 4452 
4129 4964 
4130 4951 4977 4002 4628 4758 
4131 4998 
4132 4962 
4133 4668 
4134 4822 
4135 4740 
4136 3515 
4137 3993 
4138 4597 
4139 3712 4238 4866 4986 
4140 4740 
4141 3687 
4142 4979 
4143 4959 
4144 3515 
4145 4959 
4146 4547 
4147 4068 
4148 4920 
4149 4978 
4150 4150 
4151 4668 
4152 4953 
4153 4964 
4154 4614 
4155 4155 
4156 4045 
4157 4222 
4158 3810 4895 4124 1469 
4159 4925 
4160 4160 
4161 4461 
4162 3731 
4163 4938 
4164 4488 
4165 4943 
4166 4166 
4167 4995 
4168 4951 
4169 4942 
4170 4516 
4171 2042 4711 4822 4597 
4172 4594 
4173 4283 
4174 4725 4222 
4175 4902 
4176 4176 
4177 4124 
4178 4971 
4179 4962 
4180 4635 
4181 4847 
4182 4204 4912 3924 4989 4594 
4183 4912 
4184 4964 
4185 4656 
4186 4943 
4187 4926 
4188 4892 
4189 4045 3804 4979 4817 
4190 4488 
4191 4867 
4192 4822 
4193 3804 
4194 4730 
4195 4926 
4196 4854 4597 4206 
4197 4045 4912 4547 4629 4967 
4198 4901 
4199 3531 
4200 4925 
4201 4853 
4202 4938 
4203 4923 
4204 4204 
4205 4204 
4206 4206 
4207 4948 
4208 4866 
4209 4863 
4210 3665 
4211 4911 
4212 4949 4978 4817 4695 4965 
4213 4978 
4214 4045 
4215 4728 
4216 4964 
4217 4217 
4218 4456 
4219 4341 4709 4068 4045 
4220 4965 
4221 4728 
4222 4222 
4223 4620 
4224 4725 3869 4090 4124 
4225 4851 
4226 4942 
4227 4822 
4228 4927 
4229 3663 
4230 4628 
4231 4077 
4232 4851 4728 
4233 4948 
4234 4866 
4235 4913 
4236 3978 
4237 4237 
4238 4238 
4239 4895 
4240 4923 
4241 4969 
4242 4975 
4243 4906 
4244 3993 
4245 4728 
4246 4246 
4247 4973 
4248 4981 
4249 4932 
4250 4283 
4251 4447 
4252 4150 
4253 4912 
4254 4927 
4255 4729 
4256 4495 
4257 4983 
4258 4988 
4259 4259 
4260 4920 
4261 4938 
4262 4728 
4263 4618 
4264 4866 
4265 4729 
4266 4921 
4267 4769 
4268 4948 
4269 1469 4978 4962 4981 
4270 4807 
4271 4948 
4272 4868 
4273 4951 
4274 4341 
4275 4911 4725 4978 4920 4977 
4276 4641 
4277 4802 
4278 4901 
4279 3515 
4280 4237 
4281 4932 
4282 4923 
4283 4283 
4284 4711 
4285 4890 
4286 4822 
4287 4456 
4288 2939 
4289 4935 4068 4438 4973 4817 
4290 4993 
4291 4948 
4292 4851 
4293 4949 
4294 3800 
4295 4204 4977 4863 4926 
4296 4971 
4297 4988 
4298 4969 4635 4749 4993 
4299 4495 
4300 4990 
4301 4614 
4302 4960 
4303 4927 
4304 4904 
4305 4990 3731 4924 4846 4986 
4306 4668 
4307 3993 
4308 4308 
4309 4847 
4310 4545 
4311 4594 
4312 4045 
4313 4461 
4314 4045 
4315 4906 
4316 4620 
4317 4029 
4318 4921 4204 4972 
4319 4921 3993 4923 4851 
4320 4965 
4321 4516 
4322 4620 
4323 4990 
4324 4045 
4325 4979 
4326 4935 
4327 4807 
4328 4695 
4329 4822 
4330 4923 
4331 4893 
4332 4904 
4333 4995 
4334 4531 
4335 4913 
4336 4998 4488 4547 4238 4817 
4337 4628 
4338 3800 
4339 4989 
4340 3993 4308 4851 4960 
4341 4341 
4342 1469 
4343 4876 
4344 4892 
4345 4971 
4346 3937 
4347 4238 
4348 4597 
4349 4949 
4350 1861 4206 4695 4663 4969 
4351 4351 
4352 4938 4308 4729 4923 4090 3919 
4353 4935 
4354 4769 
4355 4711 
4356 4924 
4357 4068 
4358 4967 
4359 4160 
4360 4758 
4361 4969 
4362 4641 4964 4817 4802 4924 
4363 4921 4890 4638 4090 3515 4937 
4364 4959 
4365 4923 
4366 4964 
4367 4854 4222 4150 4594 4668 
4368 4895 
4369 4695 
4370 4740 
4371 4802 
4372 4912 
4373 4725 
4374 4655 
4375 4890 
4376 4204 
4377 4921 
4378 4741 
4379 4983 
4380 4656 
4381 4176 
4382 4632 
4383 4597 
4384 4237 
4385 4668 
4386 4867 4938 4854 4986 4824 
4387 4977 
4388 4740 
4389 4597 4896 4635 4986 4824 
4390 4975 
4391 4965 
4392 4045 4868 3432 4986 4725 4923 
4393 4206 
4394 4681 
4395 4964 
4396 4912 
4397 4988 
4398 4896 
4399 4913 4045 4868 4758 4917 
4400 4923 4989 
4401 4807 
4402 4895 
4403 4155 
4404 4911 
4405 4975 3003 3441 
4406 4937 
4407 4407 
4408 4977 
4409 4990 4709 4964 4902 4926 
4410 4614 
4411 4740 
4412 4964 
4413 4668 
4414 3758 
4415 4948 
4416 4890 
4417 4981 
4418 4238 
4419 4972 
4420 4246 
4421 4545 
4422 4018 
4423 4981 
4424 4923 
4425 3432 
4426 4989 4668 4923 4822 3531 4981 4924 
4427 4959 
4428 4407 4802 4920 4902 4728 
4429 4932 
4430 4953 
4431 4979 
4432 4904 
4433 3515 4010 4488 4983 4972 4237 4695 
4434 4986 
4435 4222 4447 4628 4545 4937 4893 
4436 4986 
4437 4709 
4438 4438 
4439 4663 
4440 4204 4978 2680 4308 4971 4155 
4441 4259 
4442 4906 
4443 4438 
4444 4973 
4445 4979 
4446 4923 1469 4769 1861 2042 3924 4964 4495 4904 
4447 4447 
4448 3993 
4449 4663 
4450 3531 
4451 4451 
4452 4452 
4453 1469 
4454 4923 4447 4854 4597 4846 4124 4962 
4455 4455 
4456 4456 
4457 4867 
4458 4206 
4459 4695 
4460 4965 
4461 4461 
4462 4924 
4463 4971 
4464 4204 
4465 4893 1861 4964 4935 4902 
4466 4866 
4467 4935 
4468 4960 
4469 4730 
4470 4948 
4471 4967 
4472 4594 
4473 4867 
4474 4981 
4475 4166 
4476 4978 
4477 4983 
4478 3993 4585 4977 4725 4935 
4479 4912 
4480 4863 
4481 4892 
4482 4990 
4483 4077 4010 
4484 4948 
4485 4813 
4486 4902 
4487 4820 
4488 4488 
4489 4993 
4490 4495 
4491 4711 
4492 4920 
4493 4989 
4494 4540 
4495 4495 
4496 4496 
4497 4531 
4498 4695 4817 3804 4953 4846 4972 
4499 4868 
4500 4730 
4501 4597 
4502 4978 
4503 4503 
4504 4960 
4505 4868 
4506 4851 
4507 4989 
4508 4853 
4509 4222 
4510 4912 
4511 4728 
4512 4668 
4513 1469 
4514 4817 
4515 4709 4451 
4516 4516 
4517 4901 
4518 4628 4977 4942 4995 4921 
4519 4896 
4520 4926 
4521 4935 
4522 4709 
4523 4924 
4524 1469 
4525 4948 
4526 4935 
4527 4989 
4528 4988 
4529 4942 
4530 3538 
4531 4531 
4532 4632 
4533 4597 
4534 4846 
4535 4725 3869 4923 
4536 4124 
4537 4938 
4538 4655 
4539 4943 
4540 4540 
4541 4540 
4542 4942 
4543 4635 
4544 4604 4990 4709 1861 4949 4155 4901 
4545 4545 
4546 4641 
4547 4547 
4548 4911 
4549 4695 
4550 4959 
4551 4769 
4552 4824 
4553 4938 
4554 4998 
4555 4927 
4556 4925 
4557 4924 4029 4817 4932 4729 3869 4890 4545 
4558 4921 
4559 4638 
4560 4628 
4561 4951 
4562 4973 
4563 4964 
4564 4618 
4565 4725 
4566 4937 
4567 4937 
4568 4935 
4569 4824 
4570 4998 
4571 4729 
4572 4740 
4573 4892 
4574 4906 
4575 4913 4942 4951 4681 4981 4496 4904 4863 
4576 4846 
4577 4995 
4578 4846 
4579 4488 
4580 4923 
4581 4150 
4582 4895 
4583 4769 
4584 4948 
4585 4585 
4586 4867 
4587 4854 
4588 4729 4977 4341 4802 4949 4813 4308 
4589 4124 
4590 4758 
4591 4854 
4592 4002 4895 4725 4681 4813 4995 4998 
4593 4942 
4594 4594 
4595 4802 
4596 4981 
4597 4597 
4598 4794 4461 
4599 4924 
4600 3712 
4601 4975 
4602 4971 
4603 4741 
4604 4604 
4605 4847 
4606 4176 
4607 4983 
4608 4725 
4609 4531 
4610 4973 4967 4604 4503 4920 4964 4656 
4611 4668 
4612 4993 
4613 4068 4948 4604 4628 4917 4632 4758 
4614 4614 
4615 4962 
4616 3712 4166 4817 4979 4741 4896 4846 
4617 4824 
4618 4618 
4619 4863 4259 4668 4867 4628 4010 4965 4890 
4620 4620 
4621 4977 
4622 4938 
4623 4967 
4624 4238 
4625 4998 
4626 4998 
4627 4962 
4628 4628 
4629 4629 
4630 4204 
4631 4986 
4632 4632 
4633 4924 
4634 4902 
4635 4635 
4636 4967 
4637 4964 
4638 4638 4892 
4639 4628 
4640 1469 
4641 4641 
4642 1469 
4643 4995 
4644 4725 
4645 4979 
4646 4977 
4647 4010 
4648 4308 
4649 4998 
4650 4728 
4651 4090 
4652 4817 
4653 4868 
4654 3515 
4655 4655 
4656 4656 
4657 3937 
4658 4967 
4659 4924 
4660 4902 
4661 4943 
4662 4921 
4663 4663 
4664 4969 
4665 4938 
4666 4906 
4667 4045 
4668 4668 
4669 4217 
4670 4729 
4671 4921 
4672 4978 
4673 3665 
4674 4090 
4675 4995 
4676 4917 
4677 4695 
4678 4668 4973 4632 4867 3999 4150 1469 4998 
4679 4904 
4680 4949 
4681 4681 4927 
4682 4896 
4683 4959 
4684 4749 
4685 4917 
4686 4488 
4687 4959 
4688 4935 4204 4166 4971 4975 4890 4949 4853 
4689 4979 
4690 4979 
4691 4965 
4692 3515 4977 3665 4597 4802 4979 3978 4045 
4693 4986 
4694 3919 
4695 4695 
4696 4904 
4697 4597 
4698 4975 
4699 4711 
4700 4948 3800 4451 4896 4635 4846 4531 
4701 4965 
4702 4924 
4703 4545 
4704 4906 
4705 4853 
4706 4851 
4707 3515 
4708 4876 
4709 4709 
4710 4847 
4711 4711 
4712 4949 
4713 4998 
4714 4820 
4715 4917 4979 4729 4926 4545 4854 4906 4451 
4716 4854 
4717 4986 
4718 4949 
4719 4868 4953 4971 4817 4986 4585 4901 
4720 3538 4283 4995 4932 4055 4989 4998 4960 
4721 4077 
4722 4986 
4723 4959 
4724 4866 
4725 4725 
4726 4953 
4727 4962 
4728 4728 
4729 4729 
4730 4730 4949 
4731 4695 
4732 3810 4953 3665 4995 4932 4917 4943 4960 
4733 4447 
4734 4977 4655 4204 4971 4604 4964 4981 4824 
4735 4935 
4736 3800 3924 2042 4597 
4737 4728 
4738 4924 
4739 4948 
4740 4740 
4741 4741 
4742 4594 4851 3731 4238 4988 4641 4917 
4743 4923 
4744 4993 
4745 4942 
4746 4246 
4747 4893 
4748 3663 
4749 4749 
4750 4949 
4751 4911 
4752 4960 
4753 4949 
4754 4981 
4755 4924 
4756 4989 
4757 4913 
4758 4758 
4759 4921 
4760 3538 4749 4635 4938 4728 4979 4962 
4761 4981 3810 4923 4308 4847 4935 4749 
4762 4068 
4763 4769 1361 4711 4927 2042 3924 4923 
4764 4438 
4765 4749 2939 3377 4308 4949 4904 4847 
4766 4597 
4767 4055 1469 4978 4813 4846 4638 4993 
4768 4979 
4769 4769 
4770 4817 
4771 4949 
4772 4452 
4773 4663 
4774 4937 
4775 4949 
4776 4925 4923 4867 4740 4695 4847 4953 
4777 4942 
4778 4847 
4779 4847 
4780 4971 
4781 4949 
4782 4150 
4783 4893 
4784 3687 
4785 4995 
4786 4981 
4787 4758 
4788 4866 
4789 4969 
4790 4962 
4791 4594 
4792 4989 
4793 4876 
4794 4794 3624 4073 
4795 4917 
4796 4641 
4797 4807 
4798 4451 
4799 4989 
4800 4935 
4801 4979 
4802 4802 
4803 4155 
4804 4913 3758 4516 4989 4962 4729 4937 
4805 3515 
4806 4965 
4807 4807 
4808 3377 
4809 4993 
4810 4979 
4811 4010 4822 4953 3758 4628 4927 4969 4863 
4812 4912 
4813 4813 4769 4942 
4814 4988 
4815 4817 
4816 4959 
4817 4817 
4818 4971 4981 3869 4912 4160 4924 4749 
4819 4155 
4820 4820 
4821 4851 
4822 4822 
4823 4853 
4824 4824 
4825 4920 
4826 4656 
4827 4935 
4828 4531 
4829 4967 
4830 4969 
4831 4972 
4832 4949 
4833 4949 
4834 4911 
4835 4959 4222 4978 4802 4002 4160 4893 4010 4969 
4836 4846 
4837 4923 
4838 4166 4628 1469 4932 4822 4981 4989 4923 
4839 4978 3758 4655 4971 4921 4942 4853 
4840 4959 
4841 4990 
4842 4942 
4843 4924 
4844 4641 
4845 4937 
4846 4846 
4847 4847 
4848 4820 4730 4917 4921 4150 4010 4948 4962 
4849 4986 
4850 4981 
4851 4981 4851 
4852 3919 4969 4951 
4853 4853 
4854 4854 
4855 4942 
4856 4904 
4857 4926 
4858 4545 4758 
4859 4921 
4860 4758 
4861 4960 
4862 4983 4729 4953 4917 4614 4925 4656 4904 
4863 4863 
4864 4923 
4865 4807 
4866 4866 
4867 4867 
4868 4868 
4869 4935 
4870 4917 
4871 3538 
4872 4822 
4873 4975 
4874 4204 4807 4730 4998 4495 4238 4986 
4875 4451 
4876 4876 
4877 4769 
4878 3665 3515 4938 4597 4807 4308 4926 4160 
4879 4594 
4880 4943 
4881 4496 4943 4949 
4882 4923 
4883 4965 
4884 4986 
4885 4308 
4886 4851 
4887 4923 
4888 4932 
4889 4969 
4890 4890 
4891 4824 
4892 4892 
4893 4893 
4894 4942 
4895 4895 
4896 4896 
4897 4998 
4898 4977 
4899 4749 
4900 4740 
4901 4901 
4902 4902 
4903 4238 
4904 4904 
4905 4942 
4906 4906 
4907 4896 
4908 4972 
4909 4906 
4910 4663 4989 4452 4594 4711 4758 4853 4923 
4911 4911 
4912 4912 
4913 4913 
4914 4730 4892 4921 4632 4447 4942 4656 4906 
4915 4962 
4916 4923 
4917 4917 
4918 4725 4967 4965 4010 3538 4983 3758 4847 
4919 4924 
4920 4920 
4921 4921 
4922 4942 4629 4964 4663 4962 1469 4949 
4923 4923 
4924 4924 
4925 4925 
4926 4926 
4927 4927 
4928 4938 
4929 4943 
4930 3538 3919 4817 4892 4150 4893 4986 4965 
4931 4986 4068 4892 4730 4989 4594 4531 4923 
4932 4932 4935 
4933 4585 
4934 4863 
4935 4935 
4936 4935 
4937 4937 
4938 4938 
4939 4924 
4940 4938 
4941 4656 3515 
4942 4942 
4943 4943 
4944 4594 4913 4695 4641 4912 4728 4906 4656 4949 
4945 4998 4741 4951 3515 4594 4516 4949 4969 
4946 4964 
4947 4769 
4948 4948 
4949 4949 
4950 4949 
4951 4951 
4952 4822 4222 4983 4725 3663 4932 4906 
4953 4953 
4954 4981 4951 4995 3377 4351 4620 4967 4846 
4955 4901 
4956 4068 4975 4998 4456 4585 4917 4817 4962 4824 
4957 4516 
4958 4597 
4959 4959 
4960 4960 
4961 4822 1469 4935 3993 4090 4638 4802 3663 4964 
4962 4962 
4963 4998 
4964 4964 
4965 4965 
4966 4935 
4967 4967 
4968 4890 
4969 4969 
4970 4969 
4971 4971 
4972 4972 
4973 4973 
4974 4917 
4975 4975 
4976 4817 4917 
4977 4977 
4978 4978 
4979 4979 
4980 4585 3869 4807 4895 3515 4496 3663 4965 4989 
4981 4981 
4982 4989 
4983 4983 
4984 4960 
4985 4222 
4986 4986 
4987 4728 
4988 4988 
4989 4989 
4990 4990 
4991 4628 
4992 4668 4921 4948 4851 4854 3663 4989 4853 
4993 4993 4045 
4994 4978 
4995 4995 
4996 4969 
4997 4937 
4998 4998 
4999 4895 
5000 4953 
