1 4837 4814 
2 4772 4840 
3 3915 
4 3988 
5 4723 
6 4988 
7 3975 
8 4907 
9 4725 
10 4795 4721 
11 4908 
12 3988 
13 4978 
14 4809 
15 4596 
16 4914 
17 4860 
18 2452 
19 4949 
20 4933 
21 4958 
22 4954 
23 4858 4729 4812 
24 4288 
25 4903 
26 4838 
27 4043 4378 4833 
28 4584 
29 4546 
30 4872 
31 4498 
32 4797 
33 4994 
34 4830 
35 4872 
36 4436 
37 4949 
38 4378 
39 4288 
40 4997 
41 4979 
42 4521 3609 4995 4989 
43 4961 4339 4955 
44 4997 4929 4989 
45 4968 
46 3933 
47 4908 4993 
48 4996 
49 4997 
50 4995 
51 4956 4847 
52 1429 
53 4859 
54 4989 
55 3609 
56 4997 
57 4949 
58 4957 
59 4956 4837 
60 4993 
61 2452 
62 4814 
63 4378 
64 4978 
65 4939 
66 4445 
67 4546 
68 4989 
69 4327 
70 4979 
71 4934 
72 4997 4968 
73 4810 
74 4979 
75 4311 
76 4314 
77 4953 
78 4816 4124 
79 4909 
80 4949 
81 4882 
82 4963 
83 4515 
84 4223 
85 1483 4838 
86 4845 
87 4914 4962 
88 4521 
89 3662 
90 3933 
91 4704 
92 4604 
93 4810 
94 4908 
95 4966 
96 4945 
97 4147 4043 
98 4994 
99 4667 4999 
100 4541 4809 
101 4810 4635 4541 
102 4893 
103 4992 
104 4378 
105 4847 
106 4859 
107 4989 
108 4966 
109 4521 
110 4999 
111 4962 
112 4809 
113 4881 
114 4845 
115 4858 
116 4541 4902 
117 4872 
118 4772 4165 4311 
119 4810 
120 4903 
121 4845 
122 4814 
123 4914 
124 3933 
125 4579 
126 4812 
127 4677 
128 4682 
129 4987 
130 3915 
131 4795 
132 2116 4958 
133 4991 
134 4939 
135 4812 
136 4996 
137 4490 
138 4934 4876 
139 4725 
140 4411 
141 4025 4858 
142 4816 
143 4989 
144 4812 
145 4816 
146 4987 4596 
147 4993 
148 4961 
149 4914 
150 4837 4872 4991 
151 4853 
152 4774 
153 4721 
154 4830 
155 4707 
156 4723 4902 
157 3922 
158 4306 
159 4808 
160 4485 
161 4847 
162 4858 
163 4907 
164 4922 
165 3922 4837 2116 
166 4156 
167 4233 4571 4872 
168 4882 
169 4894 
170 4968 
171 4882 
172 4996 
173 4953 
174 4314 
175 4931 
176 4971 4949 
177 4860 
178 4808 
179 4933 
180 3662 
181 4306 
182 4847 
183 4677 
184 4721 
185 4983 
186 4815 
187 4989 
188 4859 4777 
189 4975 
190 4327 
191 4485 
192 4859 4025 4929 
193 4910 
194 4795 
195 4339 
196 4888 
197 4903 
198 4903 
199 4949 
200 4654 
201 4994 4958 
202 3621 4635 
203 4847 
204 4909 
205 4815 
206 4288 
207 4810 
208 4845 
209 4910 
210 4949 
211 4677 4948 
212 4963 
213 4997 
214 4470 
215 3915 
216 4949 
217 4812 4853 3621 
218 4961 
219 4872 4955 
220 4654 
221 4721 
222 4783 
223 4720 
224 3621 
225 4988 
226 4589 
227 4809 
228 4939 
229 4265 
230 4723 
231 4994 
232 4902 
233 4860 
234 4772 
235 4968 
236 4482 
237 4809 
238 4265 
239 4894 
240 4907 3621 
241 4729 
242 4138 
243 4812 
244 4629 
245 4953 
246 4306 
247 4872 
248 4872 
249 4994 
250 4958 
251 4949 
252 4995 
253 4962 
254 4949 
255 4729 
256 4339 
257 4707 
258 4725 
259 4966 3922 
260 3621 4853 
261 4966 
262 4987 
263 4996 
264 4971 
265 4838 3120 
266 3621 
267 4759 
268 4988 
269 4147 
270 4795 
271 4953 
272 4809 
273 4810 
274 4922 
275 4720 
276 4830 
277 4795 
278 4604 
279 4820 
280 4772 
281 4996 
282 4949 4997 
283 3965 
284 4975 
285 4881 
286 4968 
287 4931 
288 4881 
289 4903 
290 4966 
291 4635 
292 4907 
293 4816 
294 4816 4963 
295 4853 
296 4314 
297 4723 
298 4979 
299 4845 
300 4515 4923 
301 4725 
302 4165 
303 4996 
304 4978 
305 4939 
306 4515 
307 4939 
308 4838 
309 4962 
310 4908 
311 4963 
312 4908 
313 1229 
314 4165 
315 3609 
316 1429 
317 4797 
318 4837 
319 3988 
320 3621 4768 
321 4853 4956 
322 3915 
323 4654 
324 4989 
325 4662 
326 4956 
327 4859 
328 4814 
329 4958 
330 4999 
331 4797 
332 4768 
333 4907 
334 4881 2116 4995 
335 4571 
336 4654 
337 4881 
338 4445 
339 4579 
340 4795 
341 4774 
342 4579 
343 4723 
344 4635 
345 3120 
346 4987 
347 4914 
348 4772 
349 4971 4872 
350 4979 
351 4922 
352 4902 
353 4707 
354 4812 
355 4165 4961 
356 4515 
357 4654 
358 4584 
359 4914 4872 
360 4723 
361 4975 
362 4990 
363 2116 
364 4979 
365 4809 
366 4629 
367 4809 
368 4721 
369 4933 
370 2570 
371 4283 
372 4958 4882 4997 
373 3975 
374 4654 
375 4445 
376 4843 
377 4707 
378 4138 
379 4989 
380 4783 
381 4945 
382 4999 4881 
383 4881 
384 4654 
385 4872 
386 4997 
387 4541 
388 4992 
389 4725 
390 4596 
391 4983 
392 4809 
393 4816 
394 4772 
395 4677 
396 4327 
397 4838 3922 
398 4512 
399 4723 
400 4720 
401 4759 
402 4482 
403 4979 
404 4797 
405 4786 4907 
406 3975 4445 
407 4809 
408 4725 
409 4283 
410 2116 4853 
411 4894 
412 4492 
413 4903 
414 4903 
415 4956 
416 4786 
417 4983 
418 4903 
419 4998 
420 4858 4966 
421 4777 
422 1836 
423 4853 
424 4860 
425 4853 4872 
426 4759 
427 4931 
428 4989 
429 4961 
430 4989 
431 4853 
432 4704 
433 4411 
434 4910 
435 4720 4859 
436 4902 
437 4677 
438 3922 
439 4783 
440 4521 
441 4772 
442 4759 
443 4165 
444 4922 
445 4978 
446 4629 
447 4772 
448 4882 
449 4903 4882 
450 4934 
451 4949 4667 
452 4858 4596 
453 4378 4339 
454 4910 
455 4704 
456 4966 
457 4382 
458 4914 
459 3915 
460 4723 4838 4859 
461 4704 
462 4934 
463 4893 
464 4908 
465 4043 
466 4233 
467 4991 
468 4914 
469 4953 
470 4971 
471 1429 
472 4954 4934 4963 
473 4958 
474 3933 
475 4579 
476 4860 
477 4940 
478 4843 
479 4991 4954 
480 4992 
481 4810 
482 4810 
483 4584 
484 4311 
485 4786 
486 4382 4596 
487 4955 4961 
488 4327 
489 4983 
490 4872 
491 4584 
492 4541 
493 4894 
494 4339 
495 4907 
496 4998 
497 4816 
498 4768 
499 4604 
500 4949 4820 
501 4939 
502 4847 
503 4723 
504 4858 
505 3922 
506 4725 
507 4953 
508 4907 
509 4994 
510 4902 
511 4881 
512 4881 4445 4837 
513 4990 
514 4999 
515 4872 
516 4777 
517 4853 
518 4940 
519 4989 
520 4881 
521 4470 
522 3301 
523 4720 
524 4635 
525 3609 
526 4579 4682 
527 4853 
528 4940 4934 
529 1056 
530 4490 
531 4872 
532 4989 
533 4910 4995 
534 4987 4907 4604 
535 4546 
536 4994 
537 4797 
538 4934 
539 4795 4934 
540 4809 
541 4677 
542 4983 
543 4953 
544 4541 
545 4838 
546 4845 
547 4954 
548 4997 4541 
549 4860 
550 4809 
551 4156 4975 
552 4845 
553 4955 
554 4837 
555 4604 
556 4978 
557 4546 
558 4812 
559 4948 
560 4996 
561 4662 
562 4470 
563 4629 
564 4962 
565 4147 
566 4990 
567 4961 
568 3922 
569 4165 3662 
570 4979 
571 4820 
572 4809 
573 3287 
574 4909 
575 4939 
576 4845 
577 4541 
578 4138 
579 4777 
580 4498 4571 4820 
581 4914 
582 4971 
583 4975 
584 4999 
585 4953 
586 4809 
587 4949 
588 3621 4165 
589 4988 
590 4339 
591 4635 
592 4845 4233 
593 3922 
594 4997 
595 4512 
596 4983 
597 4721 
598 4853 
599 4584 
600 4996 
601 4411 
602 4872 
603 4635 
604 4958 
605 4721 
606 4888 
607 4314 
608 4759 
609 4859 
610 4954 
611 4971 
612 4772 
613 4809 
614 4772 
615 4772 4888 
616 4908 
617 4629 
618 4541 
619 4914 
620 4872 
621 2452 
622 4979 
623 4858 
624 4223 
625 4339 
626 4462 
627 4720 
628 3922 
629 4882 
630 4858 
631 4695 
632 4482 
633 4909 
634 4382 
635 4853 
636 3922 
637 4979 
638 4833 
639 4953 
640 4043 
641 4968 
642 4954 
643 4720 
644 4860 
645 4971 
646 4962 
647 4994 
648 1056 4910 4723 
649 4860 
650 4165 
651 4955 
652 2570 4584 
653 4939 
654 4847 
655 4882 
656 4939 
657 4876 4872 
658 4872 
659 4490 
660 4723 
661 4907 
662 1483 4933 
663 4859 
664 4786 
665 4987 
666 4978 
667 4992 
668 4931 
669 4979 
670 4512 
671 4704 
672 4893 
673 4809 
674 4987 
675 4975 
676 4147 
677 4043 
678 4996 
679 4968 
680 4962 
681 4820 
682 4882 4996 
683 4961 
684 4677 
685 4882 
686 4909 
687 4872 
688 4853 
689 4995 
690 4521 
691 3965 4994 
692 4774 
693 4725 
694 4954 4809 4654 
695 4881 
696 2452 
697 4327 
698 4979 
699 4723 
700 3120 
701 4998 
702 2452 
703 4838 
704 3662 4853 4156 
705 4860 
706 4830 
707 4954 3120 
708 4833 
709 4909 
710 4971 
711 4876 
712 4512 
713 4961 
714 4816 
715 4903 
716 4910 
717 4995 
718 4987 
719 2570 
720 4922 
721 4858 
722 4914 
723 4966 
724 4314 
725 4931 
726 4939 
727 4945 
728 4998 
729 4979 
730 4987 
731 4845 
732 4541 
733 4654 
734 4774 
735 4971 
736 4512 
737 4956 
738 4994 
739 4847 
740 4795 
741 4604 
742 4774 
743 4999 
744 4961 
745 4956 
746 1429 
747 3975 4546 
748 4958 4978 
749 3621 
750 4994 
751 4945 
752 4820 
753 4971 
754 4156 
755 3965 
756 4989 
757 4954 
758 4979 
759 4955 
760 4859 
761 4933 
762 4498 
763 4858 
764 4629 
765 4993 
766 4931 
767 4847 
768 4966 
769 4635 
770 4840 
771 4845 
772 4541 4725 
773 4914 
774 4991 
775 4962 
776 4635 
777 4725 3933 
778 4860 
779 4629 
780 4283 
781 4816 
782 4996 
783 4837 
784 4882 
785 4922 
786 4306 
787 4997 
788 4994 
789 4997 
790 4723 
791 4812 
792 4939 
793 4914 
794 4723 4872 4971 
795 4837 
796 4654 4922 
797 4667 
798 4816 
799 4498 
800 4903 
801 4677 
802 4838 4816 4994 
803 4411 
804 4999 
805 4882 
806 4810 
807 4783 
808 3621 
809 4910 
810 3965 4991 
811 4971 
812 4677 
813 4265 
814 4881 
815 4838 
816 4910 
817 4043 4998 
818 4922 
819 4814 
820 4845 
821 4858 
822 4903 
823 4470 
824 4838 
825 3301 4876 
826 4725 
827 4994 
828 4872 4908 
829 4968 
830 4914 
831 4909 
832 4963 
833 4445 4840 
834 4966 
835 4907 
836 4978 
837 4809 4124 
838 4729 
839 4721 4881 
840 4838 
841 3662 
842 4720 
843 4482 
844 3621 
845 4995 
846 4922 
847 4882 
848 4934 
849 4968 
850 4233 
851 4654 
852 4635 
853 4847 4723 3621 
854 4961 
855 3933 
856 4999 
857 4978 
858 4914 
859 4933 
860 4809 
861 4998 
862 4934 
863 3933 
864 4838 
865 4978 4872 
866 4858 
867 4999 
868 4677 
869 3933 
870 4311 
871 1836 
872 4968 
873 4999 
874 4993 
875 4992 
876 4830 4378 
877 4979 
878 4116 
879 4043 3933 
880 4957 
881 4963 
882 4999 
883 4677 
884 4903 
885 4840 
886 4837 
887 4990 
888 4872 
889 4996 
890 4382 
891 4860 
892 3988 
893 4888 
894 4843 
895 4720 
896 4288 
897 4843 
898 4482 
899 4546 4907 
900 4677 4723 4445 4929 
901 4876 4881 4165 
902 4894 
903 4876 
904 4998 
905 4629 
906 4629 
907 4814 
908 4704 
909 4978 
910 4327 
911 4810 
912 4881 4996 
913 4165 
914 4043 
915 4990 
916 4908 
917 4948 
918 4975 
919 3287 
920 4830 
921 4853 
922 4993 
923 4987 
924 4809 
925 4992 
926 4991 
927 3712 
928 4445 
929 4939 
930 4876 
931 2179 
932 4378 
933 1429 
934 4809 
935 4907 
936 4521 
937 1867 4759 
938 4955 
939 4812 
940 4729 
941 4888 
942 4975 
943 4949 4881 
944 4922 
945 3922 
946 4939 
947 4579 
948 4025 
949 4998 
950 4902 
951 3120 
952 4962 
953 4116 
954 4939 
955 3301 
956 4541 4961 
957 3609 
958 4772 
959 4996 
960 4327 
961 4902 
962 4968 
963 4541 
964 4953 
965 4138 
966 4979 
967 4768 
968 4954 
969 4955 
970 4914 
971 4994 
972 4990 
973 4954 
974 4840 
975 4907 
976 4914 
977 4907 
978 4772 4845 
979 4809 
980 4808 
981 4903 
982 4165 
983 4490 
984 4971 
985 4929 
986 4541 
987 2116 4445 
988 1483 
989 4894 
990 4265 
991 3933 4541 
992 2179 
993 3922 
994 4596 
995 4725 
996 4445 
997 4436 
998 4997 
999 4470 
1000 4910 
1001 4720 
1002 4797 
1003 4907 
1004 4482 
1005 4667 4837 
1006 4579 
1007 3922 
1008 4165 
1009 4995 
1010 1229 
1011 4999 
1012 4971 
1013 4596 
1014 4858 
1015 4720 
1016 2452 
1017 4124 
1018 4987 4786 4979 
1019 1836 4147 
1020 4956 
1021 4223 
1022 4723 
1023 4997 
1024 4777 
1025 4485 
1026 4968 
1027 4498 
1028 4940 
1029 4436 
1030 4725 
1031 4492 
1032 4327 
1033 4833 
1034 4723 
1035 4903 
1036 4953 
1037 4809 
1038 4579 
1039 4704 
1040 4604 
1041 4910 
1042 4759 
1043 3922 
1044 4654 
1045 4949 
1046 4949 
1047 4816 
1048 4998 
1049 4929 
1050 4975 
1051 4940 
1052 3287 
1053 4888 
1054 4837 
1055 4629 
1056 1056 4723 
1057 4808 
1058 4908 
1059 4971 
1060 4933 4682 4812 
1061 4934 
1062 4882 
1063 3922 
1064 4629 
1065 4629 
1066 4797 
1067 3933 
1068 4962 
1069 4629 
1070 2570 
1071 4223 
1072 4914 4462 
1073 4837 
1074 4814 
1075 4955 
1076 4975 
1077 4882 
1078 4677 
1079 4872 4311 
1080 4953 
1081 4695 
1082 4990 
1083 4541 
1084 4571 
1085 4695 
1086 4815 
1087 4858 
1088 4949 
1089 3915 
1090 3662 
1091 3621 
1092 4923 
1093 4314 4999 
1094 4882 
1095 4996 
1096 4809 
1097 4546 
1098 4579 
1099 4695 
1100 4462 
1101 4860 
1102 4840 
1103 4995 
1104 4903 
1105 4843 
1106 4958 
1107 4882 
1108 4989 
1109 4996 
1110 4838 
1111 4571 
1112 4629 
1113 4999 
1114 4025 
1115 4810 4233 4881 
1116 4810 
1117 4546 
1118 3662 
1119 4521 
1120 4845 
1121 3965 3120 4991 
1122 4998 4777 
1123 4954 
1124 4445 
1125 4988 
1126 4929 
1127 4809 3621 
1128 3662 4654 
1129 4485 
1130 4971 4881 
1131 4165 
1132 4677 4957 
1133 4858 
1134 4931 
1135 4783 
1136 4695 
1137 4999 
1138 4954 
1139 4957 
1140 4720 
1141 4948 
1142 4579 
1143 4795 
1144 4983 
1145 4723 
1146 4996 
1147 4993 
1148 4929 
1149 4704 
1150 4845 
1151 4978 
1152 4043 
1153 4954 
1154 3915 
1155 4971 
1156 4962 
1157 4966 4997 
1158 4979 
1159 4815 
1160 4933 
1161 4961 
1162 4837 
1163 4933 
1164 4971 
1165 4314 4571 
1166 4903 4914 
1167 4147 
1168 4893 
1169 4902 
1170 4909 
1171 4858 
1172 4853 
1173 4604 
1174 4808 
1175 4571 
1176 4541 4847 
1177 4931 
1178 4845 
1179 4858 
1180 4485 
1181 4837 
1182 4997 
1183 4816 
1184 4546 
1185 1229 
1186 4677 
1187 2452 
1188 4629 
1189 4759 
1190 4816 
1191 3662 
1192 4810 
1193 4589 
1194 1229 4662 4768 
1195 4876 
1196 4997 
1197 4975 
1198 4872 4975 4894 
1199 4635 
1200 4971 4934 
1201 4830 
1202 4949 
1203 4994 
1204 4910 
1205 3933 
1206 4810 
1207 4991 
1208 4797 
1209 4983 
1210 4961 
1211 4043 
1212 3609 4971 
1213 4704 
1214 4876 
1215 3120 4838 3922 
1216 4956 
1217 4966 
1218 4934 
1219 4949 
1220 4997 4498 
1221 4922 
1222 4233 
1223 3120 
1224 4931 
1225 4814 
1226 4043 
1227 4998 
1228 4314 
1229 1229 
1230 1056 
1231 4704 
1232 4571 
1233 4147 
1234 4958 
1235 3621 
1236 4893 
1237 4914 4382 
1238 4962 
1239 3965 
1240 4723 
1241 4156 
1242 4720 
1243 4723 
1244 4931 
1245 4894 
1246 4953 3301 
1247 4470 4949 
1248 4512 
1249 4997 4894 4990 
1250 4990 
1251 4265 
1252 4327 
1253 2570 
1254 4983 
1255 4949 
1256 4816 
1257 4515 
1258 4768 
1259 4881 
1260 4840 
1261 4492 4604 4907 
1262 4521 4546 4812 
1263 2570 4546 4124 
1264 4987 
1265 4629 4682 4704 
1266 4233 
1267 4961 
1268 4845 
1269 4138 
1270 4833 
1271 4957 
1272 4814 4996 3621 
1273 4521 
1274 4939 
1275 4990 
1276 4311 
1277 4989 
1278 4853 
1279 3922 
1280 3621 
1281 4881 4948 4859 
1282 4830 
1283 4704 
1284 4845 
1285 4903 
1286 4888 
1287 3988 
1288 4470 
1289 4994 
1290 4860 
1291 4923 
1292 4989 
1293 4903 
1294 4654 
1295 3712 
1296 4990 
1297 4995 
1298 4853 
1299 4772 
1300 4902 
1301 4961 
1302 4893 
1303 4914 4971 
1304 4165 
1305 4772 
1306 4962 
1307 4991 
1308 4795 
1309 4993 4845 
1310 4512 2116 4966 
1311 4902 
1312 4910 
1313 4629 4635 4992 
1314 3662 
1315 4999 
1316 4795 
1317 4860 
1318 4929 
1319 4872 
1320 3621 
1321 4983 
1322 4853 
1323 4914 
1324 4994 
1325 4043 
1326 4914 
1327 4934 
1328 4888 
1329 3662 
1330 4858 
1331 4436 
1332 4978 4940 
1333 4910 
1334 4876 
1335 4997 4382 
1336 4888 
1337 4988 
1338 4910 
1339 4914 4847 
1340 4881 
1341 4138 
1342 1867 
1343 4940 
1344 4872 
1345 4910 
1346 4914 
1347 4138 
1348 4156 
1349 4872 
1350 3922 
1351 4991 
1352 4677 
1353 4995 
1354 4482 
1355 4994 
1356 4814 
1357 4682 
1358 4953 
1359 4893 
1360 4929 
1361 4953 
1362 4314 
1363 4589 
1364 4147 
1365 4492 4677 4808 4988 
1366 4541 1429 4283 
1367 4995 
1368 4797 
1369 4909 
1370 4579 
1371 4948 
1372 4963 
1373 4774 
1374 4721 
1375 4814 
1376 4872 
1377 4729 
1378 4888 
1379 3301 
1380 4888 
1381 4968 
1382 4966 
1383 4596 
1384 4958 
1385 4492 
1386 4327 
1387 4858 
1388 4436 
1389 3922 
1390 3922 
1391 4635 
1392 4704 
1393 4695 
1394 4772 
1395 4966 
1396 2452 
1397 4837 
1398 4725 
1399 3712 
1400 4445 
1401 4968 
1402 4445 
1403 4809 
1404 3965 
1405 3662 
1406 3933 
1407 4949 
1408 4931 
1409 4971 
1410 4233 
1411 4953 
1412 3287 
1413 4629 
1414 4462 
1415 4949 
1416 2452 
1417 4723 
1418 4931 
1419 4858 
1420 4662 
1421 4859 
1422 4963 
1423 4963 
1424 4966 
1425 4654 
1426 4940 
1427 4914 
1428 4940 
1429 1429 
1430 4723 
1431 4723 
1432 4949 
1433 4954 
1434 3922 
1435 4654 4512 3301 4858 
1436 4931 
1437 4903 
1438 4893 
1439 4998 
1440 4786 
1441 4983 
1442 4945 
1443 4858 
1444 4990 
1445 4314 
1446 4933 
1447 4940 4995 
1448 4987 
1449 2570 
1450 3621 
1451 4979 3975 
1452 4723 
1453 4983 
1454 4909 
1455 4860 
1456 4882 
1457 4667 
1458 4768 
1459 4989 
1460 4907 
1461 4995 
1462 4996 
1463 4721 
1464 4907 
1465 1229 4654 
1466 4954 
1467 4677 
1468 4490 3933 
1469 4797 
1470 3915 
1471 4914 
1472 4720 
1473 4541 
1474 4934 
1475 4327 
1476 4853 
1477 4872 
1478 4914 4987 
1479 4858 
1480 4492 
1481 4860 
1482 4962 
1483 1483 
1484 4966 
1485 4541 
1486 4814 
1487 4579 
1488 4954 
1489 4723 
1490 4853 
1491 4845 
1492 4635 
1493 4922 
1494 4378 
1495 4635 
1496 4953 
1497 4882 
1498 4306 
1499 2116 
1500 4903 
1501 4958 
1502 4695 
1503 4966 
1504 2116 
1505 4808 
1506 4814 
1507 4888 
1508 4512 
1509 4949 
1510 4809 
1511 4953 
1512 4914 
1513 4411 
1514 4940 
1515 4914 
1516 4882 
1517 4596 4723 4816 
1518 4837 
1519 4339 3662 
1520 4955 4872 
1521 4808 
1522 4940 
1523 4596 
1524 4881 
1525 4956 
1526 4314 4975 4515 4512 
1527 4949 
1528 4165 4934 
1529 4881 
1530 4914 
1531 4992 
1532 4808 
1533 4314 
1534 4939 
1535 4772 
1536 4882 
1537 3609 
1538 4654 
1539 4910 
1540 4998 
1541 4948 
1542 4999 
1543 4966 
1544 4872 
1545 3621 
1546 4837 
1547 4872 4994 
1548 4156 4809 
1549 4995 
1550 4436 
1551 4462 
1552 4720 
1553 4721 
1554 3915 
1555 4629 
1556 4961 
1557 4908 
1558 4654 
1559 4962 
1560 3933 
1561 4991 
1562 4966 
1563 4492 
1564 4677 
1565 4860 
1566 4975 
1567 4720 
1568 4953 
1569 4485 
1570 4723 
1571 4043 4968 
1572 4997 
1573 4306 
1574 4931 4933 
1575 4987 
1576 4462 4512 
1577 4961 
1578 4845 
1579 4990 
1580 4165 
1581 4979 
1582 3975 
1583 4838 
1584 4955 4838 4124 
1585 4939 
1586 4939 
1587 4971 
1588 4934 4512 4966 
1589 4774 
1590 4604 4704 
1591 4682 
1592 4808 4654 
1593 4378 4809 
1594 4411 
1595 4721 
1596 4990 
1597 4940 
1598 3621 4954 
1599 4795 
1600 4957 
1601 4772 
1602 4954 
1603 3621 
1604 4662 
1605 4963 
1606 4629 
1607 4983 
1608 4546 
1609 4963 
1610 4949 
1611 4662 
1612 4957 
1613 4482 
1614 4723 
1615 4306 
1616 4306 4888 
1617 4223 
1618 4772 
1619 4677 4311 4546 
1620 4971 
1621 3965 
1622 4872 4596 
1623 3662 
1624 4859 
1625 4853 
1626 4772 
1627 4994 
1628 4845 4994 
1629 4830 
1630 4571 
1631 4954 
1632 4962 
1633 4677 
1634 4723 
1635 4893 
1636 4809 
1637 2116 4903 
1638 4939 
1639 4654 
1640 4962 
1641 4953 
1642 4830 
1643 4881 
1644 4339 
1645 4902 
1646 4165 
1647 4966 
1648 4546 
1649 4306 
1650 4812 
1651 4888 
1652 4853 
1653 4814 
1654 4966 
1655 4288 
1656 4677 4043 
1657 4720 
1658 4957 
1659 4604 
1660 4931 
1661 4999 
1662 4759 
1663 4882 
1664 4859 
1665 4929 
1666 4914 
1667 4966 
1668 4971 
1669 4720 4914 3922 
1670 4283 
1671 4872 4378 4994 4812 
1672 4629 
1673 4992 4311 
1674 4962 
1675 4954 
1676 4654 
1677 4923 
1678 3922 
1679 4723 
1680 4820 
1681 4772 
1682 4903 
1683 4306 
1684 3120 4858 
1685 2179 
1686 4584 
1687 4945 
1688 4283 
1689 4881 4541 4704 
1690 4445 
1691 4858 
1692 4996 
1693 4997 
1694 4233 
1695 4654 
1696 4881 
1697 4584 1429 4843 
1698 4962 
1699 4720 4907 4882 
1700 4971 
1701 4957 
1702 4814 
1703 1229 4860 
1704 4720 
1705 4840 
1706 3621 4910 4954 4945 
1707 2452 
1708 3662 
1709 3933 
1710 4957 
1711 4327 
1712 4940 
1713 4971 4043 3301 
1714 3662 
1715 4956 4859 4759 
1716 3975 
1717 4138 
1718 4809 
1719 4579 
1720 4853 
1721 4955 3975 
1722 4837 
1723 4990 
1724 4116 
1725 4662 
1726 4596 
1727 4995 
1728 4962 
1729 4541 
1730 4903 
1731 4723 
1732 4903 
1733 4995 
1734 4682 
1735 4923 
1736 4774 
1737 4971 
1738 3915 
1739 4939 
1740 4994 4987 
1741 3662 
1742 4589 
1743 4378 
1744 4872 
1745 4445 
1746 4997 
1747 4721 4922 
1748 4306 
1749 4223 
1750 4682 
1751 4814 
1752 4988 
1753 4939 
1754 4845 4314 
1755 4955 
1756 4882 
1757 4999 
1758 4999 
1759 4876 
1760 4546 
1761 4908 
1762 4584 
1763 4812 
1764 4847 
1765 4667 
1766 4482 4485 4025 
1767 4445 
1768 4311 4907 
1769 3621 
1770 4908 
1771 4929 
1772 4541 
1773 4903 
1774 4596 
1775 4931 
1776 4881 
1777 3915 
1778 4971 
1779 4957 
1780 4991 
1781 4288 
1782 4814 
1783 3712 
1784 4929 
1785 3609 
1786 4881 
1787 4845 
1788 4339 4596 
1789 4882 
1790 4989 
1791 4908 
1792 4596 
1793 4707 
1794 4814 
1795 4809 4654 
1796 4957 
1797 4411 
1798 4830 
1799 4853 4909 
1800 4629 
1801 4872 
1802 4991 
1803 4940 
1804 4933 
1805 4997 
1806 4907 
1807 4975 
1808 4629 
1809 4975 
1810 4966 
1811 3933 
1812 4971 
1813 4961 
1814 4124 
1815 4998 
1816 4124 
1817 4872 
1818 4541 4838 
1819 4492 
1820 4966 
1821 4882 
1822 4838 
1823 3933 
1824 4837 
1825 4954 
1826 4695 
1827 4991 
1828 4929 
1829 4990 
1830 3922 
1831 4858 
1832 4814 
1833 4991 
1834 4858 
1835 4723 4988 
1836 1836 
1837 4462 
1838 4723 
1839 4945 
1840 4996 
1841 4953 
1842 4908 
1843 4948 
1844 3621 4872 
1845 4966 
1846 3915 4859 
1847 4991 
1848 4999 
1849 4968 
1850 4957 4983 
1851 4571 
1852 4979 
1853 4991 
1854 4998 
1855 4838 
1856 4311 
1857 4795 
1858 3621 
1859 4815 
1860 4654 
1861 4968 
1862 4816 
1863 4845 
1864 3965 
1865 4962 
1866 4934 4541 3301 
1867 1867 
1868 4992 
1869 4795 
1870 4579 
1871 3915 
1872 4809 2116 
1873 4512 
1874 4816 
1875 4931 
1876 4860 
1877 4382 
1878 4933 
1879 4629 
1880 4720 
1881 3662 
1882 4961 
1883 4654 
1884 4845 
1885 4853 3662 4654 
1886 4584 
1887 4975 
1888 4949 4223 4541 
1889 4654 4968 
1890 4043 
1891 4843 
1892 4165 4966 
1893 4729 
1894 4774 
1895 4968 
1896 4840 
1897 4963 
1898 4962 
1899 3922 4283 4962 
1900 4629 4704 
1901 4838 
1902 4975 
1903 4704 
1904 4990 
1905 4654 
1906 4978 
1907 4116 
1908 4797 
1909 4907 
1910 4445 4853 
1911 4954 
1912 4774 4654 4845 
1913 4995 
1914 4978 
1915 4838 
1916 4816 
1917 4043 
1918 4992 
1919 4872 
1920 4988 
1921 4596 
1922 4945 
1923 4311 4993 4339 
1924 4979 
1925 4949 
1926 1429 
1927 4721 
1928 4838 
1929 4996 
1930 4995 
1931 4882 
1932 4795 
1933 4881 4512 
1934 4902 
1935 4682 
1936 4998 
1937 4987 
1938 4995 4983 
1939 4233 
1940 4978 
1941 4853 
1942 4992 4721 2570 
1943 4996 
1944 4933 
1945 4682 
1946 3662 
1947 4720 
1948 4635 
1949 4546 
1950 4853 4858 4931 
1951 4306 
1952 4872 4949 
1953 4596 
1954 4931 
1955 4314 
1956 4812 
1957 4654 
1958 4991 
1959 4723 
1960 4881 
1961 4838 4777 4933 
1962 4837 
1963 3662 
1964 4772 4858 
1965 4908 
1966 4382 
1967 1867 
1968 4954 
1969 4903 
1970 4902 
1971 4994 
1972 4858 
1973 4820 
1974 4445 
1975 4629 
1976 4677 
1977 4978 
1978 4654 4521 
1979 4847 
1980 4306 
1981 4939 
1982 4723 
1983 3965 
1984 3965 
1985 4992 
1986 4411 4860 4707 
1987 4993 
1988 4949 
1989 4815 
1990 4882 
1991 2570 
1992 4492 
1993 4596 
1994 4922 
1995 4923 
1996 4914 
1997 4853 
1998 4962 
1999 4809 4966 4843 
2000 4662 
2001 4682 
2002 4814 
2003 4682 4521 
2004 4971 
2005 4445 
2006 4306 
2007 4975 
2008 4860 
2009 4882 4845 4445 
2010 4953 
2011 4704 
2012 4725 4629 4955 
2013 4999 4949 4907 4223 
2014 4492 
2015 4858 
2016 4999 
2017 4998 
2018 4815 
2019 4043 
2020 4604 
2021 4996 
2022 4043 
2023 4772 
2024 4265 
2025 4604 
2026 4774 
2027 4629 
2028 4881 4667 4907 
2029 4994 
2030 1429 
2031 4808 
2032 4910 
2033 4872 
2034 4994 
2035 4858 
2036 4043 
2037 4677 
2038 4882 
2039 4907 
2040 4810 
2041 4958 
2042 4845 
2043 4860 
2044 4999 
2045 4589 
2046 4948 
2047 3933 4903 
2048 4939 
2049 4949 
2050 4629 
2051 3712 
2052 3933 
2053 4378 
2054 4707 
2055 4908 
2056 3621 
2057 4579 
2058 4795 
2059 4707 
2060 4922 
2061 4997 
2062 4881 
2063 4881 
2064 4939 
2065 4956 
2066 4858 
2067 3933 
2068 4929 
2069 4311 
2070 4961 
2071 4953 
2072 4882 
2073 3922 
2074 4996 
2075 4043 4858 4233 4902 4993 
2076 4995 
2077 4729 
2078 4894 
2079 3933 
2080 4940 
2081 4971 
2082 4962 
2083 4966 
2084 4933 4795 4961 
2085 4853 
2086 4955 
2087 4512 
2088 4682 
2089 4809 
2090 4996 
2091 4797 
2092 4872 
2093 4995 
2094 4809 
2095 4654 3662 4997 
2096 4933 
2097 4934 
2098 4704 4233 4860 
2099 4979 
2100 4991 
2101 4994 
2102 4987 
2103 4922 
2104 4837 4933 4512 4339 
2105 4816 
2106 4933 
2107 4993 
2108 4654 
2109 4721 
2110 4772 4945 
2111 4881 4043 
2112 4589 
2113 4339 
2114 4729 
2115 4847 
2116 2116 
2117 3609 
2118 4795 
2119 3975 
2120 4223 
2121 4662 
2122 4579 
2123 4809 
2124 4809 
2125 4979 
2126 4968 
2127 4411 
2128 4837 
2129 4124 
2130 4996 
2131 4797 
2132 4635 
2133 4953 4720 
2134 4721 
2135 3933 
2136 4902 
2137 4971 
2138 4995 
2139 4881 
2140 4956 
2141 4910 
2142 4845 
2143 4445 
2144 4470 
2145 4978 
2146 4908 
2147 4881 
2148 4903 
2149 4966 
2150 4667 
2151 4949 
2152 4991 
2153 4729 
2154 4515 
2155 4910 
2156 3662 
2157 3120 
2158 4797 4814 4971 
2159 4953 
2160 4979 
2161 4992 
2162 4635 
2163 4283 
2164 4940 
2165 4971 
2166 4777 
2167 4958 
2168 2570 
2169 4940 
2170 4908 
2171 4955 
2172 4858 
2173 4445 
2174 4907 
2175 4958 
2176 4954 
2177 4996 
2178 4311 
2179 2179 3988 
2180 4339 
2181 4962 4462 4955 4957 
2182 4695 
2183 3120 
2184 4961 1483 3621 4723 
2185 4815 
2186 4940 
2187 4999 
2188 3915 
2189 4156 
2190 4860 
2191 3609 3301 
2192 4729 
2193 4814 
2194 4902 4881 4677 
2195 4939 4677 
2196 4949 
2197 4958 
2198 4966 
2199 4814 
2200 4378 
2201 4025 
2202 4994 
2203 4138 
2204 4966 
2205 4931 
2206 4482 
2207 4853 4888 4971 
2208 4815 
2209 3712 
2210 4992 
2211 4933 
2212 4958 4810 4512 4814 
2213 4929 
2214 4777 
2215 4445 
2216 4729 
2217 4997 4306 3621 4837 
2218 4881 
2219 4820 
2220 4961 
2221 4931 
2222 4934 
2223 4979 
2224 4872 
2225 4820 4843 
2226 4816 
2227 4996 
2228 4991 4995 4541 
2229 4872 4949 
2230 4677 
2231 4949 
2232 4833 
2233 4872 
2234 4957 
2235 4988 
2236 4327 
2237 4306 
2238 4979 
2239 4949 
2240 4858 
2241 4720 
2242 4968 4872 3662 4949 
2243 4923 
2244 4963 
2245 4165 
2246 4908 
2247 4860 4498 
2248 4515 
2249 4858 
2250 4306 
2251 3621 
2252 4777 
2253 4909 
2254 4978 
2255 4774 
2256 4677 
2257 4436 
2258 4998 
2259 4707 
2260 4894 
2261 4962 
2262 4955 
2263 4907 
2264 4838 4997 4993 
2265 4490 3120 4759 
2266 4968 
2267 3609 
2268 4677 
2269 4265 
2270 4809 
2271 4907 4931 4515 4853 
2272 4961 
2273 4654 
2274 4809 
2275 4992 
2276 4840 
2277 4991 
2278 4876 
2279 4992 
2280 4339 
2281 4847 
2282 4999 
2283 4881 
2284 4994 
2285 4881 
2286 4914 
2287 4809 
2288 4847 
2289 4837 4987 
2290 4723 4914 
2291 4872 
2292 4881 
2293 4996 
2294 4995 
2295 4939 
2296 4956 
2297 4989 
2298 4997 
2299 4156 
2300 4983 
2301 4306 
2302 4910 
2303 3915 
2304 4894 
2305 4654 
2306 4378 
2307 4992 
2308 4888 
2309 4774 
2310 4961 
2311 4940 
2312 4306 
2313 4662 
2314 4949 2452 
2315 4990 
2316 4485 4994 3975 
2317 4682 
2318 4541 
2319 4894 
2320 4990 
2321 4777 
2322 4662 
2323 4997 
2324 4720 
2325 4949 
2326 4546 
2327 4939 
2328 4596 
2329 4962 
2330 4043 
2331 4311 
2332 4772 
2333 3662 
2334 4881 
2335 4872 
2336 2452 
2337 3965 
2338 4910 
2339 4971 4515 
2340 4923 
2341 4579 
2342 4116 
2343 4378 
2344 4994 4306 4704 
2345 4953 
2346 2452 
2347 4860 
2348 4975 
2349 4957 
2350 4881 4994 
2351 4116 
2352 3662 
2353 4820 
2354 4382 
2355 3933 
2356 4629 
2357 4971 4043 
2358 4774 
2359 4949 
2360 4997 
2361 4138 
2362 4838 
2363 4860 
2364 4949 
2365 4994 
2366 4940 
2367 4490 
2368 4695 
2369 4995 
2370 4720 
2371 4989 
2372 1429 
2373 4910 
2374 3915 
2375 4909 
2376 3922 
2377 4704 
2378 4311 
2379 4903 
2380 4991 
2381 4541 
2382 4043 
2383 4934 
2384 4961 
2385 3915 
2386 3933 
2387 4809 
2388 4808 4810 4445 
2389 4939 
2390 4955 
2391 4990 
2392 4907 
2393 4995 1429 4908 
2394 4933 
2395 4482 
2396 3922 
2397 1429 
2398 4635 
2399 4485 
2400 4704 
2401 4882 
2402 4979 
2403 4138 
2404 4845 
2405 4795 
2406 3922 
2407 4783 
2408 4882 
2409 4853 
2410 4485 
2411 4907 
2412 4955 
2413 4470 
2414 4881 4957 4934 
2415 4845 
2416 4872 4541 
2417 2452 
2418 4124 
2419 4512 
2420 4723 
2421 3662 
2422 4165 4314 
2423 4809 
2424 3712 
2425 4940 
2426 3922 
2427 4908 
2428 4314 
2429 4998 
2430 4720 3621 
2431 4721 4931 4966 4858 
2432 4816 
2433 4579 
2434 4979 
2435 4838 
2436 4971 
2437 4990 
2438 4860 
2439 4907 
2440 4654 
2441 4485 
2442 4830 
2443 4994 
2444 4994 
2445 4948 
2446 4043 
2447 4931 
2448 4914 
2449 4893 
2450 3922 
2451 4677 
2452 2452 
2453 3662 
2454 4327 
2455 4990 4772 
2456 4931 
2457 4993 
2458 4939 
2459 3301 4845 
2460 4957 
2461 4990 
2462 4327 
2463 4772 
2464 4838 
2465 4991 
2466 4288 
2467 4929 
2468 4311 
2469 4939 
2470 4584 
2471 4957 
2472 4596 
2473 4596 
2474 4541 
2475 4830 
2476 4721 
2477 4860 
2478 4314 
2479 4654 
2480 4492 
2481 4462 
2482 4997 
2483 4541 4963 4881 3621 
2484 4881 
2485 4876 
2486 4165 
2487 4838 
2488 4954 
2489 4996 4723 4695 4990 
2490 4265 
2491 4515 3933 
2492 4311 
2493 4993 
2494 4512 4768 
2495 4223 
2496 4998 
2497 4872 
2498 4604 
2499 4987 
2500 4908 
2501 4991 
2502 4983 
2503 4978 
2504 4956 
2505 4654 
2506 4914 4966 
2507 4654 
2508 4025 
2509 4720 
2510 4833 
2511 4902 
2512 4596 
2513 4979 
2514 4903 
2515 4816 
2516 4997 
2517 4872 
2518 4838 
2519 4894 
2520 4847 
2521 4907 
2522 4860 4306 
2523 4043 
2524 4910 
2525 4777 
2526 4987 
2527 4843 
2528 4124 
2529 4833 
2530 4138 
2531 4723 
2532 4931 
2533 4837 
2534 4629 
2535 4914 
2536 4994 
2537 4521 4635 4845 4991 
2538 4931 
2539 4940 
2540 4339 
2541 4843 
2542 4975 
2543 4961 
2544 3301 
2545 4907 
2546 4922 
2547 4571 4604 4695 
2548 4311 
2549 4116 
2550 4774 
2551 4858 4147 4725 4662 4945 4833 
2552 3712 
2553 4327 
2554 4999 
2555 3933 
2556 4470 
2557 4987 4995 3662 
2558 4704 
2559 4958 
2560 4989 
2561 4512 
2562 3922 
2563 4978 
2564 4910 
2565 4962 
2566 4783 
2567 4462 
2568 4845 
2569 4968 
2570 2570 
2571 4629 2116 4654 
2572 4996 
2573 4994 
2574 4025 
2575 4954 
2576 4858 
2577 4908 
2578 4966 
2579 4838 
2580 4845 4876 4515 4138 4945 
2581 4949 4940 
2582 4810 4025 4635 4462 
2583 4872 
2584 4994 
2585 4999 
2586 4939 
2587 3933 
2588 3975 
2589 4541 
2590 4596 
2591 4909 
2592 4914 
2593 4810 
2594 4858 4043 4596 
2595 4512 
2596 4840 
2597 4629 
2598 4907 
2599 4830 
2600 4797 
2601 4853 
2602 4961 4881 4858 4983 
2603 4910 
2604 4961 
2605 4725 4723 4931 4482 
2606 4814 
2607 4933 
2608 4596 4838 
2609 4995 
2610 4995 
2611 4654 
2612 3975 4894 4953 3301 
2613 4933 
2614 4783 
2615 4914 
2616 3662 
2617 4809 
2618 4872 
2619 4436 
2620 4843 
2621 4707 
2622 4635 
2623 4820 4124 3915 
2624 4914 
2625 4995 
2626 4768 
2627 4512 4958 
2628 4903 
2629 4962 
2630 4996 
2631 4858 
2632 4482 
2633 4635 
2634 4838 3988 4378 
2635 4881 
2636 3621 
2637 4445 
2638 4997 
2639 4922 
2640 4933 
2641 4629 
2642 4881 
2643 4907 
2644 4662 
2645 4994 4893 3301 
2646 4629 
2647 4783 
2648 4910 
2649 4795 
2650 4541 4934 4485 4881 4955 
2651 4314 3120 4445 4858 
2652 4795 
2653 4914 
2654 4966 
2655 4810 
2656 4994 
2657 4881 
2658 4902 
2659 4961 
2660 4995 
2661 4966 
2662 4809 
2663 4907 
2664 4720 
2665 4704 
2666 4860 
2667 4933 
2668 3609 
2669 4872 
2670 4860 
2671 4995 
2672 4894 
2673 4945 
2674 4872 
2675 4512 
2676 4541 
2677 4914 
2678 4962 
2679 4933 
2680 4881 
2681 4768 
2682 4847 
2683 4797 
2684 4777 
2685 4411 
2686 4978 
2687 4571 
2688 4940 
2689 4378 
2690 3915 
2691 4957 
2692 4903 
2693 2570 
2694 4704 
2695 4816 
2696 4990 
2697 4124 
2698 4888 
2699 4907 
2700 4445 
2701 4903 
2702 4853 
2703 4968 
2704 4955 
2705 3988 
2706 4992 
2707 4966 
2708 4720 
2709 4774 
2710 4165 
2711 3301 
2712 4797 
2713 3922 
2714 4654 
2715 4723 
2716 4808 
2717 4845 4677 4971 4311 4961 4682 
2718 4934 
2719 4311 
2720 4847 
2721 4963 
2722 4311 
2723 4903 
2724 4953 
2725 3965 
2726 4995 4872 3933 
2727 4910 
2728 3662 
2729 4124 
2730 3933 
2731 4725 
2732 4814 
2733 4629 
2734 3301 
2735 4893 
2736 1429 4940 4812 4482 
2737 4816 
2738 4470 
2739 4999 
2740 4997 
2741 4903 
2742 4948 
2743 4768 
2744 4940 
2745 4971 
2746 4894 
2747 4934 
2748 4940 
2749 4962 
2750 4810 
2751 3975 
2752 3965 
2753 4833 
2754 4994 
2755 4306 
2756 4931 
2757 4909 
2758 4931 
2759 4654 
2760 4893 
2761 4971 4147 4677 4233 4797 4894 
2762 4914 
2763 3621 
2764 4498 
2765 4662 
2766 4975 
2767 4994 
2768 4840 
2769 4881 4314 4704 
2770 4909 
2771 4853 
2772 4283 
2773 4907 
2774 4629 4954 
2775 4991 4908 4707 4888 
2776 4940 4814 
2777 4541 
2778 4339 
2779 4682 
2780 4233 
2781 4288 
2782 4995 4512 4837 4954 
2783 4991 
2784 4939 
2785 4462 
2786 4931 
2787 4311 
2788 4721 4966 4990 
2789 4987 
2790 4815 
2791 4654 4759 4482 4872 
2792 4953 4777 4116 
2793 4995 
2794 3975 
2795 4971 4922 3287 
2796 4853 4223 4956 4888 
2797 4311 4872 4955 
2798 3965 
2799 4470 4814 4283 
2800 4963 
2801 4843 
2802 4541 
2803 3922 
2804 4810 
2805 3922 
2806 4882 
2807 4999 
2808 4940 
2809 3975 
2810 4881 
2811 4723 
2812 4910 
2813 4859 
2814 4939 
2815 4993 
2816 4963 
2817 4382 
2818 4853 
2819 4991 
2820 4847 
2821 4909 
2822 3988 
2823 4881 4872 
2824 4809 
2825 4994 
2826 4876 4314 4991 4858 4907 4998 
2827 4845 
2828 4933 
2829 4882 
2830 4914 
2831 4931 
2832 4860 4147 
2833 4957 
2834 4635 
2835 1429 
2836 4953 
2837 4596 
2838 4654 4881 4860 
2839 4956 
2840 4265 
2841 4677 4853 
2842 4816 
2843 4990 
2844 4723 
2845 4903 
2846 4990 
2847 4809 
2848 4327 
2849 4759 
2850 4968 
2851 2570 
2852 4903 
2853 4795 
2854 4596 
2855 4858 
2856 4654 
2857 4945 
2858 4994 
2859 4777 
2860 4992 
2861 4948 
2862 4909 
2863 4993 
2864 4845 4966 4165 
2865 4934 
2866 4949 
2867 4908 
2868 4720 
2869 4589 
2870 4512 
2871 4515 
2872 4962 
2873 4729 
2874 4996 
2875 4339 4955 
2876 4436 
2877 4853 
2878 4968 
2879 4265 4283 4541 4783 
2880 4546 4772 
2881 4808 
2882 4677 
2883 4934 
2884 4988 
2885 4983 
2886 4963 
2887 3922 
2888 4809 
2889 2570 
2890 4814 
2891 4893 
2892 4991 
2893 4579 
2894 3988 
2895 3988 
2896 4993 
2897 4979 
2898 4940 
2899 4903 
2900 4546 
2901 4845 
2902 4492 
2903 4983 
2904 3965 
2905 4311 
2906 4966 
2907 4025 
2908 4853 
2909 4816 
2910 4953 
2911 4997 
2912 4881 
2913 4923 
2914 4635 
2915 4327 
2916 4908 
2917 4940 
2918 3965 
2919 4894 
2920 4910 3915 4774 4677 
2921 4881 
2922 4907 
2923 4978 
2924 4955 
2925 4881 4654 4910 
2926 4816 
2927 4968 
2928 4971 
2929 3301 
2930 4635 
2931 4571 
2932 4815 
2933 4923 
2934 4979 
2935 4997 
2936 4858 
2937 4382 
2938 4786 
2939 4922 
2940 4971 
2941 4995 
2942 4339 3933 4314 4968 4721 
2943 4933 
2944 4909 
2945 4025 
2946 2116 
2947 4704 
2948 4704 
2949 4288 
2950 4667 
2951 4907 
2952 4860 
2953 4725 
2954 4604 
2955 4958 
2956 4994 
2957 4995 
2958 4949 4996 4223 4971 4968 
2959 4512 
2960 4445 
2961 4165 
2962 4707 
2963 4704 
2964 4962 
2965 4954 
2966 4903 
2967 4797 
2968 4596 
2969 4816 
2970 4962 
2971 4914 
2972 4838 4482 4914 
2973 3621 
2974 4979 1429 4720 
2975 4872 
2976 4894 
2977 4327 
2978 4894 
2979 4721 
2980 4949 
2981 4940 
2982 4957 
2983 4968 
2984 4996 
2985 4579 4725 4853 3922 
2986 4949 
2987 4994 
2988 4629 
2989 4933 
2990 4882 
2991 4584 
2992 4777 
2993 4910 
2994 4978 4470 
2995 4521 
2996 4820 
2997 4971 
2998 4816 
2999 4994 4165 4909 
3000 4695 
3001 4966 
3002 3915 
3003 4546 
3004 3933 
3005 4914 3287 3662 4677 4786 
3006 3287 
3007 4971 
3008 4837 4490 
3009 4903 
3010 4704 
3011 4995 
3012 4156 
3013 4816 
3014 4881 
3015 4907 
3016 4949 
3017 4859 
3018 3301 
3019 4988 
3020 4830 
3021 4720 
3022 4704 4695 4156 
3023 4903 
3024 4521 4940 
3025 4837 
3026 4043 
3027 4314 
3028 4723 4629 4695 4881 
3029 4837 
3030 4954 
3031 4940 
3032 4845 
3033 4579 
3034 4265 
3035 4881 
3036 4512 
3037 4966 
3038 4948 
3039 4902 
3040 4858 
3041 4888 
3042 4436 
3043 4725 4940 2452 4922 4845 4953 4882 
3044 4903 
3045 4933 
3046 4990 
3047 4983 
3048 4968 
3049 4723 4541 4512 
3050 4378 3922 4956 4888 4579 
3051 4940 
3052 4953 
3053 4306 
3054 4482 
3055 4909 
3056 4996 4994 4512 
3057 4485 
3058 4541 4677 4810 4809 4966 
3059 4116 
3060 4908 
3061 4720 
3062 4963 
3063 4462 
3064 4635 
3065 4955 
3066 4116 
3067 4311 
3068 4949 4327 4306 3922 4311 4931 
3069 4922 
3070 4470 
3071 4994 4966 4909 4968 
3072 4954 
3073 4436 
3074 4948 
3075 4723 4838 
3076 4997 
3077 4492 
3078 4223 
3079 4314 
3080 4729 
3081 4971 
3082 3915 4954 4991 4116 4983 4795 
3083 4853 
3084 4490 
3085 4695 
3086 1836 3933 
3087 4931 
3088 4833 
3089 4853 
3090 4888 
3091 4968 
3092 4994 
3093 4845 
3094 4882 
3095 4596 
3096 4837 
3097 4931 
3098 3609 4997 4339 4961 
3099 3621 
3100 4721 
3101 4995 
3102 4961 
3103 4704 
3104 4993 
3105 4721 
3106 4968 
3107 4882 
3108 4987 3933 
3109 4288 
3110 4940 
3111 4853 
3112 4382 
3113 4961 
3114 3662 
3115 4490 
3116 4996 
3117 4940 
3118 4725 
3119 4893 
3120 3120 
3121 4940 
3122 4968 4843 4961 
3123 4894 
3124 4667 
3125 4521 
3126 4043 
3127 3712 
3128 4996 
3129 4948 
3130 4999 
3131 4953 
3132 4988 
3133 4541 
3134 4723 
3135 4975 
3136 4759 
3137 4768 
3138 4843 
3139 4843 
3140 4723 
3141 4858 
3142 4843 
3143 4907 
3144 4968 
3145 4820 
3146 4907 
3147 4723 
3148 4882 
3149 4843 
3150 4939 4954 
3151 4893 
3152 4025 
3153 4845 
3154 4903 
3155 4987 
3156 4654 
3157 4979 
3158 3609 
3159 4667 
3160 4933 
3161 4993 
3162 4654 
3163 4490 
3164 4853 
3165 4233 
3166 3965 
3167 4629 
3168 3965 
3169 4872 
3170 4485 
3171 4654 
3172 4512 
3173 4872 
3174 4584 
3175 4971 
3176 4940 4682 
3177 4876 
3178 4978 
3179 4872 3662 4512 4888 
3180 4378 
3181 4025 
3182 4837 
3183 4949 
3184 4596 
3185 4808 
3186 4165 
3187 4983 
3188 4445 
3189 4288 
3190 4939 
3191 4910 
3192 4797 
3193 4962 
3194 4445 3965 4881 
3195 4816 
3196 4810 
3197 4872 
3198 4971 
3199 4147 
3200 4888 4596 4629 4667 4882 
3201 4958 
3202 3301 4881 4934 4963 
3203 4596 
3204 4961 
3205 4725 
3206 4968 
3207 4962 
3208 4306 4512 4931 4723 4983 
3209 4962 
3210 4812 
3211 4988 
3212 4809 4996 4903 
3213 4485 
3214 4820 
3215 4998 
3216 3915 
3217 4411 
3218 4589 
3219 4907 
3220 4233 
3221 4654 
3222 4546 
3223 4462 
3224 4968 
3225 4954 
3226 4860 
3227 4914 
3228 4931 4783 4327 4485 4116 
3229 4677 
3230 4931 
3231 4795 
3232 4991 
3233 3621 4971 4462 4933 4124 
3234 4971 
3235 4998 
3236 4838 4704 4914 4629 4311 4994 
3237 4786 
3238 4411 
3239 4695 
3240 4411 4233 
3241 4445 
3242 4723 
3243 4772 
3244 4838 
3245 3922 
3246 4994 4997 3988 
3247 4933 
3248 4968 
3249 4729 
3250 4990 
3251 4940 
3252 4596 
3253 4837 4966 4445 4579 
3254 2452 
3255 4820 
3256 4903 
3257 4975 
3258 4958 
3259 2452 
3260 4940 
3261 4306 
3262 4858 3120 
3263 4541 
3264 4725 
3265 4953 
3266 2452 4998 
3267 4949 
3268 4837 4996 4881 4721 4847 4306 
3269 4971 
3270 4961 
3271 4521 4882 
3272 4979 
3273 4987 
3274 4907 
3275 4810 
3276 4820 
3277 4888 
3278 2116 
3279 4858 
3280 3988 4311 4903 4923 4894 4996 
3281 4288 
3282 4629 
3283 4382 
3284 4512 
3285 4997 
3286 4988 4306 4957 
3287 3287 2452 
3288 4837 
3289 4512 
3290 4774 
3291 4966 
3292 4971 
3293 4860 
3294 4521 4838 4306 
3295 4971 
3296 4843 
3297 4881 
3298 4845 
3299 4992 
3300 4541 
3301 3301 
3302 4949 
3303 4860 
3304 4704 
3305 4872 4940 4975 
3306 4783 
3307 4934 
3308 4843 
3309 4783 
3310 4876 
3311 4914 
3312 4498 
3313 4411 
3314 4772 4579 4975 4931 
3315 4830 
3316 4604 
3317 4958 
3318 4845 
3319 4991 
3320 4910 
3321 4311 
3322 4541 
3323 4512 
3324 4306 4436 4989 
3325 4971 
3326 4682 
3327 4910 
3328 4629 
3329 3922 
3330 4265 
3331 4954 
3332 4958 
3333 4838 
3334 3933 
3335 3662 
3336 4498 
3337 4138 
3338 4968 
3339 4815 
3340 4759 
3341 4654 
3342 4956 
3343 3922 
3344 4994 3287 
3345 4993 
3346 4907 
3347 4956 
3348 4378 4306 
3349 4987 
3350 4940 
3351 4989 
3352 4940 
3353 4512 
3354 4707 
3355 4997 
3356 4953 
3357 4165 
3358 3933 
3359 4654 
3360 4816 
3361 4954 
3362 4288 
3363 4629 
3364 4987 
3365 4723 
3366 4939 
3367 4838 
3368 4914 
3369 4723 
3370 4987 
3371 2452 
3372 4541 
3373 4962 
3374 4966 
3375 4436 
3376 4667 
3377 4411 
3378 4138 
3379 4975 
3380 3662 
3381 4858 
3382 4939 
3383 4955 
3384 4265 
3385 4306 
3386 4956 
3387 4929 
3388 4859 
3389 4978 
3390 4894 
3391 4677 
3392 4845 
3393 4339 
3394 4872 
3395 4515 
3396 4992 4858 4939 
3397 4999 
3398 3662 
3399 4893 
3400 3975 
3401 4677 
3402 4725 
3403 4772 
3404 4147 4515 
3405 4512 
3406 4498 4978 4725 
3407 3662 4860 4604 4498 3120 4876 
3408 4966 
3409 4840 
3410 4860 
3411 4996 
3412 4881 
3413 4860 
3414 4847 
3415 4933 
3416 4933 
3417 4922 
3418 1429 
3419 4888 
3420 4720 
3421 4956 
3422 4720 
3423 4882 
3424 4721 
3425 4961 
3426 4584 
3427 3933 
3428 4541 
3429 4914 
3430 4962 
3431 4667 
3432 2116 
3433 4987 
3434 4958 
3435 4931 
3436 4908 
3437 4914 
3438 4914 
3439 4635 4772 4579 4990 3712 
3440 4629 
3441 4815 
3442 4968 
3443 4596 
3444 4893 
3445 4233 
3446 4876 
3447 4903 
3448 4953 
3449 4816 
3450 4512 
3451 4881 
3452 4311 
3453 4881 
3454 4654 
3455 4837 
3456 4945 
3457 4894 
3458 4962 
3459 4954 
3460 4882 
3461 4853 
3462 3662 
3463 4596 
3464 1429 
3465 4490 
3466 4759 
3467 4786 
3468 4654 4987 
3469 4327 
3470 4314 4725 
3471 4156 
3472 4723 4436 4987 
3473 4983 
3474 4858 
3475 4882 
3476 4954 
3477 4837 
3478 4893 
3479 4929 
3480 4971 
3481 4759 
3482 4939 
3483 3922 
3484 4814 
3485 4979 
3486 4629 
3487 4604 
3488 4721 
3489 4987 
3490 3662 
3491 4995 
3492 3609 
3493 4992 
3494 4654 
3495 4987 
3496 4910 
3497 3915 
3498 4492 
3499 4165 
3500 4721 
3501 4810 
3502 4872 
3503 4816 
3504 4991 
3505 4589 
3506 4283 
3507 4859 
3508 4997 
3509 4629 
3510 4914 
3511 4654 
3512 4995 
3513 4953 
3514 4971 
3515 4723 4968 4931 4962 
3516 4816 4306 4838 
3517 4934 
3518 4923 
3519 4725 
3520 4978 
3521 4971 
3522 4983 
3523 4968 
3524 4979 
3525 4043 
3526 4667 
3527 4910 
3528 4996 
3529 4966 
3530 4872 
3531 4858 
3532 4847 
3533 4378 
3534 4978 
3535 4382 4233 
3536 4990 
3537 4975 
3538 4971 
3539 4382 
3540 3662 
3541 4966 
3542 4809 
3543 4997 
3544 4837 
3545 4961 
3546 4983 
3547 4945 
3548 4934 
3549 4934 
3550 4816 4025 
3551 4902 
3552 4997 
3553 4707 
3554 4987 
3555 4945 
3556 4933 
3557 2116 4233 4843 
3558 4541 
3559 4858 
3560 4812 
3561 4845 3621 
3562 4306 
3563 4833 
3564 4934 
3565 4908 
3566 4283 
3567 4306 
3568 4462 
3569 4953 
3570 4968 
3571 3609 
3572 4998 
3573 4931 
3574 4975 
3575 4922 
3576 3915 
3577 4311 
3578 3621 
3579 4808 
3580 4720 
3581 4490 
3582 4695 
3583 4933 
3584 4903 
3585 4043 
3586 4777 
3587 4677 
3588 4306 
3589 4571 
3590 4979 
3591 4934 
3592 4954 
3593 4311 
3594 4963 
3595 4768 
3596 4845 
3597 4940 
3598 4704 4311 4958 3975 4814 
3599 3120 
3600 4992 
3601 4945 
3602 4306 4462 
3603 4378 4654 3609 
3604 4966 4378 4721 4956 
3605 4995 
3606 4995 
3607 4881 
3608 4223 4812 
3609 3609 
3610 4845 
3611 4223 
3612 4124 
3613 4838 
3614 4808 
3615 4843 
3616 2452 4934 4124 
3617 4521 
3618 4470 
3619 4991 
3620 4933 4677 4772 4858 4808 
3621 3621 
3622 4963 
3623 4971 
3624 4667 
3625 4707 
3626 4876 
3627 4490 
3628 4156 
3629 4859 
3630 4837 
3631 4306 
3632 4490 
3633 4795 4838 4596 4288 4872 
3634 4858 
3635 4759 
3636 4411 
3637 4797 
3638 4541 
3639 4872 
3640 4971 1429 4838 
3641 4820 
3642 4725 
3643 4695 
3644 4809 
3645 4720 
3646 4695 
3647 3621 
3648 3712 
3649 4445 
3650 4903 
3651 4888 
3652 4445 
3653 4814 
3654 4993 
3655 4971 4990 4902 
3656 4939 
3657 4378 4860 4847 
3658 4808 
3659 4786 
3660 3301 
3661 4957 
3662 3662 
3663 4795 
3664 4795 
3665 4956 
3666 4411 
3667 4934 
3668 4902 
3669 4996 
3670 4411 
3671 4994 
3672 4975 
3673 4859 
3674 4723 
3675 4838 
3676 4720 2452 4961 
3677 4720 4378 4994 
3678 4966 
3679 3915 
3680 4949 4997 
3681 4515 
3682 4314 
3683 4797 4838 4997 
3684 4667 
3685 4860 3965 4962 
3686 4759 
3687 4584 
3688 4795 
3689 4815 
3690 4858 
3691 4882 
3692 3301 
3693 4968 
3694 4872 
3695 4907 
3696 4820 
3697 4979 
3698 4933 
3699 4997 
3700 4931 
3701 4988 
3702 4707 
3703 4949 4147 
3704 4962 4025 4997 
3705 4720 
3706 4933 
3707 4931 
3708 4881 
3709 4682 
3710 4808 
3711 4978 
3712 3712 
3713 4860 
3714 4990 3988 4654 4968 4043 
3715 4991 
3716 4436 
3717 4725 
3718 4847 
3719 4983 
3720 4043 4882 
3721 4996 
3722 4677 
3723 4339 
3724 4966 
3725 4958 
3726 4948 
3727 4462 
3728 3621 4838 
3729 4991 
3730 4994 
3731 4991 4838 4993 
3732 4882 4914 3301 
3733 4909 
3734 4165 
3735 3120 
3736 4837 
3737 4314 
3738 4908 
3739 4876 
3740 4498 
3741 4795 
3742 4910 
3743 4903 
3744 4043 
3745 4156 
3746 4933 
3747 4820 
3748 4604 
3749 4853 
3750 4720 
3751 4933 
3752 4124 
3753 4953 
3754 4845 
3755 4961 
3756 4998 
3757 4914 4816 
3758 4445 
3759 4845 
3760 4957 
3761 4893 
3762 4025 
3763 4958 
3764 4954 
3765 3922 
3766 4988 
3767 4995 4961 
3768 4838 
3769 4893 
3770 4584 
3771 4579 
3772 4888 
3773 4975 
3774 4966 
3775 4888 
3776 4971 
3777 4888 
3778 4914 3922 4858 4596 
3779 3712 
3780 4961 
3781 4933 
3782 4993 
3783 4998 
3784 4165 
3785 4989 
3786 4929 
3787 4968 
3788 4847 
3789 4311 
3790 4704 
3791 4882 
3792 4810 
3793 2570 4956 4994 
3794 4840 
3795 4872 
3796 4809 
3797 4963 
3798 4955 
3799 4940 
3800 4987 
3801 4311 
3802 4838 
3803 4968 
3804 4816 
3805 4436 
3806 4682 
3807 4987 
3808 4882 
3809 4881 
3810 4963 
3811 4579 
3812 4910 
3813 4795 
3814 4888 
3815 4996 
3816 4958 
3817 4725 
3818 4975 
3819 4629 
3820 4814 
3821 4810 
3822 4845 
3823 4939 
3824 3922 
3825 4677 
3826 4858 
3827 4954 
3828 4838 
3829 3609 
3830 4991 
3831 4953 
3832 4954 
3833 4908 
3834 4339 
3835 4961 
3836 4809 
3837 4949 
3838 2452 
3839 4541 
3840 4847 
3841 4759 
3842 4888 
3843 4541 
3844 3922 
3845 4958 
3846 4979 
3847 4939 
3848 4979 
3849 4838 
3850 4723 
3851 4223 4311 4908 3933 
3852 4783 
3853 4596 
3854 4116 
3855 4881 
3856 4859 
3857 4940 
3858 4838 
3859 4940 
3860 4165 
3861 4445 
3862 4546 
3863 4783 
3864 4934 
3865 3662 
3866 3609 
3867 4940 
3868 4955 
3869 4840 
3870 4629 
3871 4882 
3872 4840 
3873 4983 
3874 4990 
3875 4903 
3876 4809 
3877 4492 
3878 4955 
3879 4894 
3880 4888 4635 4988 
3881 4931 
3882 4720 
3883 4596 
3884 4903 
3885 4233 
3886 3933 4971 4795 4546 
3887 4872 
3888 4667 
3889 4956 
3890 4966 
3891 4948 
3892 4707 
3893 4223 
3894 4759 
3895 4147 
3896 4768 
3897 4814 
3898 3662 
3899 4997 3988 4996 
3900 4858 
3901 4934 
3902 4596 
3903 4677 
3904 4909 
3905 4223 
3906 4311 4845 4908 
3907 4306 
3908 4962 
3909 4853 4339 4786 
3910 4515 
3911 4830 
3912 4914 
3913 4774 
3914 4958 
3915 3915 
3916 4999 
3917 4584 
3918 4838 
3919 4945 
3920 4968 
3921 3915 
3922 3922 
3923 4908 
3924 4888 
3925 4772 4629 4961 4795 
3926 4783 
3927 4810 
3928 4571 
3929 4983 
3930 4845 
3931 4635 
3932 4939 
3933 3933 
3934 4837 
3935 4723 
3936 4707 4958 
3937 4810 
3938 4968 
3939 4723 
3940 3933 
3941 4923 
3942 4837 
3943 4876 
3944 4774 
3945 4968 4949 4723 
3946 4933 
3947 4894 
3948 3662 
3949 4957 
3950 4994 
3951 4953 
3952 4872 4838 4963 
3953 4992 
3954 4910 
3955 4223 
3956 4945 
3957 4987 
3958 4837 
3959 4945 
3960 4777 
3961 4812 
3962 4677 
3963 4314 
3964 4910 
3965 3965 
3966 4629 
3967 4872 4859 4881 
3968 4838 
3969 4966 
3970 4968 
3971 3621 4853 4989 4998 
3972 4908 4858 4948 
3973 4462 
3974 4999 
3975 3975 
3976 4721 
3977 4604 
3978 4838 
3979 4894 
3980 4939 
3981 4882 
3982 4774 
3983 4515 3933 
3984 4996 
3985 3915 
3986 4809 
3987 4797 
3988 3988 
3989 4482 4909 4961 4993 
3990 4378 
3991 4939 
3992 4990 
3993 4306 
3994 4859 4971 4812 4966 
3995 4958 
3996 4997 
3997 4945 
3998 4043 
3999 4772 
4000 4990 
4001 4882 
4002 4165 4512 4998 4907 
4003 4945 
4004 4635 
4005 4923 
4006 4995 
4007 4378 
4008 4571 
4009 4992 
4010 4994 
4011 4662 
4012 4725 
4013 4847 
4014 4949 
4015 4837 
4016 4682 
4017 4810 3301 4723 
4018 4953 4723 4043 4795 
4019 4876 4968 4838 4948 
4020 4953 
4021 4894 
4022 4378 4837 4772 4948 
4023 4910 
4024 4840 
4025 4025 
4026 3922 
4027 4845 
4028 4954 
4029 4995 
4030 4978 
4031 4955 
4032 4956 
4033 4704 4956 4840 4124 
4034 4853 
4035 4910 
4036 4956 
4037 4629 
4038 4838 
4039 4571 
4040 4956 
4041 4968 
4042 4156 4723 4922 4957 4971 
4043 4043 
4044 4922 
4045 4816 
4046 4820 
4047 4288 
4048 4908 
4049 4138 
4050 4966 
4051 4838 4808 4955 4975 
4052 4881 
4053 4940 
4054 4963 
4055 4809 
4056 4958 
4057 4165 
4058 4956 
4059 4996 
4060 4847 
4061 4847 
4062 4116 
4063 3621 
4064 4993 
4065 4840 
4066 4971 
4067 4830 
4068 4485 
4069 4541 
4070 4993 
4071 4955 
4072 4994 
4073 4933 
4074 4953 
4075 4339 
4076 4306 
4077 4893 
4078 4882 
4079 4816 
4080 4957 
4081 4949 
4082 4704 
4083 4482 
4084 4893 
4085 4306 
4086 4894 
4087 4541 
4088 4955 
4089 4994 
4090 4541 
4091 4808 
4092 4837 
4093 4872 4956 4810 
4094 4830 
4095 4903 
4096 4961 
4097 4043 4914 4971 4812 4975 
4098 4725 
4099 4492 
4100 4306 
4101 4983 
4102 3662 
4103 4971 
4104 3662 
4105 2452 
4106 4723 
4107 3965 
4108 4948 
4109 4772 
4110 3933 
4111 4966 4147 4957 4860 
4112 4859 
4113 3662 
4114 4940 
4115 4962 
4116 4116 
4117 4589 
4118 4721 
4119 4809 4961 4816 4830 4991 
4120 4165 
4121 4902 
4122 4966 4116 4994 4987 
4123 4629 
4124 4124 
4125 4521 
4126 4853 
4127 3301 
4128 4858 
4129 4997 
4130 4768 
4131 4498 4847 4845 4934 4955 
4132 4954 
4133 4571 
4134 4997 
4135 4314 
4136 4975 
4137 4815 
4138 4138 
4139 4998 
4140 4934 
4141 4914 
4142 4840 
4143 4893 4485 4971 4963 4858 
4144 3287 4025 4838 4043 4124 
4145 4975 
4146 4954 
4147 4147 
4148 4907 
4149 4994 
4150 4584 
4151 4596 
4152 3915 
4153 4695 
4154 4987 
4155 4853 
4156 4156 
4157 4997 
4158 4783 
4159 4814 
4160 4311 
4161 4723 
4162 4860 
4163 4983 
4164 4311 
4165 4165 
4166 4888 
4167 4138 
4168 4436 
4169 4992 
4170 4720 4961 4987 4786 
4171 4903 
4172 4962 
4173 4888 
4174 4940 
4175 4997 
4176 4809 
4177 4579 
4178 4923 
4179 4521 4772 4725 4596 4992 
4180 4378 
4181 3975 
4182 4725 
4183 4994 
4184 4809 
4185 4589 
4186 4956 
4187 4882 4704 4654 4929 4994 
4188 4809 
4189 4940 
4190 4975 
4191 3662 
4192 4995 4958 4910 4968 4147 4996 
4193 4812 
4194 4667 
4195 2116 4931 4233 4654 4810 
4196 4949 
4197 4314 
4198 4990 
4199 4339 
4200 4929 
4201 4411 
4202 4853 
4203 4987 
4204 4994 
4205 4882 
4206 4968 
4207 4682 
4208 4957 
4209 4956 
4210 4156 4604 4667 4876 4907 
4211 4667 
4212 4720 
4213 4978 
4214 4482 
4215 4723 
4216 4843 
4217 4907 
4218 4996 
4219 4490 
4220 4809 
4221 4759 
4222 4579 
4223 4223 
4224 4978 
4225 4667 4881 4816 4995 4975 
4226 4629 
4227 4815 
4228 4902 
4229 4378 
4230 4931 
4231 1429 
4232 4971 
4233 4233 
4234 4311 
4235 4882 
4236 4987 4677 4490 4845 4910 4955 
4237 4966 
4238 4288 
4239 4723 4838 4996 4949 4894 
4240 4859 
4241 4859 
4242 4914 
4243 4774 
4244 4914 
4245 4858 
4246 4546 
4247 4482 4940 4853 4908 4914 4777 
4248 4955 
4249 4876 
4250 4914 
4251 4809 
4252 4933 
4253 4116 
4254 4840 
4255 4961 
4256 4845 
4257 4837 
4258 4962 
4259 4955 
4260 4721 
4261 4933 
4262 4629 
4263 4909 
4264 4876 
4265 4265 
4266 4876 
4267 4872 
4268 4961 
4269 4820 
4270 4707 
4271 4306 
4272 4629 
4273 4971 
4274 4339 
4275 3922 
4276 3975 
4277 4816 
4278 4961 
4279 4881 
4280 4968 
4281 4961 
4282 4860 
4283 4283 
4284 4223 
4285 3922 
4286 4992 
4287 4635 
4288 4288 
4289 4797 
4290 4933 
4291 4589 
4292 4975 
4293 4940 4922 4704 4983 4682 4971 
4294 4957 
4295 4940 
4296 4992 
4297 4837 
4298 4955 
4299 4979 
4300 2452 
4301 4833 
4302 4797 
4303 4995 
4304 4993 
4305 4939 
4306 4306 
4307 4962 
4308 3712 
4309 4989 
4310 4990 
4311 4311 
4312 4934 4858 4987 4445 4707 4979 
4313 4996 
4314 4314 
4315 4902 4907 4991 4929 4909 
4316 4579 
4317 4812 
4318 4994 
4319 4339 
4320 4853 
4321 4845 
4322 4265 
4323 4934 
4324 1429 
4325 4596 4933 4888 4987 4830 
4326 4994 
4327 4327 
4328 4971 
4329 4147 
4330 4882 
4331 4966 
4332 4635 
4333 4233 
4334 4314 
4335 4814 
4336 4783 
4337 4908 
4338 4838 
4339 4339 
4340 4265 3662 4949 4777 4786 
4341 4971 
4342 4845 
4343 4983 
4344 4988 
4345 3662 
4346 4882 
4347 4993 
4348 4265 
4349 4682 
4350 4677 4940 4723 4809 4515 4314 
4351 4635 
4352 4971 1429 4881 4589 4910 4908 
4353 4971 
4354 4908 
4355 4462 
4356 4934 4933 4223 4815 4962 
4357 4902 
4358 4541 
4359 4872 
4360 4963 
4361 4306 
4362 4584 
4363 4584 
4364 4881 
4365 3621 
4366 4774 
4367 4949 
4368 4635 
4369 4939 
4370 4462 
4371 4579 
4372 4768 
4373 4667 
4374 4306 
4375 4845 
4376 4994 
4377 4971 
4378 4378 
4379 4872 
4380 4635 4759 4939 4999 4979 4961 
4381 4971 
4382 4382 
4383 4872 
4384 4596 
4385 4996 
4386 4872 4147 4888 4492 4707 4939 
4387 4908 
4388 4797 
4389 4815 
4390 4914 
4391 4929 
4392 4629 
4393 4948 
4394 4596 
4395 3662 
4396 4966 
4397 4881 
4398 4978 
4399 4541 
4400 4490 4881 4629 4990 4783 4894 
4401 4629 
4402 4963 
4403 4961 
4404 4955 
4405 4931 4958 4996 4830 
4406 4975 
4407 4768 
4408 4596 
4409 4908 
4410 4306 
4411 4411 
4412 4816 
4413 4882 
4414 4910 
4415 4994 
4416 4872 
4417 4962 
4418 4961 
4419 4934 
4420 4962 
4421 3915 
4422 4991 
4423 4682 
4424 4759 
4425 4888 
4426 4147 4996 
4427 4998 
4428 4934 
4429 4949 
4430 4596 
4431 4922 
4432 4931 
4433 4995 
4434 4314 
4435 4992 
4436 4436 
4437 4470 
4438 4949 
4439 4512 
4440 4723 
4441 4971 
4442 4667 
4443 4382 
4444 4629 4966 4411 4498 4729 4962 
4445 4445 
4446 4987 
4447 4314 
4448 4795 
4449 4838 4604 4579 3933 4654 
4450 4311 
4451 4909 
4452 4579 
4453 4876 
4454 4934 
4455 3609 
4456 4485 
4457 4934 
4458 4940 
4459 4812 
4460 4725 
4461 3933 
4462 4462 
4463 4939 
4464 4996 
4465 4729 
4466 4989 
4467 4546 
4468 4996 
4469 3712 
4470 4470 
4471 4786 
4472 4729 
4473 4882 
4474 3933 4997 4288 4725 4720 
4475 4812 
4476 4933 4990 4931 4704 4860 4940 
4477 3933 
4478 4922 
4479 4914 
4480 4723 4704 3662 4961 4786 4783 
4481 3621 4893 4795 4847 4579 4833 
4482 4482 
4483 4378 1429 2452 4723 4596 4908 
4484 4966 
4485 4485 
4486 4853 
4487 3933 4725 4629 3662 4546 
4488 4910 
4489 4485 
4490 4490 
4491 4677 4838 4795 4786 4992 
4492 4492 
4493 4909 4847 4939 4882 4682 4888 
4494 3922 
4495 4721 4987 4809 4445 4971 
4496 4677 4772 4872 4949 4859 4837 
4497 4810 
4498 4498 
4499 4956 
4500 4768 
4501 4933 
4502 4490 
4503 4910 
4504 4996 
4505 4994 
4506 4914 
4507 4882 
4508 4963 
4509 4999 
4510 4830 
4511 3933 
4512 4512 
4513 4949 
4514 4783 4948 4786 4934 4902 
4515 4515 
4516 4994 4837 4579 4955 4957 4492 
4517 4816 
4518 4635 
4519 4786 
4520 4989 
4521 4521 
4522 4894 
4523 4953 
4524 4994 
4525 4833 
4526 4907 
4527 4662 
4528 4809 
4529 4830 
4530 4314 
4531 4629 
4532 4999 
4533 4933 
4534 4910 
4535 4759 
4536 4882 
4537 4962 
4538 4704 
4539 4961 
4540 4579 
4541 4541 
4542 4979 
4543 4995 
4544 4872 
4545 4814 
4546 4546 
4547 4910 
4548 4978 
4549 4283 
4550 4283 
4551 4903 
4552 4515 
4553 4881 
4554 4759 
4555 4957 
4556 4635 
4557 4991 
4558 4961 
4559 4975 
4560 4677 4940 
4561 4147 
4562 4955 
4563 4872 
4564 4931 
4565 4888 
4566 4987 
4567 4997 
4568 4795 
4569 4654 1229 
4570 4858 
4571 4571 
4572 4546 3662 4949 4989 4954 
4573 4677 
4574 4939 
4575 4596 4445 4845 4940 4837 4485 
4576 4777 
4577 4311 4939 4521 2452 4876 4584 
4578 4677 
4579 4579 
4580 4953 
4581 4233 
4582 4940 4837 4306 4810 4902 4988 
4583 4723 
4584 4584 
4585 4940 
4586 4989 
4587 4882 
4588 4922 
4589 4589 
4590 4596 
4591 4858 
4592 4783 
4593 4859 
4594 4223 
4595 4786 
4596 4596 
4597 4987 
4598 4989 
4599 4492 
4600 4667 
4601 4994 
4602 4903 
4603 4695 
4604 4604 
4605 4768 
4606 4809 
4607 3933 4682 4814 4988 4759 4909 
4608 4983 
4609 4966 
4610 4894 
4611 4795 
4612 4795 
4613 4991 
4614 4223 
4615 4983 
4616 4853 
4617 4995 
4618 4837 
4619 4929 
4620 4934 
4621 4934 
4622 3922 
4623 4677 
4624 4957 
4625 4945 
4626 4723 
4627 4940 
4628 4859 
4629 4629 
4630 4957 
4631 4725 
4632 4840 
4633 4910 
4634 4830 
4635 4635 
4636 4987 
4637 4814 
4638 4994 
4639 4903 
4640 4723 
4641 4954 
4642 4138 
4643 3915 4975 4983 4339 4990 
4644 3621 4837 
4645 4902 
4646 4958 
4647 4845 
4648 4815 
4649 4845 
4650 4910 
4651 4872 3933 4902 4306 4882 4979 
4652 4914 
4653 4971 
4654 4654 
4655 4768 
4656 4816 
4657 4654 
4658 4997 
4659 4966 
4660 4881 
4661 4629 
4662 4662 
4663 4893 
4664 4858 
4665 4840 
4666 4462 
4667 4667 
4668 4903 
4669 4786 
4670 4934 
4671 3922 
4672 4961 
4673 4997 4940 4975 3915 4996 4931 
4674 4953 
4675 4816 
4676 4860 
4677 4677 
4678 4966 
4679 4704 
4680 4445 
4681 4979 
4682 4682 
4683 4953 4922 4837 4939 4999 4833 
4684 4859 
4685 4908 
4686 4233 
4687 4837 3965 4940 4914 4983 4704 4838 
4688 4945 
4689 4910 
4690 4729 
4691 4903 
4692 4720 
4693 4853 
4694 4957 
4695 4695 
4696 4707 
4697 4975 
4698 4997 
4699 4958 
4700 4820 1429 4339 2452 4283 4954 
4701 4953 
4702 4953 
4703 4971 
4704 4704 
4705 4954 
4706 4707 
4707 4707 
4708 4795 
4709 4858 
4710 4858 
4711 4953 
4712 4997 
4713 4957 
4714 4124 
4715 4953 
4716 4987 
4717 4490 4998 4940 4997 4966 4929 
4718 4968 
4719 4975 
4720 4720 
4721 4721 
4722 3621 
4723 4723 
4724 4962 
4725 4725 
4726 4795 
4727 4816 
4728 4966 
4729 4729 
4730 4948 
4731 4940 3662 4971 4677 4909 
4732 4971 
4733 4945 
4734 4962 
4735 4996 
4736 4939 
4737 4872 
4738 4845 
4739 4311 
4740 4990 
4741 4993 
4742 4907 
4743 4914 
4744 4845 4662 4704 4843 4888 4777 
4745 4571 
4746 4953 
4747 4816 4025 4893 3662 4882 4147 
4748 4881 
4749 4996 
4750 4888 
4751 4677 4992 4223 4462 4579 4990 
4752 4933 
4753 4934 
4754 4723 
4755 4797 
4756 4961 
4757 4908 
4758 4988 
4759 4759 
4760 4872 
4761 4838 4723 
4762 4833 
4763 4908 
4764 4954 
4765 4909 
4766 4945 
4767 4968 
4768 4768 
4769 4902 
4770 4860 4116 4845 4962 4914 4838 
4771 4939 
4772 4772 
4773 4723 
4774 4774 
4775 4910 
4776 4629 4490 4957 4922 4923 
4777 4777 
4778 4546 
4779 4521 4995 4933 3621 4994 4907 
4780 4968 
4781 4910 
4782 4541 
4783 4783 
4784 4931 
4785 4888 
4786 4786 
4787 4667 
4788 4990 
4789 4772 
4790 4894 
4791 4934 
4792 4945 
4793 4961 
4794 4492 
4795 4795 
4796 4907 
4797 4797 
4798 4954 
4799 4845 4847 4306 4584 4893 4948 
4800 4783 
4801 4994 
4802 4635 
4803 4979 
4804 4962 
4805 4810 4704 4838 4994 4498 4306 4815 
4806 4138 4939 4934 3662 4695 4837 
4807 4541 
4808 4808 
4809 4809 
4810 4810 
4811 4858 
4812 4812 
4813 4795 
4814 4814 
4815 4815 
4816 4816 
4817 4961 
4818 4949 
4819 4945 
4820 4820 
4821 4809 
4822 4860 4704 4876 4223 4971 4968 
4823 4940 
4824 4815 4772 4265 4971 4923 4955 
4825 4997 
4826 4860 
4827 4995 
4828 4961 
4829 4894 
4830 4830 
4831 4853 
4832 4987 
4833 4833 4996 
4834 4596 
4835 4908 
4836 4786 
4837 4837 
4838 4838 
4839 3922 
4840 4840 
4841 4695 
4842 4998 
4843 4843 
4844 4768 
4845 4845 
4846 4989 
4847 4847 
4848 4940 
4849 4882 
4850 4953 
4851 4999 
4852 4975 
4853 4853 
4854 4996 
4855 4990 
4856 3922 4845 3933 4872 3712 4815 
4857 4939 
4858 4858 
4859 4859 
4860 4860 
4861 3662 
4862 4934 3662 4881 3975 4725 4945 
4863 4882 
4864 4955 
4865 3922 4596 4546 4837 4768 4990 
4866 4872 3933 4975 
4867 4809 4223 4411 4759 4725 4953 
4868 4956 
4869 4975 4462 4997 4589 4989 
4870 4629 4971 4843 4966 4994 4314 
4871 3965 4961 4991 3933 4882 4820 
4872 4872 
4873 4853 
4874 4908 
4875 4923 
4876 4876 
4877 4810 
4878 4907 
4879 4888 
4880 4961 
4881 4881 
4882 4882 
4883 4124 
4884 3975 4909 
4885 4903 
4886 4872 4987 3621 4635 4949 4814 
4887 4853 
4888 4888 
4889 4858 3120 
4890 4521 4654 4996 4962 4629 4990 
4891 4165 4783 3915 4907 4962 4990 
4892 4954 
4893 4893 
4894 4894 
4895 4043 
4896 4949 
4897 4940 
4898 4957 
4899 4929 
4900 3933 4654 3621 4968 4859 4837 
4901 4992 
4902 4902 
4903 4903 
4904 4903 
4905 4933 
4906 4993 
4907 4907 
4908 4908 
4909 4909 
4910 4910 
4911 4923 
4912 4979 
4913 4995 
4914 4914 
4915 4893 4723 4907 4662 4833 4814 
4916 4816 
4917 4907 
4918 4961 
4919 4777 4979 
4920 4682 
4921 4445 
4922 4922 
4923 3988 4923 
4924 4966 
4925 4812 
4926 4910 
4927 4654 4881 4853 4888 4596 4858 4223 
4928 4940 4903 4541 3933 4498 4966 
4929 4929 
4930 4999 
4931 4931 
4932 4327 4654 4809 4994 4845 4966 
4933 4933 
4934 4934 
4935 4962 
4936 4955 
4937 4996 
4938 4903 
4939 4939 
4940 4940 
4941 4808 4953 4283 4940 4809 4933 4795 
4942 4975 
4943 4311 4485 3933 4777 4283 4994 4962 
4944 4968 
4945 4945 
4946 4814 
4947 3933 4777 4994 
4948 4948 
4949 4949 
4950 4990 
4951 4961 
4952 4939 
4953 4953 
4954 4954 
4955 4955 
4956 4956 
4957 4957 
4958 4958 
4959 4908 
4960 4837 
4961 4961 
4962 4962 
4963 4963 
4964 4994 
4965 4949 
4966 4966 
4967 4991 4838 4948 4677 4596 4682 
4968 4968 
4969 4999 
4970 4979 
4971 4971 
4972 4859 4940 4845 4816 4808 4768 
4973 4949 4881 4445 4876 4998 
4974 4987 
4975 4975 
4976 4962 
4977 4845 
4978 4978 
4979 4979 
4980 4989 
4981 4910 4953 4909 4893 4812 4966 
4982 4894 
4983 4983 
4984 4939 
4985 4654 
4986 4993 
4987 4987 
4988 4988 4955 
4989 4989 
4990 4990 
4991 4991 
4992 4992 
4993 4993 
4994 4994 
4995 4995 
4996 4996 
4997 4997 
4998 4998 
4999 4999 
5000 4847 4881 
