1 4895 
2 4681 
3 4968 
4 4755 
5 4742 
6 4966 
7 4848 
8 4961 
9 4952 4945 
10 4823 
11 4993 
12 4902 
13 4929 
14 4901 
15 4568 4848 
16 4839 
17 4922 
18 4028 
19 4998 
20 5000 
21 4772 
22 4698 
23 4966 
24 4457 
25 4851 
26 4988 
27 4931 
28 4929 
29 4969 
30 4918 
31 4465 
32 4940 
33 4993 
34 3916 
35 4851 
36 4947 
37 4964 
38 4825 
39 4848 
40 4996 
41 4952 
42 4902 
43 4990 
44 4848 
45 4952 
46 4769 
47 4895 
48 4986 
49 4302 
50 4805 
51 4929 
52 4964 
53 3259 
54 4987 
55 4945 
56 4292 
57 3694 
58 2793 
59 4665 
60 4930 
61 4988 
62 4902 
63 4349 
64 4929 
65 4965 
66 4868 
67 4980 
68 4823 
69 4928 
70 4990 
71 4899 
72 4868 
73 4592 4866 
74 4911 
75 4660 
76 4990 
77 4862 
78 4854 
79 4916 
80 4252 
81 4848 
82 4769 
83 4901 
84 4980 2572 3006 
85 4349 
86 4755 
87 4991 
88 4641 
89 4028 4962 
90 4927 
91 4986 
92 4698 4256 4769 
93 4851 
94 4769 
95 4864 
96 4952 
97 4953 
98 4987 
99 4929 
100 4028 
101 4951 
102 4963 
103 4990 
104 4914 
105 4922 
106 4862 
107 4952 
108 4899 4914 
109 4848 
110 4993 
111 4580 
112 4760 
113 4720 
114 4805 
115 4969 
116 4866 
117 4947 
118 4940 
119 4678 
120 4859 
121 4940 
122 4823 
123 4981 
124 4951 
125 4958 
126 4914 
127 4953 
128 4986 
129 4972 
130 4980 
131 4854 
132 4962 
133 4880 
134 4928 
135 4862 
136 4991 
137 4945 
138 4864 
139 4945 
140 4997 
141 4993 
142 4917 
143 4306 4995 
144 4997 
145 4943 
146 4997 
147 4929 
148 4933 4927 
149 4627 
150 4848 
151 4964 
152 4258 4568 
153 4720 
154 1396 
155 4571 
156 4613 
157 4991 
158 4945 
159 4772 
160 4657 
161 4928 
162 4945 
163 4930 4419 4903 
164 4868 
165 4916 
166 4917 
167 4805 
168 4805 
169 4597 4902 4895 
170 4953 4862 
171 4997 
172 4273 
173 4943 
174 4613 
175 4902 
176 4952 
177 4864 
178 4945 
179 4986 
180 4953 
181 4916 
182 4990 
183 2603 
184 4678 
185 4839 
186 4991 
187 2537 4903 4851 
188 4895 
189 4876 
190 4592 
191 3984 
192 4945 
193 4917 
194 3989 
195 4895 
196 4823 4930 
197 4868 
198 4933 
199 4930 
200 4807 
201 4914 
202 2537 4998 
203 4678 
204 4760 
205 4816 
206 4996 
207 4991 
208 4866 
209 4823 
210 4613 
211 4996 
212 4365 
213 4958 
214 4859 
215 4258 
216 4961 
217 4461 
218 4678 
219 4676 
220 3006 
221 4880 
222 4899 
223 4760 
224 4972 
225 4892 
226 4990 
227 4657 4681 
228 4945 
229 4931 
230 4592 
231 4258 
232 4851 
233 4972 
234 4862 
235 5000 
236 4990 
237 4864 
238 4991 
239 4892 
240 4917 
241 4952 
242 4258 
243 4990 
244 4772 
245 4902 
246 4823 4962 
247 4980 
248 4991 
249 4760 
250 4933 
251 4916 
252 3916 4866 4652 
253 4989 
254 4963 
255 3738 
256 4892 
257 4953 
258 4929 
259 4627 
260 4879 
261 4933 
262 3006 
263 4256 
264 4627 
265 4958 
266 4918 
267 4419 
268 4933 
269 4972 
270 4963 
271 4848 
272 4986 
273 4991 
274 4914 
275 4997 
276 4911 
277 2793 4953 
278 4988 4989 
279 4952 
280 4928 
281 4457 
282 4927 
283 4996 
284 4953 4758 
285 4698 
286 4987 
287 4720 
288 4641 
289 4848 
290 4961 
291 4862 
292 4742 
293 4989 
294 4862 
295 4304 
296 4461 
297 4652 
298 4760 
299 4252 4911 4997 
300 4962 
301 4940 
302 4945 
303 4720 
304 4945 
305 4986 
306 4927 
307 4307 
308 4758 
309 4064 4947 
310 4613 
311 4953 
312 4868 
313 4530 
314 4947 
315 4917 
316 4839 4899 
317 4758 
318 1193 
319 4931 
320 4929 
321 4995 
322 4990 
323 4825 
324 3738 
325 4892 
326 4940 4895 4947 
327 4902 
328 4772 
329 4918 
330 4781 
331 4859 
332 4917 
333 4597 
334 4969 
335 5000 
336 4258 
337 4252 
338 4273 
339 4807 
340 4963 
341 5000 
342 4769 
343 4986 
344 4525 
345 4902 
346 4914 4447 4987 
347 4929 
348 4839 
349 4868 
350 4981 
351 2572 
352 4755 
353 4911 
354 4064 4880 4961 
355 4592 4918 
356 4859 4258 
357 4639 
358 4903 4989 
359 4534 
360 4930 
361 4681 
362 4876 
363 4953 
364 4966 
365 4991 
366 4292 
367 4627 
368 4991 
369 4943 
370 4962 
371 4953 
372 4916 
373 4918 
374 4966 
375 4986 
376 4947 
377 4742 
378 4660 
379 4534 
380 3198 
381 4972 4678 
382 4972 
383 4961 
384 4613 
385 4931 
386 4851 
387 3198 
388 4911 
389 4698 
390 4980 
391 4962 
392 4996 
393 4864 
394 4902 
395 4947 4958 
396 4306 
397 4720 
398 4404 
399 4952 
400 4911 
401 4848 
402 4252 
403 4742 
404 4859 
405 4901 
406 4064 
407 4963 
408 4639 
409 4064 
410 2572 4639 
411 4681 
412 4928 
413 4996 
414 4922 
415 4447 
416 4922 4879 
417 4899 
418 4986 
419 4962 
420 4758 
421 4404 
422 4580 
423 1189 
424 4816 
425 4968 
426 4851 
427 4657 
428 4986 
429 4678 
430 4966 
431 4698 
432 4568 
433 4951 
434 1189 4958 4899 
435 4854 
436 4916 
437 4940 
438 3006 
439 4901 
440 4568 
441 4969 
442 4534 
443 4525 4657 
444 4902 
445 4899 
446 4952 
447 4805 
448 4917 4823 4962 
449 4825 
450 4365 
451 4902 
452 4911 
453 4988 
454 3916 
455 3989 
456 4995 
457 4993 
458 4742 4911 4698 
459 4989 
460 4989 
461 4534 
462 4972 
463 4993 
464 4742 
465 4390 
466 4952 
467 4989 
468 4917 
469 4678 
470 4816 
471 4302 
472 4866 
473 2603 4926 
474 4252 
475 2793 
476 4990 
477 4902 
478 4256 
479 4969 
480 4986 
481 4665 
482 4951 
483 4805 
484 4866 
485 4848 
486 4990 
487 4304 
488 3198 
489 4823 
490 4825 
491 4989 
492 4947 4991 
493 4902 
494 4918 
495 4657 
496 4292 
497 4781 
498 4758 4892 4965 
499 4914 
500 2793 
501 4252 
502 4892 
503 4868 
504 4953 
505 4816 
506 4987 4990 
507 4964 
508 4868 
509 4965 3167 
510 4720 
511 4899 
512 4963 
513 3259 
514 4258 
515 4961 
516 4823 
517 4758 
518 3006 
519 4916 
520 4725 
521 4945 
522 4772 
523 4962 4678 
524 4963 
525 4641 
526 4903 
527 4917 
528 4854 
529 2793 
530 4952 
531 3167 
532 4972 
533 4929 
534 4641 4928 
535 4851 
536 1189 
537 2572 
538 4911 4390 
539 4966 
540 4990 
541 4825 
542 4945 
543 4911 4895 
544 4986 
545 4931 
546 4962 
547 4755 
548 4993 
549 4901 
550 4980 
551 4902 
552 1193 
553 4895 
554 4914 
555 4823 
556 4769 
557 4851 
558 4930 2537 
559 4968 
560 4968 
561 4929 
562 4963 
563 2793 4953 
564 4568 3006 
565 4525 
566 4390 
567 4465 
568 4854 
569 3006 
570 4952 4868 
571 4525 
572 4895 
573 2537 
574 4911 
575 2603 
576 4901 4953 
577 4914 
578 2537 
579 1193 
580 4028 
581 4989 
582 4742 
583 4952 
584 4902 
585 4993 
586 3198 
587 4613 4676 
588 4879 
589 4725 
590 4986 
591 4922 
592 4899 
593 4998 
594 4247 
595 4997 
596 4876 
597 4383 
598 4997 
599 4899 
600 2572 
601 4914 
602 4914 
603 4839 
604 3006 
605 4927 
606 4951 
607 4627 
608 4933 
609 4958 
610 4859 
611 4965 
612 3916 
613 4465 
614 4940 
615 4995 
616 4991 
617 4825 
618 4961 
619 4963 
620 4859 
621 4597 
622 4823 
623 4461 
624 4968 
625 4252 
626 4928 
627 4930 3694 
628 4911 
629 4917 4929 4859 
630 4998 
631 4571 
632 4903 
633 4390 
634 4258 
635 4028 
636 4980 
637 2603 
638 4966 4365 
639 4997 
640 4922 
641 4895 
642 4940 
643 4969 
644 4665 
645 4781 
646 4927 
647 1193 
648 4951 
649 4879 
650 4933 
651 5000 
652 4931 
653 4304 
654 4917 4825 
655 4922 
656 4028 
657 4966 
658 4972 
659 4678 
660 3006 
661 4928 
662 4998 
663 4571 
664 4902 
665 4597 
666 4963 
667 4390 
668 4987 
669 4991 
670 4986 
671 4848 4349 
672 4781 
673 4927 
674 4592 
675 4580 4720 
676 4825 
677 4980 4947 
678 1189 
679 4926 
680 4868 
681 4678 
682 2603 
683 4911 
684 4568 
685 4851 
686 4639 
687 4760 
688 4862 
689 2793 
690 4404 
691 4914 
692 4419 
693 4995 
694 4980 
695 4987 
696 4457 3984 
697 4627 
698 4953 
699 4742 
700 4953 
701 4876 
702 4823 
703 4958 4895 
704 4981 
705 4930 
706 4964 
707 4307 4678 4525 
708 4627 
709 4987 
710 4958 5000 
711 4963 
712 4991 
713 4390 
714 4958 
715 4772 
716 4825 
717 4862 
718 4972 
719 4879 
720 4958 
721 4933 
722 4720 
723 4911 
724 4568 
725 2572 
726 4678 
727 1189 
728 4678 
729 4958 
730 1189 
731 4945 
732 4988 
733 4961 
734 4823 
735 4933 
736 4996 
737 4848 
738 4927 
739 4933 
740 4927 
741 4854 
742 4981 
743 1189 
744 4665 
745 4929 
746 4943 
747 4918 
748 3989 
749 4880 
750 4781 
751 4996 
752 4986 
753 4964 
754 4859 
755 4592 
756 4461 
757 4933 
758 3916 
759 4930 
760 4952 
761 4990 
762 4928 
763 4868 
764 4998 
765 4961 
766 4998 
767 4859 
768 4989 
769 4639 
770 4613 
771 4901 
772 4945 
773 4965 
774 4597 
775 4958 
776 4307 
777 4917 
778 4903 
779 4306 
780 4866 
781 4755 
782 4929 4571 4930 
783 1193 
784 1193 
785 4901 
786 4990 
787 4807 
788 4952 
789 4390 
790 4989 
791 4947 
792 4258 
793 4990 
794 4961 
795 4981 4953 4064 
796 4899 
797 4365 
798 4953 
799 4825 
800 4825 
801 4917 
802 4720 
803 4805 4879 
804 4755 
805 4419 
806 2603 4678 
807 4660 
808 4807 
809 4447 
810 4993 
811 4816 
812 4930 
813 4991 4247 
814 4947 
815 5000 
816 4307 
817 4657 
818 4911 
819 4390 
820 1396 
821 4929 
822 4943 
823 4880 
824 4404 
825 4981 
826 4657 
827 4698 
828 5000 4991 
829 4964 
830 1189 
831 4383 
832 4972 
833 4839 
834 4064 
835 4902 
836 4951 
837 4678 
838 4660 
839 4678 
840 4963 
841 4657 
842 3167 
843 4864 
844 4678 
845 4929 
846 4676 
847 4988 
848 4916 
849 4989 
850 4758 
851 4911 
852 2603 
853 5000 
854 4892 
855 4996 
856 4854 
857 4961 
858 4901 
859 4641 
860 4930 
861 4755 
862 4698 
863 4901 
864 4252 4986 
865 4851 
866 4965 
867 4997 4966 
868 4825 
869 4998 
870 4958 
871 4917 
872 4981 
873 4952 
874 4864 
875 2603 
876 4769 
877 4943 
878 4940 
879 4851 
880 4902 
881 4825 
882 4678 
883 4868 
884 4990 
885 4963 
886 4933 
887 4657 
888 4952 4273 
889 4990 
890 4845 4998 4613 
891 4592 
892 4933 
893 4962 
894 4859 
895 4916 
896 4848 
897 4990 
898 4902 
899 4993 
900 4571 
901 4534 
902 4961 
903 4307 
904 4940 
905 4825 
906 4678 4996 4758 
907 3198 
908 4922 
909 4876 
910 4854 
911 4698 
912 4998 
913 4953 
914 4390 
915 4880 
916 3259 
917 4945 
918 4968 4825 4933 
919 4965 
920 4880 
921 4922 
922 4943 
923 4990 
924 4969 
925 4968 
926 4966 
927 3167 
928 4987 
929 4901 
930 4258 
931 4995 
932 4258 
933 4742 
934 4929 
935 4995 
936 4966 
937 4825 
938 4945 
939 4755 
940 4928 
941 4825 
942 4901 
943 4742 
944 4990 
945 4947 
946 4851 
947 4998 
948 4966 
949 4933 
950 4864 
951 4880 
952 4988 
953 4917 
954 4845 
955 4911 
956 4866 4945 
957 4639 
958 1189 
959 4917 
960 4966 
961 4064 
962 4927 
963 4876 
964 4952 4698 
965 4991 
966 4998 
967 4965 
968 4929 
969 4969 
970 3006 
971 4571 
972 4447 
973 4996 
974 4862 
975 4926 
976 3694 
977 4997 
978 4911 
979 4998 
980 4760 
981 4879 
982 3989 4892 
983 4997 4390 
984 4996 
985 4772 
986 4720 
987 4953 
988 2603 4989 
989 4962 
990 4952 
991 4660 
992 4927 
993 4998 
994 4028 
995 4966 
996 4304 
997 4530 
998 4859 
999 4772 
1000 4963 
1001 4273 
1002 4880 
1003 4922 
1004 4953 
1005 4986 
1006 4404 
1007 4996 
1008 4965 
1009 4676 
1010 4989 
1011 4895 
1012 2793 
1013 4922 
1014 4945 
1015 4964 
1016 4859 
1017 4930 
1018 4681 
1019 4868 
1020 4961 
1021 4306 
1022 4945 
1023 4530 
1024 4592 
1025 4845 
1026 2572 
1027 4964 
1028 4962 
1029 4953 
1030 4969 4998 
1031 4996 
1032 4465 
1033 4995 
1034 4876 
1035 4742 
1036 4892 3198 4916 
1037 4880 
1038 4447 
1039 4993 
1040 4995 
1041 4969 
1042 3006 
1043 4991 
1044 4952 
1045 5000 
1046 4966 
1047 4823 
1048 4965 
1049 4958 
1050 4571 
1051 4365 
1052 4859 
1053 4899 
1054 4991 
1055 4903 
1056 4447 
1057 3738 
1058 3694 
1059 3916 
1060 4951 
1061 4933 
1062 4868 
1063 4914 
1064 4534 
1065 4534 
1066 4951 
1067 4627 
1068 4678 4989 
1069 4986 
1070 4987 
1071 4652 
1072 4990 
1073 4918 
1074 4580 
1075 4892 
1076 4404 
1077 4916 
1078 4953 
1079 4028 
1080 4899 
1081 4678 4465 
1082 4365 
1083 4895 
1084 4681 
1085 4918 
1086 4571 
1087 4964 
1088 4930 
1089 4933 
1090 4433 
1091 4302 
1092 4914 
1093 4854 4465 
1094 4996 
1095 4306 
1096 4951 
1097 4964 
1098 4876 
1099 4592 
1100 4998 
1101 4580 
1102 4302 
1103 4769 
1104 4917 
1105 4823 
1106 4864 
1107 4991 
1108 4597 
1109 4916 
1110 4981 
1111 4981 
1112 4864 
1113 4917 
1114 4997 
1115 4995 
1116 4993 
1117 4966 
1118 4930 
1119 4914 
1120 4986 
1121 4845 
1122 4964 
1123 4952 
1124 4952 
1125 4947 
1126 4962 
1127 4851 
1128 4678 
1129 4568 
1130 4848 
1131 4419 
1132 4966 
1133 4916 
1134 4922 4911 
1135 4940 
1136 4929 
1137 4922 
1138 5000 
1139 4530 
1140 4953 
1141 4918 
1142 4969 
1143 4698 
1144 4864 
1145 4995 
1146 3167 
1147 4678 
1148 3738 
1149 4859 
1150 4993 
1151 4993 
1152 4998 
1153 4996 
1154 4987 
1155 4981 
1156 1193 4927 
1157 4914 
1158 4657 
1159 4258 
1160 4781 
1161 4943 
1162 4868 
1163 4996 
1164 4993 
1165 4525 4929 
1166 4940 
1167 1189 
1168 4864 
1169 4996 
1170 4998 
1171 4928 
1172 4930 4929 
1173 4989 
1174 4951 
1175 4742 
1176 4307 
1177 4252 
1178 4998 
1179 4962 
1180 4676 
1181 4568 
1182 4988 
1183 4986 
1184 4592 
1185 1396 
1186 4698 
1187 3006 
1188 4899 
1189 1189 
1190 4901 
1191 4962 
1192 4933 
1193 1193 
1194 3006 
1195 4995 
1196 4892 
1197 4258 
1198 4678 
1199 4991 
1200 2572 
1201 4914 4962 
1202 4859 
1203 4945 4665 4911 
1204 4769 
1205 4931 
1206 4929 
1207 3006 
1208 4966 
1209 4461 
1210 4901 
1211 4899 
1212 4365 4962 
1213 3259 
1214 4256 
1215 4657 
1216 4580 
1217 4917 
1218 4945 
1219 4839 
1220 4991 4304 
1221 4807 
1222 4933 
1223 4930 
1224 2537 
1225 4892 
1226 4996 
1227 4961 
1228 4902 
1229 4931 
1230 4676 
1231 4952 
1232 4998 
1233 4966 
1234 4997 
1235 4859 
1236 3989 
1237 4292 
1238 4365 
1239 4839 
1240 4571 
1241 4902 
1242 4903 
1243 4568 
1244 4903 
1245 4943 
1246 4990 
1247 4903 
1248 4901 4845 
1249 4945 
1250 3167 
1251 4447 
1252 4928 
1253 4258 
1254 4922 
1255 4926 
1256 4383 
1257 4952 
1258 4990 
1259 4652 
1260 3984 
1261 4681 
1262 4665 
1263 4698 
1264 4953 
1265 4953 
1266 4256 
1267 4926 
1268 4986 
1269 4966 
1270 4987 
1271 4866 
1272 4952 
1273 4839 
1274 4627 
1275 4892 
1276 4758 
1277 4530 
1278 4390 
1279 4859 
1280 4525 
1281 4917 
1282 4252 
1283 4916 
1284 4953 
1285 4962 
1286 4989 
1287 4911 
1288 4988 
1289 4862 
1290 4698 
1291 4990 
1292 2603 
1293 4987 
1294 4304 
1295 4988 
1296 4933 
1297 4952 
1298 4989 
1299 4922 
1300 4902 
1301 4064 
1302 4580 
1303 4530 
1304 4916 
1305 4390 
1306 4995 
1307 4879 
1308 4760 
1309 4991 
1310 4404 
1311 4962 
1312 4306 
1313 4988 
1314 4996 
1315 4665 
1316 4530 
1317 4966 
1318 4929 
1319 4953 
1320 3006 
1321 4958 
1322 4947 
1323 4307 
1324 4854 
1325 4911 
1326 3989 
1327 4769 
1328 4258 
1329 4969 
1330 4304 
1331 4530 
1332 4525 
1333 4961 
1334 4997 
1335 4968 
1336 2793 
1337 4880 
1338 4525 
1339 4859 
1340 4929 
1341 4933 
1342 4895 4306 4592 
1343 4678 
1344 4952 
1345 4859 
1346 4962 
1347 4987 
1348 4990 
1349 4997 
1350 4899 
1351 4961 
1352 4902 
1353 4958 
1354 4258 
1355 4922 
1356 4947 
1357 4987 
1358 4996 
1359 4969 
1360 4951 
1361 4892 
1362 4903 
1363 4866 
1364 4613 
1365 4862 
1366 4825 
1367 3984 
1368 4940 
1369 4916 
1370 4966 
1371 4859 
1372 4839 4851 5000 
1373 4914 
1374 4383 
1375 4917 
1376 4972 
1377 4568 
1378 4862 
1379 4652 
1380 4383 
1381 4931 
1382 4530 
1383 4989 
1384 4772 
1385 4928 
1386 4958 
1387 4859 4929 
1388 4742 
1389 3006 4864 
1390 4917 
1391 4256 
1392 1396 4390 
1393 4990 
1394 4963 
1395 4725 
1396 1396 
1397 4995 
1398 4958 
1399 4845 
1400 4862 
1401 4987 
1402 4969 
1403 4940 
1404 4864 
1405 4461 
1406 4772 
1407 4447 
1408 4901 
1409 4447 
1410 4862 
1411 4825 
1412 4993 
1413 2537 
1414 4945 
1415 3198 
1416 4998 
1417 4929 
1418 4964 
1419 4641 
1420 3259 
1421 4597 
1422 4627 
1423 4725 
1424 4931 
1425 4404 
1426 4980 
1427 4868 
1428 4525 
1429 4969 
1430 4952 
1431 4962 4947 
1432 4981 
1433 4781 
1434 4627 
1435 4304 
1436 4816 
1437 4993 
1438 4990 
1439 4997 
1440 4940 
1441 4933 
1442 2603 
1443 4568 
1444 4256 
1445 4961 
1446 4879 4530 4568 
1447 4962 
1448 4928 
1449 4256 
1450 4951 
1451 4988 
1452 4859 
1453 4390 
1454 4758 
1455 4945 
1456 4968 
1457 3198 
1458 4964 
1459 4652 
1460 4902 
1461 4825 
1462 2537 
1463 4580 
1464 4805 
1465 4929 
1466 4465 
1467 4943 
1468 4304 
1469 4433 
1470 4962 
1471 4641 
1472 4969 
1473 4928 
1474 4676 
1475 4990 
1476 4580 
1477 4879 
1478 4660 
1479 5000 
1480 4902 
1481 4933 
1482 4947 
1483 3259 
1484 4292 
1485 2537 
1486 4805 
1487 4991 
1488 4899 
1489 4953 
1490 4995 
1491 4917 
1492 4592 
1493 4981 
1494 4997 
1495 4678 
1496 4698 
1497 4901 4823 4902 
1498 4899 
1499 4879 
1500 4805 4862 4892 
1501 4845 
1502 4980 
1503 2572 
1504 3694 
1505 4247 
1506 4742 
1507 4868 
1508 4961 4996 
1509 3167 
1510 4929 
1511 4568 
1512 4911 
1513 1189 
1514 4720 
1515 4876 
1516 4292 
1517 4965 
1518 4892 
1519 4965 
1520 4995 
1521 4256 
1522 4968 
1523 4990 
1524 4962 
1525 4862 
1526 4742 
1527 2572 
1528 4911 
1529 4273 
1530 4725 
1531 4597 
1532 4825 
1533 4953 
1534 4947 
1535 4862 
1536 4980 
1537 4592 
1538 4918 
1539 4720 
1540 4864 
1541 3198 
1542 4652 
1543 4951 
1544 4991 
1545 4986 
1546 4995 
1547 4962 
1548 4698 
1549 3167 
1550 4383 
1551 4903 
1552 3989 
1553 5000 
1554 4760 
1555 4930 
1556 4930 
1557 4823 3916 
1558 4876 
1559 4805 
1560 4952 
1561 4981 
1562 4252 
1563 4854 
1564 4720 
1565 4933 
1566 4968 
1567 4457 
1568 4597 
1569 4807 
1570 4839 
1571 4892 4966 4930 
1572 4918 
1573 4990 
1574 4930 
1575 4929 
1576 4963 
1577 4859 
1578 4660 
1579 4758 
1580 4902 
1581 2793 
1582 4862 
1583 4862 
1584 4991 
1585 3006 
1586 4922 
1587 4903 2572 
1588 4996 
1589 4758 
1590 4958 
1591 4940 
1592 4461 
1593 4825 
1594 4839 
1595 4349 
1596 4892 
1597 4969 
1598 4945 
1599 4995 
1600 4064 
1601 4769 
1602 4859 
1603 4304 
1604 4998 
1605 4901 
1606 4947 4958 
1607 4943 
1608 4902 
1609 4461 
1610 4969 
1611 4911 
1612 4807 
1613 4945 
1614 4918 
1615 4917 
1616 2603 
1617 4917 3006 
1618 4947 
1619 2793 
1620 4969 
1621 3006 
1622 4530 4940 
1623 4807 
1624 4571 
1625 4902 
1626 4839 
1627 4390 
1628 4961 
1629 4964 
1630 4987 
1631 4918 
1632 4926 
1633 4597 4825 
1634 3198 
1635 4986 
1636 4917 
1637 3198 
1638 4931 
1639 1189 
1640 4613 
1641 4952 
1642 4972 
1643 4859 
1644 4665 
1645 5000 
1646 3006 
1647 4953 
1648 4911 
1649 4940 3694 
1650 4304 
1651 3738 
1652 2572 
1653 4592 
1654 4760 
1655 4880 
1656 4963 
1657 4823 
1658 4851 
1659 4969 
1660 4958 
1661 4940 
1662 4845 
1663 3006 
1664 4781 
1665 4940 
1666 4929 
1667 4839 
1668 4652 
1669 4911 
1670 4963 
1671 4901 
1672 4969 
1673 4742 
1674 4961 
1675 4926 
1676 4805 
1677 4996 
1678 4823 
1679 3989 
1680 4641 
1681 4349 
1682 4996 
1683 4962 
1684 4447 4914 
1685 2603 
1686 4627 
1687 4657 
1688 4995 
1689 3916 4742 
1690 4862 
1691 4892 
1692 4530 
1693 4307 
1694 4247 
1695 4652 
1696 4930 
1697 4945 
1698 4930 
1699 4988 
1700 4927 
1701 4990 4911 
1702 4880 4952 
1703 4892 
1704 4758 
1705 4349 
1706 4760 
1707 4758 4465 
1708 4914 
1709 4805 
1710 4851 
1711 4627 
1712 4951 
1713 4868 
1714 3006 
1715 4892 
1716 4917 
1717 3167 
1718 4965 
1719 4307 
1720 4996 
1721 4916 
1722 4064 
1723 4862 
1724 4947 
1725 4678 
1726 4457 
1727 4972 
1728 4880 
1729 4755 
1730 4769 
1731 4996 
1732 4989 
1733 4866 
1734 4916 
1735 4922 
1736 4965 
1737 4304 
1738 4678 
1739 4995 
1740 4571 
1741 4930 
1742 3984 
1743 4917 
1744 4447 
1745 4758 
1746 4681 
1747 4995 
1748 3167 
1749 4928 
1750 4805 
1751 4953 
1752 4929 
1753 4952 
1754 1193 
1755 4864 
1756 4996 
1757 4433 
1758 4273 4892 
1759 4990 
1760 4848 
1761 4758 
1762 4901 
1763 4592 
1764 3916 4933 
1765 4580 
1766 4028 
1767 4953 
1768 4947 
1769 3006 
1770 4961 
1771 4530 
1772 4880 
1773 4928 
1774 4963 
1775 4986 
1776 4930 
1777 4879 
1778 4772 
1779 5000 
1780 3738 
1781 1193 
1782 4901 
1783 4968 
1784 3989 
1785 4028 
1786 4876 
1787 4895 
1788 4530 
1789 4903 
1790 4990 
1791 4931 
1792 4931 
1793 3984 
1794 4993 
1795 4725 
1796 4816 
1797 4991 
1798 4969 
1799 4901 
1800 4864 
1801 4914 
1802 4988 
1803 4981 
1804 4991 
1805 4742 
1806 4989 
1807 4929 
1808 4678 
1809 4247 
1810 4928 
1811 4854 
1812 4958 
1813 4930 
1814 4781 
1815 4940 
1816 4991 
1817 4816 
1818 4868 
1819 4962 
1820 4947 
1821 4845 
1822 4903 
1823 4627 
1824 4302 
1825 4972 
1826 4966 
1827 4933 
1828 4993 
1829 4461 
1830 4902 
1831 4986 
1832 4868 
1833 4899 
1834 4720 
1835 3006 
1836 3738 
1837 4064 
1838 3694 
1839 4720 
1840 4390 
1841 4953 
1842 4720 4987 
1843 4678 
1844 4966 
1845 4807 
1846 4892 
1847 4758 
1848 4990 
1849 4530 
1850 4947 
1851 3694 
1852 4903 
1853 4962 
1854 4997 
1855 4929 
1856 4825 
1857 4864 4997 
1858 4901 
1859 4962 
1860 4916 
1861 4530 
1862 4845 
1863 4839 
1864 4292 
1865 4028 
1866 4307 
1867 4980 
1868 4868 
1869 3006 
1870 4866 
1871 4304 
1872 3167 
1873 4952 
1874 4953 4958 
1875 4962 
1876 3198 
1877 4927 
1878 4989 
1879 4390 
1880 4805 
1881 4969 
1882 4997 
1883 4922 
1884 4851 
1885 4273 
1886 4742 
1887 4914 4989 
1888 4028 4839 4742 
1889 4961 
1890 4534 
1891 4968 
1892 3167 
1893 4991 
1894 5000 
1895 4902 
1896 2537 
1897 3198 
1898 4968 
1899 4258 
1900 4678 
1901 4969 
1902 4930 
1903 4862 
1904 4816 3167 
1905 3198 
1906 4365 
1907 4866 
1908 4307 
1909 4997 
1910 4940 
1911 4929 
1912 4963 
1913 4755 
1914 4931 
1915 4963 
1916 2793 4866 4998 
1917 4930 
1918 2572 
1919 4742 
1920 4758 4958 
1921 4903 
1922 4986 
1923 4256 
1924 4996 
1925 4862 
1926 4457 
1927 4931 
1928 4725 
1929 3259 
1930 4571 
1931 4678 
1932 4772 
1933 4465 
1934 4868 
1935 4966 
1936 4845 
1937 5000 
1938 4981 
1939 4953 
1940 4987 
1941 4678 
1942 4641 
1943 4969 
1944 4980 4931 
1945 4989 
1946 4839 
1947 4805 
1948 4953 
1949 4953 
1950 4676 
1951 4943 
1952 4868 
1953 4676 
1954 4252 
1955 4986 
1956 4868 
1957 4996 
1958 4947 
1959 4961 
1960 4986 
1961 4880 
1962 4988 
1963 4868 
1964 4247 
1965 4930 
1966 4918 
1967 4613 
1968 4419 
1969 4969 4953 
1970 3984 
1971 4952 
1972 4963 
1973 4930 
1974 4758 4592 
1975 4247 
1976 4958 
1977 2572 4966 
1978 4930 
1979 4914 
1980 4698 
1981 4457 
1982 4962 4917 
1983 4965 
1984 4990 4880 
1985 4931 
1986 4859 
1987 3006 
1988 4903 
1989 4993 
1990 4962 
1991 4998 
1992 4028 
1993 4987 
1994 4986 
1995 4929 4859 
1996 4951 
1997 4966 
1998 4859 
1999 4964 
2000 4816 
2001 2603 
2002 4989 
2003 4419 
2004 4781 
2005 4859 
2006 4247 
2007 4917 4657 
2008 4895 
2009 4580 
2010 4961 
2011 4966 
2012 4306 
2013 4995 
2014 4991 
2015 4349 
2016 4952 
2017 4859 
2018 4952 
2019 4597 
2020 4986 
2021 4902 
2022 4534 
2023 4952 
2024 4580 
2025 4931 
2026 4769 
2027 4903 
2028 3167 4580 4962 
2029 4930 
2030 4980 
2031 4989 3916 
2032 4433 
2033 4952 
2034 3006 
2035 4966 
2036 4962 
2037 4854 
2038 4991 
2039 4911 
2040 4966 
2041 4720 
2042 4990 
2043 5000 
2044 4571 
2045 4597 
2046 4951 
2047 4951 
2048 3984 
2049 4961 
2050 4911 
2051 4933 
2052 4953 
2053 4461 
2054 4652 
2055 4947 
2056 4998 
2057 4365 
2058 4848 
2059 4928 
2060 4273 
2061 3006 
2062 4991 
2063 4534 
2064 4892 
2065 4901 
2066 4917 
2067 4962 
2068 4627 
2069 4990 
2070 5000 4958 
2071 4988 
2072 4918 
2073 4580 
2074 4892 
2075 4866 
2076 4995 
2077 4969 4725 
2078 4866 
2079 2537 
2080 4825 
2081 4678 4825 
2082 4592 
2083 4911 
2084 4302 
2085 4769 
2086 4892 
2087 4892 
2088 4998 
2089 4859 
2090 4943 
2091 4996 
2092 4755 
2093 4273 
2094 4965 
2095 4895 
2096 4859 4258 4988 
2097 4988 4848 
2098 4901 
2099 4926 
2100 4848 
2101 4965 
2102 4676 
2103 4952 
2104 4627 
2105 4965 
2106 3167 
2107 4461 
2108 4627 
2109 4880 
2110 4876 
2111 4917 
2112 4349 
2113 4917 
2114 4990 
2115 4064 
2116 4892 
2117 4534 
2118 4772 
2119 4996 
2120 4755 
2121 4966 
2122 4681 
2123 4963 
2124 4720 
2125 4457 4725 
2126 4997 
2127 4665 
2128 4676 
2129 4720 
2130 3984 
2131 4755 
2132 4568 
2133 4365 
2134 4879 
2135 4901 
2136 4807 
2137 4258 
2138 4998 
2139 4969 
2140 4951 
2141 3916 
2142 4639 
2143 4592 
2144 4880 
2145 4930 
2146 4725 
2147 4895 
2148 4986 
2149 4963 
2150 4958 
2151 4639 
2152 4825 
2153 4911 
2154 4922 
2155 4365 
2156 4958 
2157 4678 
2158 4953 
2159 4859 
2160 4866 
2161 4859 
2162 4720 
2163 4580 
2164 4991 
2165 4928 2793 
2166 4304 
2167 4965 
2168 4952 4641 
2169 4307 
2170 4457 
2171 4758 
2172 4914 
2173 4952 
2174 4681 
2175 4953 
2176 4964 
2177 4627 
2178 4657 
2179 4895 
2180 4758 
2181 4993 
2182 4306 
2183 4947 
2184 2793 
2185 3198 
2186 4678 
2187 4980 
2188 4996 
2189 4947 
2190 4597 
2191 1189 4892 
2192 4917 
2193 4996 
2194 2537 
2195 3006 
2196 4390 
2197 4998 
2198 4258 
2199 4365 
2200 4998 
2201 4916 
2202 4958 
2203 4952 
2204 4996 
2205 4465 
2206 4028 
2207 4931 
2208 4990 
2209 4465 
2210 4273 
2211 4895 
2212 4930 
2213 4995 
2214 4592 4725 
2215 2793 
2216 4879 
2217 4940 
2218 4986 
2219 4930 
2220 4845 
2221 4678 
2222 4930 
2223 4807 
2224 4962 
2225 4864 
2226 3167 4929 
2227 4864 
2228 4933 
2229 4758 
2230 4825 
2231 4769 
2232 4571 
2233 4307 
2234 4901 
2235 4986 
2236 4864 
2237 4953 
2238 3006 
2239 4895 
2240 2793 
2241 4914 
2242 4742 
2243 4947 
2244 4657 
2245 4918 
2246 4760 
2247 4916 
2248 4968 
2249 4772 
2250 4953 
2251 4807 
2252 4880 
2253 4720 
2254 4639 
2255 4997 
2256 4825 
2257 4816 
2258 4926 
2259 4854 
2260 4993 
2261 4879 
2262 4989 
2263 4966 
2264 4945 
2265 4966 
2266 2572 
2267 4657 
2268 4805 
2269 4845 
2270 4866 
2271 4273 
2272 4929 
2273 4968 
2274 4769 
2275 4995 
2276 4627 4930 
2277 4461 
2278 4951 
2279 4597 
2280 4902 
2281 4895 
2282 4851 
2283 4534 
2284 3006 
2285 4931 
2286 3259 
2287 4997 
2288 4854 
2289 4953 
2290 4969 
2291 4864 
2292 4943 
2293 4597 
2294 4892 
2295 4678 
2296 4940 
2297 4698 
2298 4660 
2299 4851 
2300 4963 
2301 4868 
2302 4988 
2303 4940 
2304 4457 
2305 4966 
2306 4987 
2307 4951 
2308 4465 
2309 4989 
2310 4725 
2311 4390 4953 
2312 4641 
2313 4911 4969 
2314 4996 
2315 4698 
2316 4922 
2317 4404 4866 
2318 4465 
2319 4953 
2320 2793 4892 
2321 4899 
2322 4902 
2323 4981 
2324 4933 
2325 4859 
2326 4880 
2327 4929 
2328 4769 
2329 4725 
2330 4961 4306 
2331 4953 
2332 4859 
2333 4866 
2334 4940 
2335 4825 
2336 4916 
2337 4247 
2338 4952 
2339 4772 
2340 4951 
2341 4914 
2342 4901 
2343 4854 
2344 4958 
2345 4963 
2346 4968 
2347 4972 
2348 4926 
2349 4839 
2350 4678 4816 
2351 4247 
2352 4991 
2353 4989 
2354 4419 
2355 4987 
2356 4911 
2357 4273 
2358 4968 
2359 4895 
2360 4931 
2361 4419 
2362 4952 
2363 4769 
2364 4862 
2365 4931 
2366 4940 
2367 4433 
2368 4864 
2369 4868 
2370 4917 
2371 4404 
2372 3259 
2373 4969 
2374 4966 
2375 4961 
2376 4965 
2377 4969 
2378 4928 
2379 4760 
2380 4997 
2381 4592 
2382 4868 
2383 4988 
2384 4627 4530 
2385 4914 
2386 4879 
2387 4997 
2388 4678 
2389 4952 
2390 4991 
2391 4404 
2392 4627 
2393 4996 4966 
2394 4807 
2395 4965 
2396 4742 
2397 4972 
2398 4306 
2399 4892 
2400 4302 
2401 4990 4996 4947 
2402 4895 
2403 4918 
2404 4839 
2405 4993 
2406 4914 
2407 4639 
2408 4965 
2409 4987 
2410 4534 
2411 4917 
2412 4951 
2413 4968 
2414 4447 
2415 4848 
2416 4947 
2417 4989 
2418 4953 
2419 4823 
2420 4457 
2421 4990 
2422 4969 
2423 4962 
2424 4903 
2425 4903 
2426 4864 
2427 4447 
2428 2572 
2429 4859 
2430 4945 
2431 4917 
2432 4657 
2433 4862 
2434 4947 
2435 4953 
2436 4990 4447 
2437 4665 
2438 4952 
2439 4969 
2440 4989 
2441 4947 
2442 4931 
2443 4698 
2444 4995 
2445 4998 4988 
2446 4995 
2447 3006 
2448 4990 
2449 4769 
2450 4772 
2451 3259 
2452 4940 
2453 4892 
2454 4807 
2455 4678 
2456 4349 
2457 5000 
2458 3167 4720 
2459 1189 
2460 4911 
2461 3916 
2462 4987 
2463 5000 
2464 4580 
2465 4961 
2466 5000 
2467 4758 
2468 4901 
2469 4390 
2470 4534 
2471 4302 
2472 4951 
2473 4892 
2474 2603 
2475 4534 
2476 4991 
2477 4917 
2478 4953 
2479 4307 
2480 4911 
2481 4899 
2482 4918 
2483 4657 
2484 4597 
2485 4866 4943 
2486 4926 
2487 4966 
2488 4676 
2489 4953 
2490 4725 
2491 4306 
2492 4990 
2493 4880 
2494 4965 
2495 4993 
2496 4951 
2497 4292 
2498 4866 
2499 4996 4848 
2500 4639 
2501 4981 
2502 4988 
2503 4962 
2504 4922 
2505 4951 
2506 4258 
2507 4879 
2508 4996 
2509 4998 
2510 4958 
2511 5000 
2512 4807 
2513 4895 
2514 4742 4929 4816 
2515 4968 
2516 4981 
2517 4965 
2518 4996 
2519 4639 
2520 4987 
2521 4917 
2522 4879 4365 4911 
2523 4302 
2524 4895 
2525 4966 
2526 4927 
2527 4990 
2528 4987 
2529 4986 
2530 4639 
2531 4580 
2532 4987 
2533 4866 
2534 4968 
2535 4981 
2536 4995 
2537 2537 
2538 1189 
2539 4568 
2540 4597 
2541 4989 
2542 4922 
2543 4961 
2544 4660 
2545 4859 
2546 4903 
2547 4678 
2548 4940 
2549 4848 
2550 4968 
2551 4698 
2552 4997 
2553 4917 
2554 4988 
2555 2793 
2556 4772 
2557 4990 
2558 4597 
2559 4854 
2560 4525 
2561 4657 
2562 4972 
2563 4848 
2564 4892 
2565 4698 
2566 4390 
2567 4880 
2568 4592 
2569 4963 
2570 4986 
2571 4258 
2572 2572 
2573 4922 
2574 4989 
2575 4365 
2576 4349 
2577 4678 
2578 4760 
2579 4928 
2580 4845 
2581 4917 
2582 4930 
2583 4258 
2584 4922 
2585 4641 
2586 4963 
2587 4930 
2588 4627 
2589 4969 
2590 4902 
2591 4899 
2592 4720 
2593 4951 
2594 4945 
2595 4986 
2596 4755 
2597 4998 4917 4953 
2598 4952 
2599 4986 
2600 4991 
2601 4940 
2602 4899 
2603 2603 
2604 4845 
2605 4447 
2606 4807 
2607 4964 
2608 3006 5000 
2609 4953 
2610 4996 
2611 4917 4953 
2612 4678 4940 4997 
2613 4929 
2614 4990 
2615 4845 
2616 4958 
2617 4917 
2618 4302 4892 
2619 4613 
2620 4968 
2621 4929 
2622 4981 
2623 4781 
2624 4772 
2625 4433 
2626 4922 
2627 4876 
2628 4929 
2629 4447 
2630 4958 
2631 4929 
2632 4772 
2633 4911 
2634 4758 
2635 4256 
2636 4899 
2637 5000 
2638 4465 
2639 4868 
2640 4940 
2641 4580 
2642 4996 
2643 4851 
2644 4947 
2645 4990 
2646 4903 
2647 4892 
2648 4845 
2649 4987 
2650 4903 
2651 4945 
2652 4966 
2653 3916 
2654 4825 4064 
2655 4926 
2656 4964 
2657 4592 
2658 4997 
2659 4447 
2660 4433 
2661 4911 
2662 4390 
2663 4854 
2664 4859 
2665 4966 
2666 4252 
2667 3916 
2668 4990 4943 
2669 4805 
2670 4969 
2671 4969 
2672 3259 4933 
2673 2572 
2674 3006 
2675 3738 
2676 4952 
2677 4390 
2678 4940 
2679 4917 
2680 4876 
2681 5000 
2682 4534 
2683 4997 
2684 4848 
2685 4859 
2686 4592 
2687 4990 
2688 2603 
2689 4678 
2690 4929 4530 
2691 4933 
2692 2537 
2693 3006 
2694 4917 
2695 4962 
2696 4958 
2697 4859 
2698 4571 4952 4457 
2699 4252 
2700 4447 
2701 4930 4966 4980 
2702 4940 
2703 4681 
2704 4998 
2705 4993 
2706 4945 
2707 3006 
2708 4933 
2709 4972 
2710 4901 
2711 4859 
2712 4028 
2713 4530 
2714 4922 
2715 4961 
2716 4989 
2717 4678 4962 
2718 4902 
2719 4998 
2720 4917 
2721 4928 
2722 5000 4997 
2723 4965 
2724 4383 
2725 4997 
2726 4760 
2727 4952 
2728 4390 
2729 4854 
2730 2793 
2731 4758 
2732 4947 
2733 4986 
2734 4902 4927 
2735 4899 
2736 4848 
2737 4933 
2738 4981 
2739 4931 
2740 1189 
2741 4989 
2742 4895 
2743 4306 
2744 4991 
2745 4899 
2746 4988 
2747 4922 
2748 4758 
2749 4769 
2750 4879 
2751 4993 
2752 3916 
2753 4962 
2754 4580 4864 
2755 4918 
2756 4940 
2757 4292 
2758 4996 
2759 4580 
2760 4866 
2761 4916 
2762 4947 
2763 4996 
2764 4365 
2765 4990 
2766 4805 4720 4964 
2767 4972 
2768 4926 
2769 4866 4987 
2770 4990 
2771 4880 4969 
2772 4720 
2773 4876 
2774 4933 4945 
2775 4028 
2776 4943 
2777 4465 
2778 4725 
2779 4851 
2780 4958 
2781 2603 
2782 4678 
2783 4990 
2784 4660 
2785 4892 
2786 4951 
2787 2603 4911 
2788 4951 
2789 4911 
2790 4986 
2791 4899 
2792 4755 
2793 2793 
2794 4901 
2795 4725 4968 
2796 4652 
2797 4917 4962 
2798 4657 
2799 4953 4964 
2800 4951 
2801 1193 
2802 4839 
2803 4917 
2804 4989 
2805 4933 
2806 4990 
2807 4998 
2808 3006 
2809 4592 
2810 4962 
2811 4292 
2812 4966 
2813 4981 
2814 4859 
2815 4781 
2816 4895 
2817 4947 
2818 4681 4998 
2819 4931 
2820 4304 
2821 4880 
2822 4769 
2823 4769 
2824 4989 
2825 4302 
2826 4868 
2827 4902 
2828 4914 
2829 4461 
2830 4307 
2831 4769 
2832 4902 4742 
2833 4899 
2834 4951 
2835 4880 
2836 4028 
2837 4962 
2838 4880 
2839 4988 
2840 4995 
2841 4258 
2842 4580 
2843 4845 
2844 4859 4760 
2845 4988 
2846 4969 
2847 4657 5000 
2848 4966 
2849 4258 
2850 4958 4926 
2851 3006 
2852 4990 
2853 4928 
2854 4966 4943 
2855 4892 
2856 4922 
2857 4945 
2858 4859 
2859 4292 
2860 4962 
2861 4571 
2862 3006 
2863 4991 
2864 4988 
2865 4986 
2866 4929 
2867 4839 
2868 3694 
2869 4641 
2870 4928 
2871 4676 
2872 3006 
2873 4568 
2874 4652 
2875 4972 
2876 4997 
2877 4652 
2878 1189 
2879 4534 
2880 4940 
2881 4997 
2882 4943 
2883 4991 
2884 4892 
2885 4963 
2886 4987 
2887 4997 
2888 4927 4404 
2889 4993 
2890 4964 
2891 4597 
2892 4987 
2893 4928 
2894 4947 
2895 4943 
2896 4902 
2897 4996 
2898 4930 
2899 4758 4807 
2900 4742 
2901 4256 
2902 4823 
2903 2537 
2904 4892 
2905 4945 
2906 4825 
2907 5000 
2908 4964 
2909 4592 
2910 4945 
2911 4868 
2912 4580 
2913 4627 
2914 4273 
2915 4901 
2916 4657 4447 4997 
2917 4880 
2918 4899 
2919 4292 
2920 4639 
2921 4641 
2922 4958 
2923 4859 
2924 4365 
2925 4627 
2926 4969 
2927 4951 
2928 4660 
2929 4848 
2930 4986 
2931 4929 
2932 4965 
2933 4845 
2934 4823 
2935 4903 
2936 4866 
2937 4933 
2938 4968 
2939 4592 
2940 4899 
2941 4952 4641 4862 
2942 4720 
2943 4845 
2944 3259 4760 
2945 4258 
2946 4962 
2947 4755 4991 4993 
2948 4534 
2949 4952 
2950 4990 
2951 4028 
2952 4660 
2953 4917 
2954 3984 
2955 4825 
2956 4390 4969 4676 
2957 4972 
2958 4698 
2959 4987 
2960 4928 
2961 4461 
2962 4940 
2963 4991 
2964 4930 
2965 4465 
2966 4742 
2967 4825 
2968 4969 
2969 4947 
2970 4990 
2971 4720 
2972 4307 
2973 4657 
2974 4903 
2975 4755 
2976 4461 4966 4457 
2977 4825 
2978 3006 
2979 4892 4652 4952 
2980 4928 
2981 4969 
2982 3738 
2983 4988 
2984 4901 4952 4963 
2985 4899 
2986 4876 
2987 4990 
2988 4916 
2989 4963 
2990 4972 
2991 4980 
2992 4916 
2993 4943 4993 
2994 4940 
2995 3259 
2996 4678 
2997 4947 
2998 4916 
2999 4953 
3000 4247 4986 
3001 4933 4968 4969 
3002 4825 
3003 4639 
3004 4969 
3005 4947 4953 4895 
3006 3006 
3007 4968 
3008 4933 
3009 4990 
3010 4901 
3011 4947 
3012 4940 
3013 4980 
3014 4879 
3015 4996 
3016 4995 
3017 4987 
3018 4927 
3019 4839 
3020 4996 
3021 4755 4823 4859 
3022 4465 
3023 4962 
3024 4698 
3025 5000 
3026 4465 
3027 4247 
3028 4899 
3029 4868 
3030 4995 
3031 4868 
3032 4859 
3033 3984 
3034 4966 
3035 4995 
3036 4866 
3037 4930 
3038 4933 3006 4892 
3039 4307 
3040 4627 
3041 4902 
3042 4899 
3043 4980 
3044 4929 
3045 4854 
3046 4990 
3047 4258 
3048 4457 
3049 4419 
3050 4876 
3051 4851 
3052 4914 
3053 4987 4839 4901 
3054 3198 
3055 4927 
3056 4961 
3057 4927 
3058 4993 
3059 4597 
3060 4613 
3061 3694 4981 
3062 4879 4968 
3063 4943 
3064 4862 
3065 4962 
3066 4962 
3067 4880 
3068 4755 
3069 4823 
3070 4641 
3071 4899 
3072 4641 
3073 4859 
3074 4859 
3075 4926 
3076 4952 
3077 3738 
3078 2603 4660 
3079 4998 
3080 4933 4895 5000 
3081 4953 
3082 4876 
3083 4995 4447 4639 
3084 4952 
3085 4823 
3086 3694 
3087 4866 
3088 4851 
3089 4966 
3090 4933 
3091 4945 
3092 4866 
3093 1193 
3094 4989 
3095 4252 4947 4899 
3096 4660 
3097 4064 
3098 4457 
3099 4461 
3100 4990 3167 4989 
3101 4914 4988 
3102 4930 
3103 4854 
3104 4419 
3105 4969 
3106 4928 
3107 4916 
3108 4525 
3109 4940 4996 4969 
3110 4825 
3111 4902 
3112 3916 
3113 4990 
3114 4859 4997 
3115 4961 
3116 4998 
3117 4641 
3118 4986 
3119 4951 
3120 4998 
3121 4864 
3122 4903 
3123 4966 
3124 4945 
3125 4952 
3126 4966 
3127 4742 4953 4825 
3128 3006 
3129 4995 
3130 4866 
3131 4839 
3132 4963 
3133 4996 
3134 4848 
3135 4725 
3136 4383 
3137 4933 
3138 4892 
3139 4854 
3140 4720 
3141 4989 
3142 4998 
3143 4864 
3144 4720 
3145 3006 
3146 4901 
3147 4997 4969 
3148 4816 
3149 2603 
3150 4964 
3151 4928 
3152 4404 
3153 4525 
3154 4742 
3155 4998 
3156 4928 
3157 4758 
3158 4917 
3159 4365 
3160 4256 
3161 4998 
3162 4928 
3163 4419 3738 
3164 4963 
3165 4980 
3166 4755 
3167 3167 
3168 4349 
3169 4980 
3170 4969 
3171 4914 
3172 4273 
3173 4947 
3174 4854 
3175 4880 
3176 4998 
3177 4927 
3178 4902 
3179 1189 
3180 4720 
3181 4597 
3182 4981 
3183 4962 
3184 4929 
3185 4901 
3186 4902 
3187 4991 
3188 4940 
3189 4917 
3190 4963 
3191 4996 
3192 4990 
3193 4845 
3194 4986 
3195 4952 
3196 4720 
3197 4926 
3198 3198 
3199 4304 
3200 4597 
3201 4916 
3202 4823 
3203 4678 
3204 4868 
3205 4917 
3206 4927 
3207 4660 
3208 4911 
3209 4986 
3210 4880 3984 4918 
3211 4698 
3212 4592 
3213 4302 
3214 4922 
3215 3694 
3216 4933 
3217 4987 
3218 4951 
3219 2537 
3220 4903 
3221 4968 
3222 4825 
3223 4972 
3224 4641 
3225 4940 
3226 4917 
3227 4981 
3228 3989 
3229 4447 
3230 4876 
3231 4963 
3232 4879 
3233 4433 
3234 4953 
3235 4273 
3236 4613 4943 4903 
3237 4862 
3238 4903 
3239 4933 4922 4990 4929 
3240 4916 
3241 4916 
3242 4862 
3243 4969 
3244 2537 
3245 4962 4383 4433 4969 
3246 4964 
3247 4868 
3248 4926 
3249 4627 
3250 4627 
3251 4952 
3252 4911 
3253 4876 
3254 4952 4769 4922 4854 
3255 4805 
3256 2793 
3257 4530 2537 3694 
3258 4028 
3259 3259 
3260 4963 
3261 4969 
3262 4307 
3263 4781 
3264 4899 
3265 4914 
3266 4580 
3267 4592 
3268 4996 
3269 4958 
3270 4953 
3271 4965 
3272 4859 
3273 4404 
3274 4986 
3275 4997 
3276 4758 
3277 4998 
3278 4807 
3279 4273 
3280 4365 
3281 4997 
3282 4660 
3283 4933 
3284 4995 
3285 4930 
3286 4592 
3287 4980 
3288 4969 
3289 4968 
3290 4922 
3291 4273 
3292 4755 
3293 4964 
3294 4879 
3295 4657 
3296 4895 
3297 4928 
3298 4641 
3299 4571 
3300 4914 
3301 4758 
3302 4917 
3303 4657 
3304 4993 
3305 4457 
3306 4851 4945 4972 
3307 4028 
3308 4929 
3309 4807 
3310 4962 
3311 4940 
3312 4868 
3313 4681 
3314 4947 
3315 4961 
3316 4958 
3317 4876 
3318 2603 
3319 4958 
3320 4851 
3321 4953 
3322 4980 
3323 4962 4720 4911 
3324 4404 4864 4892 
3325 4911 
3326 4995 
3327 4720 
3328 4998 4903 4781 4823 
3329 4930 
3330 4597 
3331 4962 
3332 4845 
3333 4698 
3334 4916 
3335 4825 
3336 4933 
3337 4933 
3338 4995 
3339 4304 
3340 4986 
3341 3738 
3342 4930 
3343 4916 
3344 4365 
3345 4964 
3346 4933 
3347 4758 
3348 4972 
3349 4961 
3350 4892 
3351 4864 
3352 4987 
3353 4571 
3354 4968 
3355 4990 4725 4862 
3356 4993 
3357 4698 
3358 4899 
3359 4928 
3360 4851 
3361 4525 
3362 4769 
3363 4931 
3364 2603 
3365 4952 
3366 4996 4678 4981 4839 
3367 4947 
3368 4966 
3369 4681 
3370 4940 
3371 4918 
3372 4940 
3373 4769 
3374 4404 
3375 4947 
3376 4986 
3377 4952 
3378 4302 
3379 4958 
3380 4901 
3381 4383 
3382 4997 
3383 2572 4805 4306 4997 
3384 4952 4951 4993 4987 
3385 4895 
3386 4945 
3387 4972 
3388 4988 
3389 4927 
3390 4981 
3391 4911 4461 
3392 4997 
3393 4989 
3394 4534 
3395 4991 
3396 4927 
3397 4993 
3398 4639 4859 4986 
3399 4698 
3400 4922 
3401 4805 
3402 4990 
3403 4365 
3404 4903 
3405 4641 
3406 4447 
3407 4859 
3408 4996 
3409 4805 
3410 4892 
3411 4879 
3412 4952 
3413 4365 
3414 4252 
3415 4966 
3416 4987 
3417 4961 4760 4931 
3418 4825 
3419 4987 
3420 4252 
3421 4991 
3422 4997 
3423 4930 
3424 4931 
3425 4987 
3426 4917 
3427 4953 
3428 4627 
3429 4926 
3430 4951 
3431 5000 
3432 4943 
3433 4958 
3434 4879 4903 4639 4991 
3435 4997 
3436 2603 
3437 4940 
3438 4940 
3439 4465 
3440 4627 
3441 4928 
3442 4998 4742 4972 
3443 4952 
3444 4993 
3445 4903 
3446 4962 
3447 4864 4952 4993 
3448 4273 
3449 4028 
3450 2572 
3451 4998 
3452 4996 4917 4968 
3453 5000 
3454 4951 
3455 3006 
3456 2603 
3457 4657 
3458 4742 
3459 2793 
3460 4676 
3461 4864 
3462 4807 
3463 4993 
3464 4903 
3465 3694 
3466 4769 
3467 4825 
3468 4365 
3469 4911 
3470 4678 
3471 4903 
3472 3006 
3473 4681 
3474 4968 
3475 4947 
3476 4461 
3477 4995 4665 4947 
3478 4926 
3479 4918 
3480 2537 
3481 4962 
3482 4965 
3483 4998 
3484 4678 
3485 4958 
3486 4304 
3487 3259 
3488 4965 
3489 4930 
3490 4880 
3491 4772 4457 4926 
3492 4953 
3493 4580 
3494 4758 
3495 4929 
3496 1193 
3497 4995 
3498 4592 4981 
3499 4965 
3500 4365 4892 4760 
3501 3198 
3502 4927 
3503 4945 
3504 4966 
3505 4876 
3506 4989 
3507 3916 4962 
3508 4864 
3509 4972 
3510 4966 
3511 4962 
3512 4986 
3513 4592 
3514 4953 
3515 4698 
3516 4969 
3517 4991 
3518 4953 
3519 4931 
3520 4911 
3521 4880 
3522 4698 
3523 4854 
3524 4902 4349 4958 
3525 4901 
3526 4568 
3527 4991 
3528 4914 
3529 4879 
3530 4987 
3531 2793 
3532 4613 
3533 4969 
3534 4989 
3535 1193 
3536 4592 
3537 4958 
3538 4998 
3539 4902 
3540 4304 
3541 4028 
3542 4953 
3543 4952 
3544 4940 4966 
3545 4918 
3546 4916 
3547 4580 
3548 4986 
3549 4895 
3550 4568 
3551 4911 
3552 4720 
3553 4931 
3554 4972 
3555 4530 
3556 4929 
3557 4940 
3558 4922 
3559 4525 
3560 4903 
3561 4465 
3562 4969 
3563 4823 
3564 4760 
3565 4996 
3566 4899 
3567 4981 
3568 4755 
3569 4986 
3570 4639 
3571 4917 
3572 4998 
3573 3916 
3574 4945 
3575 4390 
3576 4592 
3577 4534 
3578 4929 
3579 4676 
3580 4845 
3581 4028 
3582 4742 
3583 4962 4933 4742 
3584 4859 
3585 4918 
3586 4627 
3587 4961 
3588 3694 
3589 4580 4772 
3590 4613 
3591 4805 
3592 4987 
3593 3006 
3594 4859 
3595 4657 
3596 4914 
3597 4534 
3598 4958 4839 
3599 4725 
3600 4639 
3601 4981 
3602 4390 
3603 4725 
3604 4958 
3605 4953 
3606 4390 
3607 4928 
3608 4064 
3609 4945 
3610 5000 
3611 4825 
3612 4991 
3613 4990 
3614 4698 
3615 4940 
3616 4930 
3617 4864 
3618 4951 4988 4943 
3619 4902 
3620 4879 
3621 4945 
3622 4930 
3623 4922 
3624 4895 
3625 4997 
3626 4991 
3627 4947 
3628 3167 4678 4665 4725 
3629 4986 
3630 4839 
3631 4929 
3632 4961 
3633 4916 
3634 4660 
3635 4781 
3636 3006 
3637 4997 
3638 4930 
3639 4972 
3640 4895 
3641 4252 4580 4962 
3642 4990 
3643 4525 
3644 4758 
3645 4933 
3646 4930 
3647 4758 4930 4917 
3648 4864 
3649 4997 
3650 4933 
3651 4851 
3652 4665 
3653 4859 
3654 4720 
3655 4995 
3656 4851 
3657 4866 
3658 4597 4720 4781 4940 
3659 4953 
3660 4892 
3661 4917 
3662 4995 
3663 4758 
3664 4972 
3665 4256 4681 
3666 4972 
3667 4306 
3668 5000 
3669 4914 
3670 4879 
3671 1189 
3672 4807 
3673 4952 4880 4980 
3674 4419 
3675 4916 
3676 4742 
3677 4028 
3678 4839 4864 4990 4876 
3679 4952 
3680 4996 4989 
3681 4571 
3682 4258 
3683 4880 
3684 4952 4825 
3685 4742 4534 4772 
3686 4969 
3687 4933 
3688 4676 
3689 4306 
3690 4969 
3691 4725 
3692 4273 
3693 4772 
3694 3694 
3695 4917 
3696 4678 
3697 4823 
3698 4525 4848 4947 
3699 4851 
3700 4807 
3701 4930 
3702 4952 
3703 3989 
3704 4876 
3705 4996 
3706 4028 
3707 4781 
3708 4592 
3709 4933 
3710 4940 4995 4990 
3711 4928 
3712 4465 
3713 4862 4929 
3714 4676 
3715 4769 
3716 4943 
3717 4926 
3718 3006 
3719 4571 
3720 4825 
3721 4989 
3722 4895 
3723 4349 
3724 4825 
3725 4825 
3726 4383 
3727 4825 
3728 4597 4652 
3729 4652 
3730 4568 
3731 4968 
3732 4665 
3733 4390 
3734 4769 
3735 4903 
3736 4962 
3737 4993 
3738 3738 
3739 4914 
3740 4461 
3741 4698 
3742 4807 
3743 4349 
3744 4918 
3745 4991 
3746 4997 
3747 4963 
3748 4968 
3749 4918 4922 4676 
3750 4951 
3751 4931 
3752 4945 
3753 5000 4947 
3754 4966 
3755 4365 
3756 4657 4943 4922 
3757 4903 
3758 4781 
3759 4991 
3760 4876 
3761 4307 
3762 4247 
3763 4895 
3764 4592 
3765 4571 
3766 4952 
3767 4864 4465 4964 
3768 4895 
3769 4988 
3770 4987 
3771 4968 
3772 4964 
3773 4996 4652 4933 
3774 4945 
3775 4868 
3776 4995 
3777 5000 
3778 4390 
3779 4256 
3780 4933 
3781 4862 
3782 4966 
3783 4769 
3784 4903 
3785 4823 
3786 4660 
3787 3738 
3788 4404 
3789 2572 4988 4997 
3790 4902 
3791 3694 4660 4805 4028 
3792 3738 4902 4947 
3793 4304 
3794 4895 
3795 4931 
3796 4927 
3797 4854 
3798 4862 
3799 4592 
3800 4962 
3801 4922 
3802 4965 
3803 4879 2572 4969 4918 
3804 4947 
3805 4945 
3806 4991 
3807 4917 
3808 4848 
3809 4851 
3810 4678 
3811 4698 
3812 4940 
3813 2572 
3814 4929 
3815 4720 
3816 4678 
3817 4995 4252 3259 
3818 4895 
3819 4995 
3820 4720 
3821 4986 
3822 4945 4931 
3823 3984 4986 4987 
3824 4945 
3825 4457 
3826 4028 
3827 4916 
3828 4933 
3829 4990 
3830 4926 
3831 4998 
3832 4945 
3833 4895 
3834 4917 
3835 4892 
3836 4947 
3837 4966 
3838 4866 
3839 4962 4652 
3840 4951 
3841 4991 
3842 4947 
3843 4698 
3844 5000 
3845 4390 4968 4991 
3846 4866 
3847 4911 
3848 4839 
3849 4805 
3850 4951 
3851 4258 
3852 4991 
3853 4851 
3854 4876 
3855 4678 
3856 4988 
3857 4433 
3858 4816 
3859 4966 
3860 4922 
3861 4965 
3862 4627 
3863 4901 4996 4918 
3864 4304 
3865 4901 
3866 4940 
3867 4866 
3868 2537 
3869 4989 
3870 3984 
3871 4940 
3872 4256 
3873 3989 
3874 4895 
3875 4989 
3876 4981 
3877 4988 
3878 4652 
3879 4930 
3880 4986 
3881 2603 4613 4962 
3882 4742 4880 4947 
3883 3984 
3884 3006 
3885 4917 
3886 4958 
3887 4926 
3888 4953 
3889 4947 
3890 4613 
3891 4365 
3892 4845 
3893 4922 
3894 4805 
3895 4969 
3896 3738 4302 
3897 4864 
3898 4678 
3899 4447 
3900 4969 
3901 4725 
3902 4657 
3903 4962 4927 4892 
3904 4665 
3905 4457 
3906 4652 
3907 4383 
3908 4755 
3909 4307 4914 4968 4926 
3910 4961 
3911 4918 
3912 4252 4758 4901 
3913 4989 
3914 4851 
3915 4961 
3916 3916 
3917 4665 
3918 4383 
3919 4613 4993 4457 
3920 4304 
3921 4911 
3922 4962 
3923 4988 
3924 4962 
3925 4807 
3926 4989 
3927 4988 
3928 4760 
3929 4972 
3930 4995 
3931 4064 
3932 4839 
3933 4945 
3934 4461 
3935 4930 
3936 4929 
3937 4851 4892 4665 4922 
3938 4969 
3939 4064 
3940 4993 
3941 4972 
3942 4922 
3943 4665 
3944 4880 
3945 4807 
3946 4940 
3947 4998 
3948 3984 
3949 4252 
3950 4902 
3951 4965 
3952 4839 
3953 4951 
3954 4678 
3955 4899 
3956 4845 
3957 4769 
3958 4805 
3959 4390 
3960 4755 
3961 4972 
3962 4825 
3963 4592 
3964 4966 
3965 4990 
3966 4530 4895 4961 
3967 4652 
3968 4868 
3969 4995 
3970 4273 
3971 4943 
3972 4534 
3973 4929 
3974 4390 
3975 4720 
3976 4247 
3977 4769 
3978 4365 
3979 4252 
3980 4989 
3981 4805 
3982 4987 
3983 4964 
3984 3984 
3985 4930 
3986 4918 
3987 4987 
3988 4698 
3989 3989 
3990 4990 
3991 4945 
3992 4868 
3993 4742 
3994 4895 
3995 4945 
3996 4903 
3997 4864 
3998 4961 
3999 4304 
4000 4755 
4001 4930 
4002 4968 
4003 4534 
4004 4998 
4005 4930 
4006 4990 
4007 4962 
4008 4892 4273 4676 
4009 4698 
4010 4823 
4011 4952 
4012 4943 
4013 4901 
4014 4580 
4015 2572 
4016 4969 
4017 4845 
4018 4986 
4019 4772 
4020 4457 
4021 4864 
4022 4952 
4023 2537 
4024 4859 
4025 4742 
4026 4986 
4027 4951 
4028 4028 
4029 4943 
4030 4256 
4031 4457 
4032 4927 
4033 4962 2603 4943 
4034 4447 
4035 4862 
4036 4302 
4037 4247 
4038 4678 
4039 1189 
4040 4996 
4041 4996 
4042 4945 
4043 4433 
4044 4929 
4045 4823 
4046 4592 4981 4383 
4047 4947 
4048 4698 
4049 4419 
4050 4868 
4051 4769 
4052 4981 
4053 4962 
4054 4859 
4055 4639 
4056 4592 
4057 4895 
4058 4972 
4059 4998 
4060 2793 
4061 4880 
4062 4953 
4063 4998 
4064 4064 
4065 4996 
4066 4742 4940 
4067 4698 
4068 4951 
4069 4981 
4070 4742 
4071 4996 
4072 4986 
4073 4868 
4074 4922 
4075 4914 
4076 4571 
4077 4972 
4078 4365 
4079 4972 
4080 4927 
4081 4933 
4082 4028 4995 4952 
4083 4987 
4084 4997 
4085 4862 
4086 4961 
4087 4465 
4088 4866 4302 4988 4903 
4089 4998 
4090 3006 
4091 4953 
4092 4758 
4093 4895 
4094 4781 
4095 4899 
4096 4987 
4097 4922 
4098 4988 
4099 4461 4995 4922 4864 
4100 4928 
4101 4627 
4102 4996 
4103 4943 
4104 4854 
4105 4931 
4106 4989 
4107 4839 
4108 4969 
4109 4306 4580 4981 
4110 4862 
4111 4952 
4112 4302 
4113 4530 
4114 4627 
4115 4927 
4116 4917 4597 4758 4845 
4117 4962 
4118 4933 
4119 4962 
4120 4419 
4121 4952 
4122 4986 
4123 4825 
4124 4901 
4125 4613 
4126 4928 
4127 4927 
4128 4698 4568 3006 4580 
4129 4996 
4130 4457 
4131 4848 
4132 4823 
4133 4769 
4134 4947 
4135 4958 
4136 4998 
4137 4433 
4138 4969 
4139 3984 
4140 4964 
4141 4917 
4142 4720 
4143 4929 
4144 4580 
4145 4917 
4146 4958 
4147 4641 
4148 4839 
4149 4958 
4150 4922 
4151 3989 4963 4613 4899 
4152 3006 
4153 4825 
4154 4758 
4155 4953 
4156 4917 
4157 4823 
4158 4304 
4159 4991 4916 4851 
4160 4823 
4161 4966 
4162 2572 
4163 4864 
4164 4988 
4165 4969 
4166 4953 
4167 4892 4879 4851 4769 
4168 4926 
4169 4933 
4170 4816 
4171 4868 
4172 4823 
4173 4961 4304 4868 4993 
4174 4823 
4175 4902 
4176 4968 
4177 4958 
4178 4769 
4179 4256 
4180 4839 
4181 4911 
4182 4969 
4183 4665 
4184 4868 
4185 4825 
4186 5000 
4187 4862 
4188 4627 
4189 2793 4678 5000 4742 
4190 4961 
4191 4064 4868 4918 4968 
4192 4307 
4193 4903 
4194 4676 
4195 4965 
4196 4525 
4197 4899 4247 4720 4928 
4198 4998 
4199 4928 
4200 4988 
4201 4306 
4202 4627 
4203 4652 
4204 4997 
4205 4899 
4206 4931 
4207 4866 
4208 4958 3006 4525 2572 
4209 4256 
4210 4988 
4211 4986 
4212 3694 
4213 4945 
4214 4958 
4215 4851 
4216 4781 4991 4996 4911 
4217 4660 
4218 4571 
4219 4931 
4220 4868 
4221 3259 4349 4678 4962 
4222 4958 
4223 4816 
4224 4961 
4225 4292 
4226 4933 
4227 4258 
4228 4966 
4229 4962 
4230 4996 
4231 4990 
4232 4742 
4233 4972 
4234 4947 
4235 4613 4307 4961 
4236 5000 
4237 4862 
4238 4816 
4239 4848 
4240 4996 4968 4845 
4241 4945 
4242 4945 4990 4879 4758 
4243 4306 4995 4530 4258 
4244 4895 
4245 4641 
4246 2537 
4247 4247 
4248 4880 
4249 4433 
4250 4943 
4251 4961 
4252 4252 
4253 4927 
4254 4868 
4255 4755 
4256 4256 
4257 4927 
4258 4258 
4259 4930 
4260 4940 
4261 4943 
4262 3738 
4263 4781 
4264 4864 
4265 4998 
4266 4918 
4267 4966 
4268 4807 
4269 3006 4720 4534 4848 
4270 4953 
4271 4845 
4272 4457 
4273 4273 
4274 4927 
4275 4952 
4276 4859 
4277 4902 
4278 4816 
4279 4990 4252 4927 3006 
4280 4862 
4281 4951 
4282 4681 
4283 4823 4720 4998 4698 
4284 3006 
4285 4995 
4286 4247 
4287 4807 
4288 4996 
4289 4571 
4290 4895 
4291 4851 
4292 4292 
4293 4996 
4294 4926 
4295 4961 
4296 4568 
4297 4876 
4298 4911 5000 4825 4681 
4299 4805 
4300 4918 
4301 4660 
4302 4302 
4303 4698 
4304 4304 
4305 4943 
4306 4306 
4307 4307 
4308 4901 
4309 4927 
4310 4247 
4311 4597 
4312 4926 
4313 4953 
4314 4990 
4315 4676 
4316 4995 
4317 4951 
4318 4998 4807 4851 4698 
4319 4457 
4320 4988 
4321 4534 
4322 4916 
4323 4868 
4324 4864 
4325 4864 
4326 4998 
4327 4990 
4328 4987 
4329 4996 
4330 4758 
4331 4918 
4332 4964 
4333 4997 
4334 4989 
4335 4993 
4336 4933 
4337 4892 
4338 4805 
4339 4816 
4340 4953 
4341 4899 
4342 4758 
4343 4769 
4344 4823 
4345 4922 
4346 4899 
4347 4627 
4348 5000 
4349 4349 
4350 4922 
4351 4365 
4352 4990 
4353 4390 
4354 4698 
4355 4755 
4356 4868 
4357 4868 4247 4880 4996 
4358 4953 
4359 4859 
4360 4457 
4361 4987 
4362 4902 4958 4823 
4363 4980 
4364 4781 
4365 4365 
4366 4961 
4367 4943 
4368 4991 
4369 4958 
4370 4592 
4371 4916 
4372 4953 
4373 4742 
4374 4916 
4375 4880 
4376 4929 
4377 4769 
4378 4914 4986 4989 4991 
4379 4958 
4380 4987 
4381 3167 
4382 4848 
4383 4383 
4384 4258 
4385 3916 
4386 4580 
4387 4952 
4388 4383 
4389 4307 2603 4914 4940 
4390 4390 
4391 3006 
4392 4899 
4393 3006 
4394 4879 
4395 4028 
4396 4961 
4397 4868 
4398 4901 
4399 4592 4864 4958 
4400 4972 
4401 4758 
4402 4457 
4403 4916 
4404 4404 
4405 4922 
4406 4998 
4407 4899 
4408 4639 
4409 4698 
4410 4968 
4411 4652 
4412 4854 
4413 4945 2793 4866 4383 
4414 4879 4995 4433 
4415 4851 
4416 4720 
4417 4990 
4418 4349 
4419 4419 
4420 4928 4969 4988 4964 
4421 4972 
4422 4916 
4423 4404 
4424 5000 
4425 4993 
4426 4854 
4427 4823 
4428 4969 
4429 4627 
4430 4742 4914 4947 4755 
4431 3738 
4432 4990 
4433 4433 
4434 4805 
4435 4993 
4436 4848 3006 3259 4698 
4437 4901 
4438 4961 
4439 4457 
4440 4652 
4441 4304 
4442 4945 
4443 4433 
4444 4725 
4445 4991 
4446 4930 
4447 4447 
4448 4769 4306 4868 4839 
4449 4848 
4450 4947 4981 4676 3916 
4451 4627 
4452 4940 
4453 4993 
4454 4987 
4455 4981 
4456 4972 
4457 4457 
4458 4404 
4459 4816 
4460 4876 
4461 4461 
4462 4845 
4463 4990 
4464 4306 
4465 4465 
4466 4964 
4467 4678 4980 4304 4892 
4468 4947 
4469 4720 
4470 4823 
4471 4988 
4472 4966 
4473 4929 
4474 4914 
4475 4678 
4476 4969 
4477 4969 
4478 4892 
4479 4866 
4480 4892 
4481 4825 
4482 4760 
4483 4947 
4484 3989 4534 4571 4987 
4485 4917 
4486 4876 
4487 4968 
4488 4864 
4489 4911 
4490 4968 
4491 4678 
4492 4665 
4493 4987 2537 4864 4916 
4494 4902 
4495 4926 
4496 4952 
4497 4940 4911 4965 4760 
4498 4258 
4499 4958 
4500 4903 
4501 3259 
4502 4997 
4503 4995 
4504 4273 4758 4306 4848 
4505 4927 
4506 4825 
4507 4902 
4508 4839 
4509 4823 
4510 4998 
4511 4911 4720 4918 4755 
4512 4678 
4513 4931 
4514 4866 4895 4720 4868 
4515 4998 
4516 4997 
4517 4953 
4518 4963 4989 4966 4823 
4519 4927 
4520 4927 
4521 4930 
4522 3006 
4523 4859 
4524 4969 
4525 4525 
4526 4981 
4527 4862 
4528 4571 
4529 4996 
4530 4530 
4531 4665 
4532 4965 
4533 4972 
4534 4534 
4535 4698 
4536 4868 
4537 4676 
4538 4864 
4539 4433 
4540 4961 4929 4892 4917 
4541 4993 
4542 4758 
4543 4816 
4544 4940 
4545 4916 
4546 4952 
4547 4922 
4548 4903 
4549 4990 4864 4465 
4550 4657 
4551 4807 
4552 4929 4968 4880 4876 
4553 4772 4758 4064 4895 
4554 4991 
4555 4929 
4556 4989 
4557 4899 
4558 4859 
4559 4930 
4560 4720 
4561 4952 4940 4962 4964 
4562 4848 
4563 4758 
4564 4862 
4565 4930 
4566 4940 
4567 4876 
4568 4568 
4569 4383 
4570 4961 
4571 4571 
4572 2572 
4573 4902 
4574 4917 
4575 4864 
4576 4665 
4577 4951 
4578 4902 
4579 4928 
4580 4580 
4581 4903 4349 4816 4993 
4582 4990 
4583 4292 
4584 4918 
4585 4902 
4586 4639 
4587 4931 
4588 4758 
4589 4962 
4590 4868 
4591 4657 4958 3989 4990 
4592 4592 
4593 3006 4995 4660 4805 
4594 4916 
4595 4953 
4596 4929 
4597 4597 
4598 4990 
4599 4816 
4600 4929 
4601 4720 
4602 4953 
4603 4981 
4604 4962 
4605 4997 
4606 4825 
4607 4930 
4608 4968 
4609 4951 
4610 4866 
4611 4964 
4612 1193 4641 4928 4903 
4613 4613 
4614 4769 
4615 4627 4987 4958 4989 
4616 4755 
4617 4969 
4618 4922 
4619 4760 
4620 4899 4627 4859 4951 
4621 4964 
4622 4755 4966 4996 4772 
4623 4848 
4624 4916 
4625 4720 4995 4961 4349 
4626 4652 
4627 4627 
4628 4990 
4629 4854 
4630 4901 
4631 4993 
4632 4927 
4633 4952 
4634 4901 
4635 3167 4880 3006 4997 
4636 4991 
4637 4964 
4638 4951 
4639 4639 
4640 4859 
4641 4641 
4642 4940 
4643 4952 
4644 4947 
4645 4876 
4646 4986 
4647 4951 
4648 4917 
4649 3006 4914 4966 4991 
4650 4725 
4651 4028 
4652 4652 
4653 4926 
4654 4998 
4655 4851 
4656 4929 
4657 4657 
4658 4918 
4659 4993 
4660 4660 
4661 4929 
4662 4986 
4663 4899 
4664 4866 
4665 4665 
4666 4933 
4667 4989 
4668 4947 
4669 3006 
4670 4927 
4671 4930 
4672 4945 
4673 4639 
4674 4918 
4675 4895 
4676 4676 
4677 4922 
4678 4678 
4679 4825 
4680 4933 
4681 4681 
4682 4930 4892 4457 4676 
4683 4916 
4684 4914 
4685 4892 
4686 4758 
4687 4995 
4688 4895 
4689 4769 
4690 4998 
4691 2537 4530 4465 4947 
4692 4911 
4693 1193 4997 4969 4998 
4694 4930 4854 4902 4958 
4695 4988 
4696 4592 2572 4848 4969 
4697 4760 
4698 4698 
4699 4989 
4700 4997 
4701 4962 
4702 4892 
4703 4880 
4704 4998 4845 4854 4868 
4705 4258 4940 4953 4945 
4706 4997 
4707 4929 
4708 4698 
4709 4989 
4710 4720 
4711 4918 
4712 4951 4725 4911 4698 
4713 4807 
4714 4864 
4715 4627 
4716 4947 
4717 4940 
4718 4028 
4719 4652 
4720 4720 
4721 4929 
4722 4678 4958 4987 4665 
4723 4987 
4724 4720 
4725 4725 
4726 4304 
4727 4769 
4728 4922 
4729 4986 
4730 4931 
4731 4823 
4732 4918 
4733 4922 
4734 4997 
4735 4958 
4736 4997 
4737 4995 
4738 4825 
4739 4839 
4740 4931 
4741 4969 
4742 4742 
4743 4945 
4744 4922 
4745 4859 4962 4991 4807 
4746 4969 
4747 4854 
4748 4916 
4749 4892 
4750 4868 
4751 5000 
4752 4928 
4753 4987 
4754 4918 
4755 4755 
4756 4876 
4757 4825 
4758 4758 
4759 4986 4755 4868 4964 
4760 4760 
4761 4864 
4762 4990 
4763 4845 
4764 4390 4862 4928 4698 
4765 4922 
4766 4258 4940 4996 4987 
4767 4953 
4768 4911 
4769 4769 
4770 4968 
4771 4922 4990 4953 4534 
4772 4772 
4773 4991 
4774 4969 
4775 4947 
4776 4987 
4777 4903 
4778 4859 
4779 4760 
4780 4926 
4781 4781 
4782 4962 
4783 4862 
4784 4958 
4785 4943 
4786 3006 
4787 4848 
4788 4989 
4789 4302 4911 4064 4972 
4790 4953 
4791 4868 
4792 4807 
4793 4899 
4794 4986 
4795 4991 
4796 4916 
4797 4962 
4798 4876 
4799 4989 4998 4995 4825 
4800 4917 
4801 4991 
4802 4996 
4803 4720 
4804 4892 
4805 4805 
4806 4854 
4807 4807 
4808 4895 
4809 4951 
4810 4862 
4811 4945 
4812 4987 
4813 4902 
4814 4966 
4815 3006 4903 4961 4968 
4816 4816 
4817 4922 
4818 4947 
4819 4962 
4820 4917 
4821 4880 
4822 4899 
4823 4823 
4824 4859 
4825 4825 
4826 4945 
4827 4901 
4828 2793 4899 3006 4947 
4829 4990 
4830 4928 
4831 4969 
4832 4868 
4833 4931 
4834 4933 
4835 4993 
4836 4968 
4837 4892 
4838 4681 4998 4859 4981 
4839 4839 
4840 4991 
4841 4995 
4842 4917 4720 4916 4965 
4843 4943 
4844 4969 
4845 4845 
4846 4951 
4847 4678 4972 2537 4947 
4848 4848 
4849 4947 4998 4823 4981 
4850 4969 
4851 4851 
4852 4864 4613 4657 4028 
4853 4966 
4854 4854 
4855 4989 
4856 4986 4580 4892 4953 
4857 4991 4769 5000 4876 
4858 4859 
4859 4859 
4860 4966 
4861 4989 
4862 4862 
4863 4986 
4864 4864 
4865 3259 4447 4720 4433 
4866 4866 
4867 4902 
4868 4868 
4869 4383 4997 4892 4825 
4870 4899 
4871 4972 
4872 4868 
4873 4993 
4874 4899 4965 4966 4986 
4875 3198 4903 4781 4990 
4876 4876 
4877 4952 
4878 4945 
4879 4879 
4880 4880 
4881 4997 
4882 4952 
4883 4917 
4884 4952 4928 4901 4953 
4885 4859 
4886 3167 4917 4947 4760 
4887 4876 
4888 4903 
4889 4952 
4890 4859 
4891 4859 
4892 4892 
4893 4926 
4894 4933 
4895 4895 
4896 4928 
4897 4461 4064 4966 4968 
4898 4969 
4899 4899 
4900 4972 
4901 4901 
4902 4902 
4903 4903 
4904 4963 4698 4928 4989 
4905 4928 
4906 4678 
4907 4986 
4908 4947 
4909 4961 
4910 4981 
4911 4911 
4912 4962 
4913 4993 
4914 4914 
4915 4997 
4916 4916 
4917 4917 
4918 4918 
4919 4940 
4920 4993 4929 4304 4848 
4921 4952 
4922 4922 
4923 4997 
4924 4911 4868 4807 4660 
4925 4966 4996 3989 4892 
4926 4926 
4927 4927 
4928 4928 
4929 4929 
4930 4930 
4931 4931 
4932 4969 
4933 4933 
4934 4968 
4935 4969 
4936 4927 4922 4968 4991 
4937 4892 
4938 4991 
4939 4990 
4940 4940 
4941 4933 
4942 4998 
4943 4943 
4944 4996 
4945 4945 
4946 4945 
4947 4947 
4948 4928 4952 4859 4816 
4949 4947 
4950 4901 4940 4933 4902 
4951 4951 
4952 4952 
4953 4953 
4954 4990 
4955 1193 4868 4996 4917 
4956 4964 
4957 4953 
4958 4958 
4959 4901 
4960 4952 
4961 4961 
4962 4962 
4963 4963 
4964 4964 
4965 4965 
4966 4966 
4967 3198 4995 4652 4965 
4968 4968 
4969 4969 
4970 4963 
4971 4947 
4972 4972 
4973 4991 
4974 4951 
4975 4892 
4976 4961 3694 4987 4998 
4977 4993 
4978 4953 
4979 4964 
4980 4917 4980 4901 4990 
4981 4981 
4982 4698 4028 4742 4930 
4983 4931 
4984 4968 
4985 4940 
4986 4986 
4987 4987 
4988 4988 
4989 4989 
4990 4990 
4991 4991 
4992 4916 4990 4917 4862 
4993 4993 
4994 4996 
4995 4995 
4996 4996 
4997 4997 
4998 4998 
4999 4989 
5000 5000 
