1 4816 
2 4847 
3 4812 
4 4989 
5 4448 
6 4886 
7 4949 
8 4834 
9 4976 
10 4971 
11 4986 
12 4905 
13 4899 4864 
14 4816 
15 4969 4899 4955 
16 4969 
17 4840 
18 4905 
19 4906 
20 4497 
21 4909 
22 4975 
23 4725 
24 4369 
25 4731 
26 4418 
27 4754 4968 
28 4984 
29 4678 
30 3697 
31 4938 
32 4920 
33 4942 
34 4492 
35 4283 
36 4910 4983 
37 4994 
38 3772 
39 4955 
40 4492 
41 4942 
42 2522 
43 4616 
44 4902 
45 4512 
46 3770 
47 4497 
48 4853 
49 4864 
50 4986 
51 4801 
52 4968 
53 4869 
54 4037 
55 4983 
56 4965 
57 4898 
58 4841 
59 4876 
60 4546 
61 4899 
62 4841 
63 4754 
64 3802 
65 4554 4899 4894 
66 4834 
67 4853 
68 4348 
69 4678 
70 4937 
71 4988 
72 4998 
73 4984 
74 4776 
75 3909 
76 4840 
77 4886 
78 4969 
79 4994 
80 4945 
81 4404 4261 4868 
82 4547 
83 4758 4931 
84 4943 
85 4479 4404 
86 4988 
87 4994 
88 4881 
89 4785 
90 3251 
91 4801 
92 4898 
93 4847 
94 4957 
95 4920 
96 4916 
97 4986 
98 4955 
99 4916 
100 4975 4735 4835 
101 4785 
102 4396 
103 4418 
104 4960 
105 4997 
106 4192 
107 4955 
108 4727 
109 4991 4934 4980 
110 4874 
111 4999 
112 4841 
113 4898 
114 4616 
115 4661 
116 4998 
117 4851 
118 4396 
119 4851 4619 4941 
120 4922 
121 4994 
122 4886 
123 4886 
124 4521 4685 
125 4943 
126 4965 
127 4192 
128 4740 
129 4971 
130 4990 
131 4954 4937 
132 4968 
133 4778 
134 3472 
135 4412 
136 4886 
137 4622 
138 4758 4869 
139 4081 
140 4840 
141 4477 
142 4768 
143 4318 4899 4588 
144 4943 4342 
145 4944 
146 4920 
147 4941 
148 4956 
149 4994 4806 
150 3839 4989 
151 3812 
152 4994 
153 4941 
154 4917 
155 4619 
156 4916 
157 4957 
158 4847 
159 4283 
160 3784 
161 4841 
162 4687 
163 4841 4995 
164 4448 
165 4906 
166 4327 
167 4982 
168 4727 
169 4909 
170 4864 
171 4863 
172 4418 
173 4192 
174 4988 
175 4727 
176 4982 
177 4931 
178 4577 
179 3784 
180 4853 
181 4934 
182 4773 
183 4969 
184 4574 
185 3802 
186 4980 
187 4949 
188 4362 
189 4957 
190 4876 
191 4986 
192 4984 
193 4916 
194 4920 
195 4942 
196 3802 4975 
197 4983 
198 4976 
199 4876 
200 4936 
201 4418 
202 4990 
203 4418 
204 4554 
205 4261 
206 4942 
207 4814 
208 4983 
209 4856 
210 4735 
211 4661 
212 4941 
213 4492 
214 4874 
215 4987 
216 4999 
217 4416 
218 4937 
219 4847 
220 4773 
221 4834 
222 3802 
223 4899 4954 
224 4619 
225 4416 
226 4994 
227 4910 
228 4920 
229 4291 
230 4991 
231 4962 
232 4942 
233 4853 
234 4922 
235 4902 
236 3812 
237 3427 
238 4922 
239 4434 
240 3427 
241 4778 
242 4902 
243 4396 
244 4931 
245 4213 
246 4840 
247 4869 
248 4616 
249 4834 
250 4619 
251 4942 
252 4773 4173 
253 4588 
254 4876 
255 4847 
256 4906 
257 4851 4973 
258 4434 
259 4037 4120 
260 4664 
261 4283 
262 4841 
263 4910 
264 4869 
265 4988 4554 
266 4833 
267 4418 
268 4396 
269 4965 
270 4398 
271 4785 
272 2522 
273 4785 
274 3760 
275 4999 
276 4874 
277 4934 
278 4906 
279 4874 
280 4806 
281 4806 
282 4497 2745 
283 4283 
284 4906 
285 4192 
286 4758 
287 3760 
288 4449 
289 4902 
290 4769 4357 
291 4905 
292 4327 
293 4975 
294 4758 
295 4512 
296 4945 
297 4357 4991 4995 
298 4941 
299 4547 
300 4773 
301 4727 
302 4968 
303 4841 
304 2522 
305 4946 
306 4827 
307 4814 
308 4853 
309 4934 
310 4604 
311 3896 
312 4994 
313 4973 
314 4969 
315 4975 
316 4941 
317 4778 
318 4989 
319 4906 
320 4965 
321 4664 
322 4894 
323 4037 
324 4975 
325 4512 4935 
326 4833 
327 4973 
328 4213 
329 2958 
330 4769 
331 4239 4448 
332 4773 
333 4812 
334 4492 
335 4546 
336 4687 
337 4982 
338 4976 
339 4120 4479 4778 
340 4735 
341 4291 
342 4997 
343 4778 4856 
344 3896 
345 4965 
346 4773 4425 4867 
347 4960 
348 2522 
349 4906 
350 4434 
351 4999 
352 4554 
353 4997 
354 4577 
355 4725 
356 4579 
357 3886 
358 4425 
359 4874 
360 4920 
361 4841 
362 4399 
363 4678 
364 4954 
365 4965 
366 4579 
367 4773 
368 4758 4984 
369 4938 
370 4971 4906 
371 4988 
372 4851 
373 4863 
374 4448 
375 4899 
376 4935 
377 4867 
378 4955 
379 4868 
380 4664 
381 4976 
382 4740 
383 4990 
384 2941 
385 4776 
386 4778 
387 4492 
388 4769 
389 4740 
390 4853 
391 4975 
392 4769 
393 4991 
394 4864 
395 4411 
396 4998 
397 4479 
398 4990 
399 4971 
400 4778 
401 4412 
402 4396 
403 4894 
404 4740 
405 4955 
406 4348 
407 3909 
408 4477 
409 4512 
410 4342 
411 4965 
412 4554 
413 4418 
414 4685 
415 4949 
416 4909 
417 4909 
418 4291 
419 4661 
420 4864 
421 3697 
422 4960 
423 4916 
424 4398 
425 4357 
426 4864 
427 3760 
428 4768 
429 4579 
430 4990 
431 4396 
432 4546 
433 4840 
434 4579 
435 4910 
436 3603 4937 
437 2941 
438 4934 
439 4512 
440 4998 
441 4946 
442 4899 
443 4619 
444 4994 
445 4399 
446 4969 
447 4727 
448 4853 
449 4988 
450 4909 
451 4938 
452 4102 
453 4740 
454 4678 
455 4399 
456 4814 
457 4404 
458 4740 
459 4348 
460 4990 
461 4905 
462 4954 
463 4998 
464 4965 
465 4827 
466 4814 
467 4946 
468 4998 
469 4941 
470 4577 
471 4622 4988 
472 4192 
473 4851 
474 4342 
475 4192 
476 4905 
477 4399 
478 4404 
479 4976 
480 4920 
481 4853 
482 4404 
483 4949 
484 4827 
485 4727 
486 4902 4942 4657 
487 4994 4851 4213 
488 4935 
489 4906 
490 4909 
491 4956 
492 4987 
493 4976 
494 4773 4995 
495 4982 
496 4318 4881 
497 4965 
498 4944 
499 4725 
500 4999 
501 4902 4841 
502 4975 
503 4881 
504 4554 
505 4396 
506 2958 
507 4920 
508 4938 
509 4841 
510 4776 
511 4412 
512 3472 
513 4192 4814 
514 4418 
515 4943 
516 4968 
517 4944 
518 3772 
519 4910 3560 4554 
520 4841 
521 4434 
522 4991 
523 4976 
524 4971 
525 4291 
526 3603 3721 
527 4547 
528 4851 
529 4971 
530 4994 
531 4864 
532 4906 4975 
533 4934 
534 4261 
535 4841 
536 4969 
537 3560 
538 4661 
539 4960 
540 4938 
541 3812 4954 
542 4588 
543 4876 
544 4851 
545 4931 
546 4840 
547 4851 
548 4944 
549 4841 
550 2522 
551 4412 
552 4416 
553 4881 
554 4899 
555 3472 4840 4812 
556 4841 3812 
557 4909 
558 4999 
559 4973 
560 4934 
561 4987 
562 4864 
563 4773 
564 4547 
565 4727 
566 4982 
567 4969 
568 4934 
569 4835 
570 4583 
571 4492 
572 4902 
573 2745 
574 4994 4874 
575 4954 
576 4894 
577 4949 
578 4661 
579 4291 
580 3802 
581 4357 
582 4920 
583 4853 3784 
584 4411 
585 4988 
586 4943 4396 
587 4990 
588 3603 
589 4816 
590 4574 
591 4864 
592 4971 
593 4283 
594 4906 
595 4994 4954 
596 4769 4173 
597 4955 
598 4785 
599 4965 
600 3251 
601 4981 
602 4949 
603 4418 
604 4986 
605 4902 
606 4990 
607 4999 
608 4120 
609 4583 
610 4664 
611 4983 
612 4434 4856 4785 
613 3812 4769 3560 
614 4864 
615 4874 
616 4399 
617 4874 
618 4418 
619 4945 
620 4980 
621 3802 
622 4935 
623 4827 
624 4434 
625 4954 
626 4806 4955 
627 4404 
628 4902 
629 3770 
630 4922 
631 4905 
632 4965 
633 4983 
634 4909 
635 4949 
636 4616 
637 4851 4758 4554 
638 4769 
639 4957 
640 4758 
641 4937 
642 4997 
643 4980 
644 4960 
645 4982 
646 4583 
647 4905 
648 4834 
649 4920 
650 4916 
651 4754 
652 4577 
653 4886 
654 4547 
655 4945 
656 4812 
657 4867 
658 4984 
659 4816 
660 4991 
661 4864 
662 4902 
663 4874 4554 4936 
664 4957 
665 4916 
666 4886 
667 4968 
668 4778 
669 4806 
670 4934 
671 4874 
672 4995 
673 4960 
674 4905 
675 4521 
676 4396 
677 4969 
678 4851 
679 3812 
680 4916 
681 4941 
682 4942 
683 3609 
684 4868 
685 4962 
686 4449 4657 
687 4425 
688 4754 4971 
689 4547 3886 
690 4814 
691 4943 
692 4801 
693 4955 
694 4984 
695 4987 
696 4980 
697 4418 
698 4997 
699 4840 
700 4399 
701 4943 
702 4583 
703 4962 
704 4962 
705 4479 
706 4965 
707 4841 
708 4773 
709 4876 
710 4945 4725 4362 
711 4661 
712 4396 
713 4898 
714 4945 
715 4546 
716 4902 
717 4479 
718 4840 
719 4731 
720 4942 
721 4960 
722 4863 
723 4994 3427 
724 4946 
725 4396 
726 4758 
727 3802 4973 4968 
728 4687 
729 3603 
730 4554 4902 
731 4579 
732 4239 4906 
733 2522 4906 4187 
734 4954 
735 4731 
736 4841 
737 4876 
738 3886 
739 2522 4357 4931 
740 3427 
741 4997 
742 4960 
743 3013 
744 4727 
745 4975 
746 4920 
747 4941 
748 4876 
749 4931 
750 4604 
751 4835 
752 4816 
753 4982 
754 4916 
755 4396 
756 4955 
757 4956 
758 4935 3784 4962 
759 4998 
760 4239 
761 4980 
762 4943 
763 4448 
764 4396 
765 4995 
766 4727 
767 4357 
768 4995 
769 4920 
770 4938 
771 2941 
772 4512 
773 4840 
774 4588 
775 4969 
776 4740 
777 4969 
778 4945 
779 4616 
780 4841 
781 4938 
782 2941 
783 4342 
784 4935 
785 4982 
786 4994 
787 4835 
788 4934 
789 4816 
790 4357 
791 4994 
792 4834 
793 4827 
794 4173 
795 4776 
796 4864 
797 4102 
798 4973 
799 4975 
800 2522 
801 4348 
802 4982 
803 4943 
804 4995 
805 4816 
806 4685 
807 4955 
808 4902 
809 4997 
810 4986 
811 4834 
812 4899 
813 4876 
814 4851 
815 4899 
816 4416 
817 3472 
818 4778 
819 4934 
820 4976 
821 3760 
822 4369 
823 4881 
824 4357 
825 4980 
826 4998 
827 2522 4954 
828 4785 
829 4899 
830 4988 
831 4664 
832 4869 
833 4937 
834 4492 
835 4954 
836 4906 
837 4976 3721 
838 3013 
839 4899 
840 3251 
841 4944 
842 4841 4994 
843 4856 
844 4404 
845 4941 
846 4547 
847 4864 
848 4937 
849 4973 
850 4773 
851 4922 
852 4547 
853 4965 
854 4971 
855 4512 
856 4768 
857 4876 
858 4962 
859 3802 3784 
860 4812 
861 4731 
862 4840 
863 4995 
864 4931 
865 4960 
866 4864 
867 4881 
868 4976 
869 4357 
870 4835 
871 4727 
872 4968 
873 4910 
874 4980 
875 4973 
876 4975 4357 4936 
877 4902 
878 4868 
879 4448 
880 4685 
881 4969 
882 4899 
883 4874 
884 4969 
885 4971 
886 4994 
887 4971 
888 2522 4806 
889 3886 4776 
890 3609 
891 4944 
892 4661 
893 4981 
894 4922 
895 4905 
896 4778 
897 4785 
898 4327 
899 4874 3603 
900 4318 
901 4874 
902 4975 
903 4916 
904 4577 
905 4982 
906 4965 
907 4369 
908 4291 
909 4801 
910 4853 
911 3013 
912 4965 
913 4962 
914 4987 
915 4396 
916 4768 
917 4909 
918 4920 
919 4814 
920 4984 
921 4574 
922 4619 
923 4769 
924 4917 
925 4920 4954 4934 
926 4937 
927 4398 
928 4906 
929 4956 
930 4902 
931 4776 
932 4521 
933 4727 
934 4840 
935 4814 2958 
936 4898 
937 4909 
938 3886 
939 4874 
940 4554 
941 4547 
942 4399 
943 4847 
944 4916 
945 4521 
946 4936 
947 4909 
948 4851 
949 4984 
950 4758 
951 4785 
952 4984 
953 4622 
954 4773 4411 
955 4577 
956 4980 
957 4975 
958 4856 
959 4973 
960 4574 
961 4949 
962 4678 
963 4881 3886 
964 4554 
965 3886 
966 4909 
967 2941 
968 4988 
969 4909 
970 4778 
971 3427 
972 4835 
973 4773 
974 4773 
975 4856 
976 4971 
977 4853 
978 4969 
979 4834 
980 4213 
981 4987 
982 4874 
983 4944 
984 3560 
985 4960 
986 4874 
987 4583 
988 4863 
989 4955 
990 3802 
991 3697 
992 4773 
993 4906 
994 4841 
995 4899 
996 4991 
997 4899 
998 4874 
999 4975 
1000 4416 
1001 4990 
1002 4396 
1003 4758 
1004 4579 
1005 4975 
1006 4102 
1007 4727 
1008 4291 
1009 4945 
1010 4661 
1011 4192 
1012 4876 
1013 4965 
1014 4812 
1015 4778 
1016 4404 
1017 4657 
1018 3251 
1019 4546 
1020 4920 
1021 4902 
1022 4856 
1023 4869 
1024 4120 4261 
1025 2522 
1026 4867 
1027 4937 
1028 3802 
1029 4981 
1030 4657 
1031 4999 
1032 4754 4583 
1033 4981 
1034 2958 
1035 4604 
1036 4973 
1037 2958 
1038 4945 
1039 3427 
1040 4291 
1041 4971 
1042 4851 
1043 4945 
1044 4448 
1045 4840 4934 
1046 4942 
1047 4990 
1048 4874 
1049 4986 
1050 4120 3772 4910 4981 
1051 4841 
1052 4874 
1053 4968 
1054 3697 
1055 4864 
1056 4975 4554 
1057 4976 
1058 4968 
1059 4834 
1060 4944 
1061 4678 
1062 4944 
1063 4946 
1064 4954 
1065 4990 
1066 4835 
1067 4037 
1068 4396 
1069 4398 
1070 4685 
1071 4988 
1072 3251 
1073 4960 3603 
1074 4851 
1075 3886 4980 
1076 4434 
1077 4357 
1078 4776 
1079 4396 
1080 4687 
1081 4864 
1082 4899 4909 
1083 4946 
1084 4876 
1085 4990 
1086 4869 
1087 4769 
1088 4687 
1089 4987 
1090 4434 
1091 4727 4291 
1092 4664 
1093 4935 
1094 4976 
1095 4874 
1096 4986 
1097 4994 
1098 4960 
1099 4934 
1100 4973 
1101 4941 
1102 4975 
1103 4971 
1104 4396 
1105 4291 4342 
1106 4942 
1107 4949 
1108 4851 
1109 4348 
1110 4899 
1111 4934 4935 4995 
1112 4327 
1113 4876 
1114 4975 
1115 4938 
1116 3427 
1117 4778 
1118 4864 
1119 3427 
1120 4731 4735 
1121 3772 
1122 4917 4449 3909 4418 
1123 4910 
1124 4187 
1125 4902 
1126 4997 
1127 4283 
1128 4936 
1129 4975 
1130 4936 4975 
1131 4574 
1132 4984 
1133 4853 
1134 4396 
1135 4833 
1136 4768 
1137 4881 
1138 3603 
1139 4986 
1140 4975 
1141 4905 
1142 4554 
1143 4909 
1144 4916 
1145 4579 
1146 4841 
1147 4965 
1148 4816 
1149 4949 
1150 4512 4943 
1151 4521 
1152 4102 
1153 4991 
1154 4806 
1155 4934 
1156 4876 
1157 4776 
1158 4399 
1159 4920 4998 
1160 4622 
1161 4776 
1162 4547 4917 
1163 4856 
1164 3427 
1165 3802 
1166 4917 
1167 4910 
1168 4816 
1169 4357 
1170 4398 
1171 4833 
1172 4758 
1173 4785 4841 
1174 4841 
1175 4991 
1176 4905 
1177 4944 
1178 4434 4874 4348 
1179 4981 
1180 4990 
1181 4497 4988 
1182 4973 
1183 4434 
1184 4968 
1185 4616 
1186 4936 
1187 4773 
1188 2745 
1189 4814 
1190 4874 
1191 4962 
1192 4957 
1193 4102 
1194 4851 
1195 4727 
1196 4773 4840 
1197 2941 
1198 3603 
1199 4991 
1200 4768 
1201 4988 
1202 4943 
1203 4946 
1204 3812 
1205 4910 
1206 4554 
1207 4943 
1208 4920 
1209 4991 4479 4685 
1210 3472 
1211 4942 
1212 4988 
1213 4492 
1214 4937 
1215 4622 
1216 4994 
1217 4412 
1218 4327 
1219 2522 4991 4785 
1220 4934 
1221 2745 4778 
1222 4995 
1223 4778 
1224 4869 4192 3560 
1225 4864 
1226 4944 
1227 4348 
1228 4934 
1229 4769 
1230 3896 
1231 4554 
1232 4851 
1233 4479 
1234 4037 
1235 3721 
1236 4868 
1237 4833 
1238 4664 
1239 4944 
1240 4994 
1241 4981 
1242 4554 
1243 4942 
1244 4758 
1245 4988 
1246 4986 
1247 4976 
1248 4173 
1249 4998 
1250 4954 
1251 4954 
1252 3802 
1253 4847 
1254 4758 
1255 4213 
1256 4577 
1257 4554 
1258 4769 
1259 4173 
1260 4934 
1261 4869 
1262 4999 
1263 4899 4991 
1264 4727 
1265 4867 
1266 4980 
1267 4869 
1268 4955 3812 
1269 4773 
1270 4990 
1271 4727 
1272 4411 
1273 4814 
1274 4998 
1275 4941 
1276 4937 4192 4664 
1277 4604 
1278 4976 
1279 4554 4492 4173 
1280 4768 
1281 4867 
1282 4479 
1283 4477 
1284 4991 
1285 4362 4418 
1286 4785 
1287 4894 
1288 4867 
1289 4917 
1290 4357 
1291 4404 
1292 4934 
1293 4920 
1294 3802 
1295 4946 
1296 4991 
1297 4991 
1298 2958 
1299 4579 
1300 4864 
1301 4396 
1302 4886 
1303 4922 
1304 4362 
1305 4853 
1306 4905 
1307 4991 
1308 4954 
1309 4657 
1310 4579 
1311 4954 
1312 4812 
1313 4982 
1314 1708 
1315 4995 4994 4735 
1316 4687 
1317 4988 
1318 4664 
1319 4622 
1320 4834 
1321 4995 
1322 4664 
1323 4881 
1324 4943 
1325 4975 
1326 4975 
1327 4758 
1328 4740 
1329 4840 
1330 4863 
1331 4971 
1332 4758 
1333 4731 
1334 4998 
1335 4416 
1336 4812 
1337 4990 
1338 4342 
1339 4577 
1340 3770 
1341 4943 3721 4554 
1342 4906 4991 4994 4856 
1343 4840 
1344 4864 
1345 4982 
1346 3886 
1347 4936 
1348 4687 
1349 4998 
1350 3560 4664 
1351 3802 
1352 3721 4773 
1353 4479 
1354 4348 
1355 4812 
1356 4853 
1357 4864 
1358 4975 
1359 4434 
1360 4922 
1361 4773 
1362 4909 
1363 4920 
1364 4851 
1365 4905 
1366 4937 
1367 4727 
1368 4812 
1369 4988 
1370 4577 
1371 2958 
1372 4937 
1373 3770 
1374 4754 
1375 4943 
1376 4971 
1377 4758 
1378 4773 
1379 4986 
1380 4989 
1381 4971 
1382 4938 
1383 4448 
1384 4971 
1385 4938 
1386 4881 
1387 4579 
1388 4867 
1389 4922 
1390 4554 
1391 4962 
1392 4969 
1393 4981 
1394 4936 
1395 4988 
1396 4935 
1397 4981 
1398 4910 
1399 4853 
1400 4554 
1401 4840 4910 
1402 4894 
1403 4579 4769 
1404 4934 
1405 4577 3603 4362 
1406 4917 
1407 4725 
1408 4449 
1409 2522 
1410 4448 
1411 4906 
1412 4418 4920 
1413 4920 
1414 4957 
1415 4991 
1416 4965 
1417 4969 
1418 4946 
1419 4192 
1420 4868 
1421 4965 
1422 4988 
1423 4899 
1424 4936 
1425 4945 
1426 4968 
1427 4944 
1428 4957 
1429 4994 
1430 4758 
1431 4935 
1432 4851 
1433 3839 2522 
1434 4976 
1435 4661 
1436 4685 
1437 4758 
1438 2522 4554 4416 
1439 4981 
1440 4521 
1441 4982 
1442 4418 
1443 4173 
1444 4994 
1445 4348 3721 3784 
1446 4980 
1447 4942 
1448 4778 4357 4975 
1449 4521 
1450 4856 
1451 4574 
1452 4969 
1453 4954 
1454 4997 
1455 4920 
1456 4994 
1457 4946 
1458 4102 
1459 4934 
1460 4976 
1461 4937 
1462 4999 
1463 4988 
1464 4868 
1465 4990 
1466 4960 
1467 4291 
1468 4801 
1469 4773 
1470 4920 
1471 4492 
1472 3760 
1473 2745 4969 
1474 4868 
1475 4773 
1476 4778 4909 
1477 4971 
1478 4910 
1479 4957 
1480 4348 
1481 4833 
1482 4976 
1483 4192 4396 
1484 4773 
1485 4945 
1486 4851 
1487 4955 
1488 4192 
1489 4905 
1490 4991 
1491 4960 
1492 4864 
1493 4973 
1494 4725 
1495 4840 
1496 4816 
1497 4905 
1498 4874 
1499 4944 
1500 4434 4894 4976 4997 
1501 4120 
1502 4081 
1503 4899 3609 
1504 4357 
1505 4982 
1506 4357 
1507 4833 
1508 4853 
1509 4840 
1510 4971 
1511 4922 
1512 4987 
1513 4687 
1514 4731 
1515 4477 
1516 4955 
1517 4983 
1518 4348 
1519 4971 
1520 4987 
1521 4954 
1522 4942 4418 
1523 4962 
1524 4841 
1525 4864 
1526 4916 
1527 4616 
1528 3802 
1529 4661 
1530 4425 4479 4973 
1531 4616 
1532 4965 
1533 4982 
1534 4968 
1535 4801 
1536 3760 
1537 2958 
1538 4827 3721 3772 
1539 4816 
1540 4909 
1541 4851 
1542 4411 4990 
1543 4687 
1544 4986 
1545 4941 
1546 4396 4342 
1547 4412 
1548 4998 
1549 4758 
1550 4731 4816 4399 3560 
1551 4187 
1552 4283 
1553 4291 
1554 4976 
1555 4583 
1556 4773 4965 
1557 4758 
1558 4816 
1559 4916 
1560 4917 
1561 4396 
1562 4969 
1563 4816 
1564 4941 
1565 4876 
1566 4283 
1567 4945 
1568 4991 
1569 4479 4847 
1570 4984 
1571 4768 
1572 4994 
1573 4916 
1574 4906 
1575 4986 
1576 4881 
1577 4816 
1578 4899 
1579 4583 
1580 4965 
1581 4905 
1582 2522 
1583 4619 
1584 4955 
1585 4881 
1586 4965 
1587 4935 
1588 4969 
1589 4991 
1590 4971 
1591 4990 
1592 4874 
1593 4577 3603 4937 
1594 4657 
1595 4998 
1596 4937 
1597 4874 
1598 4881 
1599 4479 
1600 4399 3909 4841 4931 
1601 4886 
1602 4768 
1603 4962 
1604 4995 
1605 4841 
1606 4348 
1607 4827 
1608 4935 4987 
1609 4916 
1610 4990 
1611 4864 
1612 4773 
1613 4969 
1614 4956 
1615 4936 
1616 4853 
1617 4874 
1618 3603 
1619 4874 
1620 4968 
1621 2958 
1622 3886 
1623 4448 
1624 4847 
1625 4785 
1626 4987 
1627 4840 
1628 4348 
1629 4806 
1630 4943 
1631 4917 
1632 4867 
1633 4968 
1634 4922 
1635 4827 
1636 4833 
1637 4735 
1638 4425 
1639 4853 
1640 4853 4512 
1641 4812 
1642 4778 
1643 4944 
1644 4986 
1645 4404 
1646 4991 
1647 4554 
1648 4869 
1649 4874 
1650 4910 
1651 4554 
1652 4905 
1653 4971 
1654 4980 
1655 4920 
1656 4411 
1657 4960 4769 4554 
1658 4864 
1659 4898 
1660 4991 
1661 4863 
1662 4869 
1663 4876 4981 
1664 4920 
1665 4864 
1666 4937 
1667 4935 
1668 4984 
1669 4987 
1670 4801 
1671 4851 
1672 4957 
1673 4785 
1674 4916 
1675 4962 
1676 4835 
1677 4521 
1678 4916 
1679 4962 
1680 4512 
1681 4546 
1682 4969 
1683 4853 
1684 3896 
1685 4841 
1686 4955 
1687 4187 
1688 4987 
1689 4869 
1690 4969 
1691 4769 
1692 4943 
1693 4037 
1694 4554 
1695 4814 
1696 4991 4937 4758 
1697 4827 
1698 3839 
1699 4579 
1700 4863 
1701 4283 
1702 4448 
1703 4398 
1704 4864 
1705 4778 
1706 3603 4396 
1707 4261 
1708 1708 
1709 4773 
1710 4960 
1711 4727 4554 
1712 3427 
1713 4920 
1714 4847 
1715 4938 
1716 4969 
1717 4740 
1718 4981 
1719 4418 
1720 4477 
1721 2941 
1722 4418 4991 
1723 4740 
1724 3770 4986 4769 
1725 4577 4192 
1726 4768 4773 
1727 4987 
1728 4863 
1729 4982 
1730 4986 
1731 4990 
1732 4922 
1733 4778 
1734 4999 
1735 4841 
1736 4998 
1737 4942 
1738 4986 4547 4664 
1739 4937 
1740 4995 
1741 4973 
1742 3802 
1743 4935 
1744 4980 
1745 4864 
1746 4975 
1747 4935 
1748 4943 
1749 3896 
1750 4999 
1751 4616 
1752 4899 
1753 3603 
1754 4283 4187 4512 
1755 4685 
1756 4906 
1757 4909 
1758 4834 
1759 4769 
1760 4411 
1761 3013 
1762 4619 
1763 4661 
1764 4853 
1765 4841 
1766 4037 
1767 4477 
1768 4955 
1769 4727 
1770 4994 
1771 4261 
1772 4841 
1773 4853 
1774 4968 
1775 3427 
1776 4841 
1777 4994 
1778 4989 
1779 4416 
1780 4727 4213 
1781 4827 
1782 4899 
1783 4881 
1784 4758 
1785 4554 
1786 4622 
1787 4981 
1788 2958 3560 
1789 4902 
1790 4902 
1791 4816 
1792 4801 
1793 4812 
1794 4874 
1795 4989 
1796 4754 
1797 3427 4412 
1798 4899 
1799 4853 
1800 4758 
1801 4725 
1802 4936 
1803 4604 
1804 4957 
1805 4213 
1806 4619 
1807 4812 
1808 2522 3812 3784 
1809 4910 
1810 3427 
1811 4936 
1812 4727 
1813 4949 
1814 4773 
1815 4910 
1816 4399 
1817 4869 
1818 4984 
1819 4962 
1820 4120 4547 
1821 4874 
1822 4980 
1823 4944 
1824 4412 
1825 4874 
1826 4980 
1827 4812 
1828 4899 
1829 4990 
1830 4661 
1831 4973 
1832 3802 
1833 4037 
1834 4968 4969 4547 
1835 3770 
1836 4886 
1837 4758 
1838 2522 
1839 4905 
1840 4622 
1841 4997 
1842 4980 
1843 4827 
1844 3784 
1845 4984 
1846 4975 4971 
1847 4851 
1848 4881 
1849 4874 
1850 4971 4827 
1851 4261 
1852 4917 
1853 4412 
1854 4418 
1855 3802 4851 
1856 4434 
1857 4943 
1858 4973 
1859 4577 
1860 4037 
1861 4955 
1862 4997 
1863 4492 
1864 4769 
1865 4969 
1866 4863 
1867 4833 4943 
1868 4960 
1869 4899 3839 
1870 4874 
1871 4945 
1872 4754 
1873 4986 
1874 4949 
1875 4769 
1876 3721 
1877 4120 
1878 4785 
1879 4814 
1880 4943 
1881 4868 
1882 4899 
1883 4935 
1884 4886 
1885 4920 
1886 3609 
1887 4976 
1888 4664 
1889 4851 4976 
1890 4969 
1891 4833 
1892 4935 
1893 4416 
1894 4997 
1895 4876 
1896 4396 
1897 4547 4187 4588 
1898 4937 
1899 4833 
1900 4980 
1901 4847 
1902 4975 4851 
1903 4357 
1904 4778 
1905 4935 
1906 4991 
1907 4396 
1908 4894 
1909 4348 4937 
1910 4725 3812 
1911 4448 
1912 4946 
1913 3251 
1914 4905 
1915 4661 
1916 4905 
1917 4971 4874 4411 
1918 4853 
1919 4492 
1920 4239 
1921 4357 
1922 4102 
1923 3812 
1924 4847 
1925 4946 
1926 4835 
1927 4399 
1928 4853 
1929 4931 
1930 3427 
1931 4968 
1932 4931 
1933 4418 4574 
1934 4982 
1935 4969 
1936 4853 
1937 4899 
1938 4920 
1939 4588 
1940 4841 3802 
1941 3251 
1942 4874 
1943 4909 
1944 4348 
1945 3603 
1946 4982 
1947 4976 
1948 4622 
1949 3472 3812 3721 
1950 4863 
1951 4778 
1952 4898 4213 4120 
1953 4725 
1954 4899 
1955 4291 
1956 4785 
1957 4348 
1958 4994 
1959 4867 
1960 4735 
1961 4657 
1962 3697 
1963 4778 
1964 4622 
1965 4778 
1966 4399 
1967 4874 4841 
1968 4512 
1969 4874 3886 
1970 4864 
1971 4906 
1972 4835 
1973 4173 4998 4835 4975 
1974 3784 
1975 4941 
1976 4874 
1977 3472 
1978 4969 
1979 4917 
1980 4577 
1981 4768 
1982 4283 
1983 4840 2958 
1984 4965 
1985 4864 
1986 4283 
1987 4853 
1988 4898 
1989 4946 
1990 4960 
1991 4899 
1992 4998 
1993 4943 
1994 4954 
1995 4583 
1996 4851 4841 4348 3560 4192 
1997 4847 
1998 4187 
1999 2941 
2000 4554 
2001 4727 
2002 4938 
2003 4954 
2004 4982 
2005 4853 
2006 4283 
2007 4731 
2008 4922 
2009 4081 
2010 3770 
2011 4758 
2012 4357 
2013 4899 
2014 4899 
2015 4975 4449 
2016 4678 
2017 4622 
2018 4898 
2019 4988 
2020 4833 
2021 4776 
2022 4396 
2023 4291 4906 
2024 4944 
2025 4906 
2026 4778 
2027 4975 
2028 4362 
2029 4867 
2030 4479 
2031 4949 
2032 4768 
2033 4187 
2034 4874 
2035 4657 
2036 4853 
2037 4975 
2038 3772 
2039 4291 
2040 4960 4876 
2041 4910 
2042 4943 3609 4876 
2043 4987 
2044 4960 3896 4554 4416 
2045 4863 
2046 4868 
2047 4434 
2048 4968 
2049 4991 
2050 4881 
2051 4922 
2052 4920 
2053 4991 
2054 4902 4512 
2055 4727 4899 4841 
2056 4984 
2057 4902 
2058 4902 
2059 4994 
2060 3427 
2061 4886 
2062 4995 
2063 4998 
2064 4841 4943 4213 
2065 4910 
2066 4975 
2067 4982 
2068 4554 
2069 4997 
2070 4399 
2071 4949 
2072 4492 
2073 3603 
2074 4937 
2075 4816 
2076 3760 
2077 4173 4991 4899 3609 
2078 4998 
2079 4945 
2080 3802 4773 
2081 4935 
2082 4920 
2083 4554 
2084 4579 
2085 4512 
2086 4853 
2087 4853 
2088 4920 
2089 3812 4725 
2090 4984 
2091 4943 
2092 4479 
2093 4399 
2094 4725 
2095 4969 
2096 4758 
2097 4965 
2098 4991 
2099 4327 
2100 4991 
2101 4834 
2102 4990 
2103 4874 
2104 4938 
2105 4851 
2106 3721 
2107 4954 
2108 4956 
2109 4604 
2110 4969 3812 4971 
2111 4916 
2112 4768 
2113 4261 
2114 4922 
2115 4976 
2116 4856 
2117 2522 4899 
2118 4173 4874 
2119 4910 
2120 4981 
2121 4425 
2122 4991 
2123 4773 
2124 4318 
2125 4991 4740 3609 
2126 4990 
2127 4899 
2128 4864 
2129 4342 
2130 4942 
2131 4851 3784 4814 4847 
2132 4898 
2133 4102 
2134 4956 
2135 4318 
2136 4812 
2137 4998 
2138 4886 
2139 4546 
2140 4943 4768 4934 4902 4973 4999 
2141 4687 
2142 3721 
2143 4987 
2144 4418 
2145 4554 
2146 4982 
2147 4778 
2148 4348 
2149 4943 
2150 4986 
2151 4357 
2152 4554 
2153 4910 
2154 4853 4661 
2155 4778 
2156 4894 
2157 4987 
2158 4943 
2159 4398 
2160 4785 
2161 4583 
2162 4851 
2163 4773 
2164 4727 
2165 4957 
2166 4983 
2167 4916 
2168 4937 
2169 4814 
2170 4773 
2171 4776 
2172 4851 4399 
2173 4910 
2174 4938 
2175 4678 
2176 4396 
2177 4899 
2178 3802 3603 
2179 4853 
2180 4758 
2181 4841 
2182 4886 
2183 4348 
2184 3802 
2185 4847 
2186 4916 
2187 4664 
2188 4969 
2189 4980 
2190 4937 
2191 4931 
2192 4834 
2193 4869 
2194 4899 
2195 4984 4960 4348 4894 
2196 4864 
2197 4291 4881 
2198 4816 3770 
2199 4909 
2200 4173 
2201 3909 4173 4657 4956 
2202 4987 
2203 4102 
2204 4943 
2205 4957 
2206 4994 
2207 3896 
2208 4725 
2209 4554 
2210 4943 
2211 4604 
2212 4969 
2213 4936 
2214 4448 
2215 4910 
2216 4851 
2217 4687 
2218 4497 
2219 4812 
2220 4731 
2221 4955 
2222 4833 
2223 4412 
2224 4853 
2225 4910 
2226 3251 4922 4554 2941 4874 
2227 4955 
2228 4962 
2229 4806 
2230 4969 
2231 4946 
2232 4521 
2233 4934 
2234 4369 
2235 4851 
2236 4521 
2237 3802 
2238 4941 
2239 4968 
2240 4988 
2241 4971 
2242 4574 
2243 4213 
2244 3609 
2245 4943 
2246 4881 
2247 4956 
2248 3603 
2249 4740 
2250 4833 
2251 4851 
2252 4685 
2253 4931 
2254 4909 4874 
2255 4986 
2256 4954 
2257 4955 
2258 4853 
2259 4833 
2260 4864 4856 4399 3427 
2261 4577 
2262 4943 
2263 4981 
2264 4937 
2265 4942 
2266 4971 4583 
2267 4955 
2268 4954 4816 4411 
2269 4448 
2270 4955 
2271 4758 3839 4037 
2272 4856 
2273 4814 
2274 4922 
2275 4954 4404 3427 
2276 4975 
2277 4577 
2278 4851 
2279 4909 
2280 4814 
2281 4987 
2282 4851 
2283 4847 
2284 4935 
2285 4910 
2286 4512 
2287 4976 
2288 4412 
2289 4678 
2290 4546 
2291 4816 4411 4773 
2292 4574 
2293 4946 
2294 4984 
2295 4998 4827 
2296 4949 
2297 4984 
2298 4604 
2299 4120 
2300 4547 
2301 4954 4937 4411 4881 4994 
2302 3609 
2303 4906 
2304 4327 
2305 4968 
2306 4512 
2307 4835 
2308 4588 
2309 4778 
2310 4960 
2311 4869 
2312 4622 
2313 4917 
2314 4362 
2315 4986 
2316 2522 
2317 4521 4369 
2318 4937 
2319 4957 
2320 4851 
2321 4418 
2322 4876 
2323 4957 
2324 4982 
2325 4554 
2326 4998 
2327 4989 
2328 4944 
2329 4801 
2330 4411 
2331 4291 4664 
2332 4853 
2333 4898 
2334 4965 
2335 4987 
2336 4916 
2337 4327 
2338 4984 4577 3560 3909 
2339 4976 
2340 4973 
2341 4949 
2342 4876 4917 4988 
2343 4990 
2344 4834 
2345 4583 
2346 4905 
2347 4956 
2348 3802 
2349 4864 
2350 4954 
2351 4773 
2352 4955 
2353 4898 
2354 4922 
2355 4814 
2356 4965 
2357 4935 4909 
2358 4291 
2359 4856 
2360 4955 
2361 4851 
2362 4416 
2363 4867 
2364 4864 
2365 4616 
2366 4604 3839 
2367 4922 
2368 4806 
2369 4945 
2370 4941 
2371 4412 
2372 4910 
2373 4853 
2374 4965 
2375 4418 4994 4769 
2376 4983 
2377 4735 
2378 4990 
2379 4954 
2380 4833 
2381 4864 
2382 4102 
2383 4957 
2384 4769 
2385 4869 
2386 4969 
2387 4396 
2388 4886 
2389 4357 
2390 4906 
2391 4960 
2392 4348 
2393 4899 
2394 4971 
2395 4856 
2396 4448 
2397 4806 
2398 4735 
2399 4944 
2400 4851 
2401 4902 
2402 4945 
2403 3697 
2404 4876 
2405 4754 
2406 4984 
2407 4899 
2408 4449 
2409 2958 
2410 4988 
2411 4995 
2412 4806 
2413 3772 
2414 4975 4396 
2415 4931 
2416 4362 
2417 4899 
2418 4801 
2419 4856 
2420 4937 
2421 4954 
2422 4616 
2423 4727 
2424 3909 
2425 4905 
2426 4867 
2427 4604 
2428 4731 4425 4778 
2429 4812 
2430 4619 
2431 4081 
2432 3909 
2433 3609 
2434 4318 
2435 4868 
2436 4769 
2437 4981 
2438 4955 
2439 4863 
2440 4902 
2441 2522 
2442 4989 
2443 4984 
2444 4944 
2445 4990 
2446 4941 
2447 4081 
2448 4521 
2449 4847 
2450 4740 
2451 4937 
2452 4965 
2453 4357 
2454 4864 
2455 4727 
2456 4864 
2457 4833 
2458 3427 
2459 4938 4362 4418 
2460 4894 
2461 4261 
2462 4776 
2463 4604 
2464 4853 
2465 4863 
2466 4758 
2467 4905 
2468 4867 
2469 4841 
2470 4997 
2471 4971 
2472 4968 
2473 4583 
2474 4547 4577 4425 
2475 4835 
2476 4984 
2477 4990 
2478 4899 
2479 4998 
2480 2941 
2481 4778 4661 
2482 4864 
2483 4975 
2484 4546 
2485 4983 
2486 4685 
2487 4876 
2488 4768 4988 
2489 4874 
2490 4995 
2491 4982 
2492 4971 
2493 4962 
2494 4731 
2495 3472 
2496 4773 
2497 4999 
2498 4991 
2499 4213 
2500 4769 
2501 4434 
2502 4943 
2503 4955 
2504 4998 
2505 4547 
2506 4991 
2507 4975 
2508 4965 
2509 4990 3472 
2510 4920 
2511 4917 
2512 4991 
2513 3609 
2514 4886 
2515 4944 
2516 4931 
2517 4342 
2518 4960 
2519 4989 
2520 4725 
2521 4081 
2522 2522 
2523 4864 
2524 4899 
2525 4574 
2526 4554 
2527 4685 
2528 4398 
2529 4727 
2530 4283 
2531 4318 
2532 4840 
2533 4769 
2534 4369 
2535 4479 4411 4935 4773 
2536 4989 
2537 4945 
2538 4917 
2539 4687 
2540 4318 
2541 4851 
2542 4622 
2543 4725 
2544 4754 
2545 4981 
2546 4758 4881 4418 
2547 4362 
2548 4983 
2549 4920 
2550 4944 
2551 4685 
2552 4935 4546 3909 
2553 4995 
2554 4898 
2555 4411 
2556 4988 
2557 4616 
2558 4909 
2559 4965 4988 4554 4899 
2560 4492 4619 
2561 4991 
2562 4853 
2563 4588 
2564 4448 
2565 4769 
2566 4990 
2567 4982 
2568 4945 
2569 4936 
2570 4994 
2571 4960 
2572 3427 
2573 4943 
2574 4773 
2575 4988 4758 4969 4840 
2576 4982 
2577 4816 
2578 4546 
2579 4727 
2580 4975 
2581 4968 
2582 4856 
2583 4981 
2584 4990 
2585 3886 4577 4827 
2586 4769 
2587 4806 
2588 4814 
2589 4941 
2590 4814 
2591 4768 
2592 4986 
2593 4982 
2594 4851 
2595 4740 
2596 4727 4969 4840 4981 
2597 4971 
2598 4962 
2599 4876 
2600 4583 
2601 4960 
2602 4906 
2603 4404 
2604 4988 
2605 4917 
2606 4938 
2607 4853 3603 4664 
2608 4983 
2609 4969 
2610 4554 
2611 4864 
2612 3886 
2613 4448 4785 4876 
2614 4687 
2615 4986 
2616 4886 
2617 4984 
2618 4399 
2619 4906 
2620 4604 
2621 4906 
2622 4989 
2623 4943 4785 
2624 3896 
2625 3802 4944 4814 4994 
2626 4577 
2627 4917 
2628 4814 4938 4616 4835 4876 
2629 4936 
2630 3770 
2631 4995 
2632 4956 
2633 4944 
2634 4853 
2635 4851 
2636 4619 
2637 4785 
2638 4931 
2639 3760 
2640 4949 
2641 4975 
2642 4937 
2643 4965 2522 4448 
2644 4910 
2645 4868 
2646 4920 4622 4975 
2647 4998 
2648 4477 
2649 3802 
2650 4931 
2651 4778 
2652 4283 
2653 4945 
2654 4851 4773 4512 4987 
2655 4867 
2656 4969 
2657 4960 
2658 4902 
2659 4801 
2660 4678 
2661 4864 
2662 4869 
2663 4937 2522 4769 4984 
2664 4998 
2665 4988 
2666 4851 
2667 4853 
2668 4396 
2669 4834 
2670 4991 
2671 2958 
2672 4986 
2673 4812 
2674 4416 
2675 4874 
2676 4910 
2677 4942 
2678 4957 
2679 4840 
2680 4984 
2681 4396 4902 
2682 4583 4984 4213 
2683 4922 4173 
2684 4841 4969 4434 2958 4102 
2685 4399 
2686 4975 
2687 4657 
2688 4965 
2689 4960 
2690 4960 4425 
2691 4396 
2692 4936 
2693 4936 
2694 4975 4920 
2695 4998 
2696 4769 
2697 4931 
2698 4941 
2699 4776 
2700 4981 
2701 4727 
2702 4418 4327 4942 4657 
2703 4962 
2704 3784 
2705 4398 
2706 4604 
2707 4990 
2708 4851 
2709 3760 
2710 4898 
2711 4954 
2712 4899 
2713 4975 
2714 4909 4398 2941 
2715 4983 
2716 4973 
2717 4906 
2718 4396 
2719 4922 
2720 4840 
2721 3760 4840 4934 
2722 4622 
2723 3784 
2724 4399 
2725 4801 
2726 4856 
2727 4899 
2728 4902 4954 4922 4969 4934 
2729 4840 
2730 4898 
2731 4999 
2732 4547 
2733 4357 
2734 4971 
2735 4962 
2736 3909 
2737 4869 
2738 4920 
2739 4318 
2740 4960 
2741 4899 
2742 4554 
2743 4999 
2744 4906 
2745 2745 
2746 4986 
2747 2522 
2748 4318 
2749 4833 
2750 4492 
2751 4938 
2752 4192 
2753 4955 
2754 4840 
2755 4554 
2756 4931 
2757 4906 
2758 4991 
2759 3427 
2760 4938 4847 
2761 4773 
2762 4906 
2763 4999 
2764 3760 
2765 4841 
2766 4348 4318 3560 
2767 4816 
2768 4554 4727 
2769 4731 
2770 4894 
2771 4579 
2772 4806 
2773 4990 
2774 4657 
2775 4554 4546 4922 4773 
2776 4678 
2777 4411 
2778 4956 
2779 4399 
2780 4735 
2781 4213 
2782 3472 
2783 4411 
2784 4411 
2785 4876 
2786 4902 
2787 4999 
2788 4995 
2789 4874 3784 
2790 4416 
2791 4869 
2792 4899 
2793 4991 
2794 4990 4969 4994 
2795 4412 
2796 4962 
2797 4851 
2798 4982 
2799 4943 
2800 4574 
2801 4869 
2802 4935 
2803 4905 
2804 3697 4725 3603 4448 4546 
2805 3772 
2806 4982 
2807 4937 
2808 4554 
2809 4946 
2810 4983 
2811 2522 
2812 4835 
2813 4434 
2814 4554 
2815 4995 
2816 2958 4816 
2817 4946 
2818 4984 
2819 4479 
2820 4357 4411 4399 4192 
2821 4192 4037 4863 
2822 4833 
2823 4886 
2824 4327 4899 4975 
2825 4881 
2826 3251 
2827 4936 
2828 4769 
2829 4938 
2830 4965 
2831 4982 
2832 3560 
2833 4416 
2834 4989 
2835 4920 
2836 4834 
2837 4727 
2838 4727 
2839 4968 
2840 4754 
2841 4975 
2842 4847 
2843 4946 
2844 4965 
2845 4874 
2846 4840 
2847 4833 
2848 4991 
2849 4037 
2850 4990 
2851 4554 
2852 4994 
2853 4773 
2854 4835 
2855 4773 
2856 4994 
2857 4920 
2858 4960 
2859 4037 
2860 4678 
2861 4778 
2862 4969 
2863 4192 
2864 4396 4769 
2865 4327 
2866 4902 
2867 4902 
2868 4876 
2869 4944 
2870 4954 
2871 4983 
2872 3802 4416 
2873 4725 
2874 4998 4213 
2875 4841 
2876 4965 
2877 4814 
2878 4881 
2879 3839 
2880 4981 
2881 4685 
2882 4396 
2883 4983 
2884 4847 
2885 4899 
2886 4922 
2887 4396 4622 4969 4192 4619 
2888 4980 
2889 4725 
2890 4479 
2891 4840 
2892 4987 
2893 4975 
2894 4984 
2895 4399 
2896 4851 
2897 4664 
2898 4816 
2899 4980 
2900 4975 
2901 4980 
2902 4917 
2903 4945 
2904 4999 
2905 4840 
2906 4881 
2907 4213 
2908 4920 
2909 4778 
2910 3839 
2911 4956 
2912 4102 
2913 4102 
2914 4588 
2915 4869 4725 4987 4213 
2916 4998 
2917 4425 
2918 4840 
2919 4847 
2920 4975 
2921 4554 4348 
2922 4840 
2923 4546 
2924 4956 
2925 4987 
2926 4922 
2927 4902 
2928 4411 
2929 4998 
2930 4988 
2931 4864 
2932 4941 
2933 4661 
2934 4806 
2935 4938 
2936 4920 
2937 4283 
2938 4327 
2939 4687 
2940 4685 
2941 2941 
2942 4938 
2943 4812 
2944 3760 
2945 4969 
2946 4920 4554 4863 
2947 4814 
2948 3697 4512 4396 4448 4935 
2949 3697 
2950 4991 
2951 4909 
2952 4037 
2953 4847 
2954 4758 
2955 3697 
2956 4943 
2957 4989 
2958 2958 
2959 3603 
2960 4479 
2961 4841 
2962 4521 4369 
2963 4081 
2964 4192 
2965 4868 
2966 3697 
2967 3472 
2968 4989 
2969 4986 
2970 4995 
2971 4909 
2972 4102 
2973 4922 
2974 4989 
2975 4945 4902 4954 4816 
2976 4773 
2977 4283 
2978 4735 
2979 4479 4886 4984 3772 
2980 4853 
2981 4773 
2982 4102 
2983 4937 
2984 4864 
2985 4931 
2986 4785 
2987 4920 
2988 4982 
2989 4969 
2990 3760 
2991 4941 
2992 4876 4776 
2993 4867 4853 4876 4664 4909 
2994 3697 
2995 4399 
2996 4853 
2997 3812 
2998 4847 
2999 4477 
3000 4994 
3001 4976 
3002 4856 
3003 4727 4622 4991 
3004 4661 
3005 4922 
3006 4327 
3007 4937 
3008 4758 
3009 4941 
3010 4876 
3011 4434 
3012 4990 
3013 3013 
3014 4946 
3015 4954 
3016 4727 
3017 4969 
3018 4976 
3019 4957 
3020 4869 
3021 4991 4975 3560 4909 
3022 2522 
3023 4995 
3024 4909 
3025 4725 
3026 4898 
3027 4931 4362 
3028 4835 
3029 4965 
3030 4994 
3031 4773 
3032 4987 
3033 4962 
3034 4968 
3035 4418 4995 
3036 4957 
3037 4920 
3038 4192 
3039 4840 
3040 4942 
3041 4946 
3042 4827 
3043 4348 
3044 4955 
3045 4037 
3046 4731 
3047 4975 
3048 4980 
3049 4960 
3050 4965 
3051 4998 
3052 4868 
3053 4906 
3054 4956 
3055 4847 
3056 4984 
3057 4412 
3058 4512 
3059 4725 
3060 4988 
3061 4971 
3062 4988 
3063 4362 4816 4922 
3064 4449 
3065 4725 
3066 4905 
3067 4971 
3068 4847 
3069 4934 
3070 4949 
3071 4773 
3072 4990 
3073 4840 
3074 4416 4955 
3075 4239 4905 
3076 4754 4583 
3077 4976 
3078 4348 
3079 4934 
3080 4990 4937 4984 
3081 4841 
3082 4995 
3083 4954 
3084 4847 
3085 4991 
3086 4588 
3087 3802 
3088 4574 
3089 4512 
3090 3760 
3091 4874 
3092 4727 
3093 4920 
3094 4778 4841 
3095 4876 
3096 4847 
3097 4874 4960 
3098 4348 3603 
3099 4678 
3100 4827 4909 4577 
3101 4973 
3102 4187 
3103 4902 
3104 4909 
3105 4740 
3106 2958 4851 4416 3839 
3107 4984 
3108 4943 
3109 4725 
3110 4735 
3111 4622 
3112 4938 
3113 4988 
3114 4937 
3115 4546 
3116 4917 
3117 4960 
3118 4906 
3119 4905 
3120 4867 
3121 4982 
3122 4867 
3123 4986 
3124 4801 4448 
3125 4725 
3126 4418 
3127 4448 
3128 4920 
3129 4988 
3130 4840 
3131 4348 
3132 4910 
3133 4990 
3134 4894 
3135 4942 
3136 4998 
3137 4945 
3138 4945 
3139 4957 
3140 4847 
3141 4396 
3142 3839 
3143 4906 4283 4987 
3144 4899 3560 4773 
3145 4841 
3146 3760 
3147 4687 
3148 4983 
3149 4740 
3150 4906 
3151 4934 
3152 4816 
3153 4980 
3154 4898 
3155 4806 
3156 4758 
3157 4731 
3158 4945 
3159 4975 
3160 4283 
3161 4577 
3162 4396 
3163 4991 
3164 4991 
3165 4955 
3166 4981 
3167 4657 
3168 4827 
3169 4841 
3170 4834 
3171 4944 
3172 3770 
3173 4769 
3174 3802 
3175 4991 
3176 4416 
3177 4769 
3178 4806 
3179 4622 
3180 2522 
3181 4434 
3182 4853 4664 4348 4969 
3183 4946 
3184 3609 
3185 4881 
3186 4916 
3187 4661 
3188 4991 
3189 4886 
3190 4192 4396 4362 
3191 4916 
3192 4934 
3193 4905 
3194 4773 
3195 4521 4369 
3196 4081 
3197 4769 
3198 4980 
3199 4758 
3200 4905 
3201 4984 
3202 4758 
3203 4318 
3204 4173 
3205 4841 
3206 4449 
3207 4998 
3208 4899 
3209 3772 
3210 4955 
3211 4968 
3212 4937 
3213 4851 4678 
3214 4937 
3215 4971 4906 4283 4949 
3216 4477 
3217 4840 
3218 4814 
3219 4945 
3220 4922 4954 
3221 4547 
3222 4869 
3223 4622 
3224 4725 
3225 4416 
3226 4934 
3227 4867 
3228 4554 
3229 4399 
3230 4853 
3231 4988 4547 
3232 4579 
3233 4827 
3234 4981 
3235 4965 
3236 4971 
3237 4357 4976 
3238 4727 
3239 4869 
3240 4546 
3241 4965 4758 2941 
3242 4969 
3243 4851 
3244 4102 
3245 4801 
3246 3697 
3247 4863 
3248 4922 
3249 4479 
3250 4754 
3251 3251 
3252 4980 
3253 4943 
3254 4864 
3255 3472 
3256 4856 
3257 3802 
3258 4982 
3259 4863 
3260 4957 
3261 4984 
3262 3609 
3263 4960 
3264 3760 
3265 3697 
3266 4984 
3267 4989 
3268 4840 
3269 4991 4881 4909 
3270 4886 
3271 4934 
3272 4937 
3273 4899 
3274 4941 
3275 4827 
3276 4357 
3277 3839 
3278 4909 
3279 4318 
3280 4851 
3281 4909 
3282 4776 
3283 3896 
3284 4976 
3285 4847 
3286 3609 
3287 4965 
3288 4864 4954 
3289 4622 
3290 4999 
3291 4357 
3292 4396 
3293 4768 
3294 4396 4418 
3295 4173 
3296 3909 
3297 4987 
3298 4935 
3299 4965 
3300 3772 
3301 4801 
3302 4987 
3303 4851 4497 4398 4102 2522 
3304 4981 
3305 4906 4416 
3306 4969 
3307 4971 
3308 4812 
3309 4773 
3310 4991 
3311 4769 4935 
3312 4902 
3313 4971 4994 3560 4906 4827 
3314 4960 
3315 4969 
3316 4975 4283 4988 
3317 4874 
3318 4396 
3319 4342 
3320 4867 
3321 4827 
3322 4554 
3323 4945 4616 4768 
3324 4975 
3325 4827 
3326 4969 
3327 4938 
3328 4827 
3329 4934 
3330 4920 
3331 4856 
3332 4622 
3333 4956 
3334 3760 
3335 4954 
3336 4768 
3337 4960 
3338 3802 4261 
3339 4604 
3340 4920 
3341 4547 
3342 3802 
3343 3697 
3344 4942 
3345 4886 
3346 4909 
3347 4867 
3348 4965 
3349 4318 
3350 4943 4853 3812 4449 3886 
3351 4362 
3352 4920 
3353 4685 
3354 3560 
3355 4969 
3356 4604 
3357 4905 
3358 4957 
3359 4619 
3360 4497 
3361 4994 
3362 4758 
3363 4916 
3364 3697 
3365 4991 4827 
3366 4768 
3367 4995 
3368 4327 
3369 4864 
3370 4945 
3371 4987 
3372 4577 
3373 2522 
3374 4957 
3375 4758 4869 
3376 4991 
3377 4835 
3378 4261 
3379 4604 
3380 3909 
3381 4969 
3382 4986 
3383 4399 
3384 4989 
3385 4986 
3386 4943 
3387 4954 
3388 4988 
3389 4906 
3390 4957 
3391 4922 
3392 4554 
3393 4740 
3394 4449 
3395 4922 
3396 3603 
3397 4942 
3398 4827 
3399 4971 
3400 4960 
3401 4037 
3402 4945 
3403 2522 
3404 4869 
3405 4956 
3406 4841 
3407 4881 
3408 4988 
3409 4894 
3410 4754 
3411 4583 
3412 4399 
3413 3812 4327 4399 
3414 4725 
3415 4348 
3416 4867 
3417 4937 
3418 4827 
3419 4834 
3420 4937 
3421 4769 4976 
3422 4758 
3423 4987 
3424 4840 
3425 4768 
3426 4827 
3427 3427 
3428 4973 
3429 4965 
3430 4806 
3431 4342 
3432 3770 
3433 4835 
3434 4348 4806 4754 
3435 4396 
3436 4816 
3437 4942 
3438 4812 4991 
3439 4521 4369 
3440 4917 4812 
3441 4037 
3442 4938 
3443 4851 
3444 4588 
3445 4867 
3446 4827 4935 
3447 4968 
3448 4994 
3449 4886 
3450 4546 
3451 4988 
3452 4934 
3453 4975 
3454 3760 
3455 4906 
3456 4448 
3457 4512 
3458 4856 
3459 4856 
3460 4840 
3461 4906 
3462 4902 
3463 4867 
3464 4841 
3465 4827 
3466 4987 
3467 4917 
3468 4725 
3469 4943 
3470 4348 
3471 4727 
3472 3472 
3473 4969 
3474 4986 
3475 4399 
3476 4899 
3477 4546 
3478 4881 
3479 4975 4622 
3480 4943 
3481 4283 
3482 4840 
3483 3886 
3484 4173 
3485 3839 
3486 4982 
3487 4398 
3488 4988 
3489 4840 
3490 4954 
3491 4980 
3492 3427 
3493 4841 
3494 4944 
3495 4955 
3496 4943 
3497 4833 
3498 4941 
3499 4847 
3500 4955 
3501 4769 
3502 4957 
3503 4934 
3504 4851 
3505 4357 
3506 4994 4935 
3507 4869 
3508 4936 
3509 4991 
3510 4994 
3511 4976 
3512 4554 
3513 4982 
3514 4416 
3515 4512 
3516 4881 
3517 4434 
3518 4876 
3519 4899 
3520 4867 
3521 4942 
3522 4835 
3523 4916 
3524 4989 
3525 4949 
3526 4931 
3527 4983 
3528 4853 
3529 4037 
3530 4934 
3531 4418 
3532 4962 
3533 4944 
3534 4827 
3535 4678 
3536 4935 
3537 4806 
3538 4554 
3539 4905 
3540 4727 
3541 4418 
3542 4577 4731 
3543 4920 
3544 4173 
3545 4841 
3546 4479 
3547 4916 
3548 4727 
3549 4988 
3550 4969 
3551 4936 
3552 4868 
3553 3812 
3554 4941 
3555 3802 
3556 4583 
3557 4874 
3558 3839 4754 
3559 4935 
3560 3560 
3561 4735 
3562 4988 
3563 4984 
3564 4853 
3565 4342 
3566 4604 
3567 2958 
3568 4998 
3569 2522 
3570 4874 
3571 4369 4521 
3572 4971 
3573 4773 4941 
3574 4588 
3575 4725 
3576 4991 4917 
3577 4081 
3578 3760 
3579 4989 
3580 4853 
3581 4758 
3582 4868 
3583 4396 
3584 4411 
3585 4902 4934 4936 
3586 4840 
3587 4814 
3588 4725 
3589 4554 
3590 4976 
3591 4851 
3592 4998 
3593 4418 
3594 4994 
3595 4957 
3596 4997 
3597 2745 4120 4991 
3598 4997 
3599 4975 4997 
3600 4778 4425 4917 
3601 4994 
3602 4969 
3603 3603 
3604 4991 
3605 4881 
3606 4981 
3607 4934 
3608 4678 
3609 3609 
3610 3251 
3611 4982 
3612 4814 
3613 4906 
3614 4920 
3615 4968 
3616 4398 
3617 3697 
3618 4727 
3619 4998 
3620 4863 
3621 4981 
3622 4588 
3623 4479 
3624 4785 
3625 4936 
3626 4945 
3627 4411 
3628 4894 
3629 4814 
3630 4955 
3631 4841 
3632 4916 
3633 4938 
3634 4869 4812 4318 
3635 4835 
3636 4778 4988 
3637 4987 
3638 4994 
3639 4814 
3640 4173 
3641 4920 
3642 4957 
3643 3472 
3644 4874 
3645 4874 
3646 4965 
3647 4835 
3648 4922 
3649 4398 
3650 4881 
3651 4814 
3652 4902 
3653 4975 
3654 4995 
3655 4348 
3656 4449 
3657 4812 
3658 2522 
3659 4902 
3660 4934 
3661 4876 
3662 4173 
3663 4867 
3664 4945 
3665 4801 
3666 4834 
3667 4982 
3668 3770 
3669 4657 
3670 4856 
3671 4342 
3672 4909 4968 4973 
3673 4773 3839 4909 
3674 4678 
3675 3603 
3676 3251 
3677 4971 
3678 4934 
3679 4037 
3680 4827 
3681 4909 
3682 4902 4986 4931 
3683 3784 
3684 3896 
3685 4348 
3686 4997 
3687 4906 
3688 4348 
3689 4725 
3690 4874 4841 4404 
3691 4955 
3692 4874 
3693 4934 
3694 4955 4910 4980 
3695 4396 
3696 4995 
3697 3697 
3698 4554 4577 4954 
3699 4984 
3700 4512 
3701 4874 
3702 4657 
3703 4412 
3704 4348 
3705 4616 
3706 4396 4969 
3707 4348 
3708 4995 
3709 4969 
3710 4856 
3711 4868 
3712 4955 
3713 4758 
3714 4994 
3715 2958 
3716 4664 
3717 4938 
3718 4727 4554 4935 
3719 4955 
3720 4283 
3721 3721 
3722 4965 
3723 4968 
3724 4905 
3725 4973 
3726 4773 
3727 4999 
3728 4876 
3729 4987 
3730 4864 
3731 4833 
3732 4588 
3733 4962 
3734 4910 
3735 4998 
3736 4398 
3737 3251 
3738 4975 
3739 4981 
3740 4922 
3741 4934 
3742 4975 
3743 4886 
3744 4547 
3745 4853 
3746 4492 
3747 4910 
3748 3839 
3749 4187 
3750 2522 4931 4976 
3751 4827 
3752 4902 
3753 4348 
3754 3721 
3755 4960 
3756 4864 
3757 3770 
3758 4412 
3759 4994 
3760 3760 
3761 4369 
3762 4283 
3763 4864 
3764 4841 4902 4988 
3765 4945 
3766 4997 
3767 4348 
3768 3772 
3769 3839 4425 
3770 3770 
3771 4448 
3772 3772 
3773 4554 4935 4943 4934 
3774 4834 
3775 4938 
3776 4969 
3777 4851 4975 4853 4935 
3778 4962 
3779 4987 
3780 4986 
3781 4934 
3782 4778 
3783 4806 
3784 3784 
3785 3812 
3786 4943 
3787 4941 
3788 4678 
3789 4283 
3790 3760 
3791 4917 
3792 4905 
3793 4342 
3794 4969 
3795 4801 
3796 4554 
3797 4991 
3798 4991 
3799 4946 
3800 4851 
3801 4984 
3802 3802 
3803 4910 
3804 4512 
3805 4984 4902 4412 4899 
3806 4945 
3807 4955 
3808 4740 
3809 4945 
3810 4899 
3811 4853 
3812 3812 
3813 4685 
3814 4938 
3815 4554 
3816 4622 
3817 4965 
3818 4906 
3819 2522 4554 4989 4806 
3820 4994 
3821 4987 
3822 4851 4827 4980 4997 
3823 4905 
3824 4399 
3825 4187 
3826 4944 
3827 4657 
3828 4856 
3829 4990 
3830 4944 
3831 4956 
3832 4957 
3833 4980 
3834 4404 
3835 4769 
3836 4261 
3837 4616 
3838 4768 
3839 3839 
3840 4920 
3841 4946 
3842 4616 
3843 4687 
3844 4954 
3845 4740 
3846 4863 
3847 4987 
3848 3886 
3849 4851 
3850 4934 
3851 4998 
3852 4120 
3853 4916 
3854 4357 
3855 4968 
3856 4898 
3857 4938 
3858 4973 
3859 4869 
3860 4898 
3861 4995 
3862 4081 
3863 4773 
3864 4960 
3865 4917 
3866 4579 
3867 4954 
3868 4988 
3869 4899 
3870 4081 
3871 4869 
3872 4954 
3873 4936 
3874 4881 
3875 4731 
3876 4806 
3877 4448 
3878 4740 
3879 4847 
3880 4898 
3881 4894 
3882 4962 
3883 4874 4994 4955 4941 
3884 4965 
3885 4404 4916 4980 4943 
3886 3886 
3887 3472 
3888 4946 
3889 4956 
3890 4982 
3891 4898 
3892 4577 
3893 4975 4841 4816 4990 
3894 4920 
3895 4554 
3896 3896 
3897 4856 4906 4404 4995 
3898 4874 4991 4906 4936 
3899 4899 
3900 4934 
3901 4986 
3902 4991 
3903 4971 
3904 4192 
3905 4987 
3906 4685 
3907 4987 
3908 4768 
3909 3909 
3910 4357 
3911 4987 
3912 4874 
3913 4991 
3914 4988 
3915 4479 
3916 4986 
3917 4934 4806 4731 4941 
3918 4399 
3919 4976 
3920 4856 
3921 4740 
3922 4622 
3923 4955 
3924 4934 
3925 4037 
3926 4847 
3927 4960 
3928 4546 
3929 4944 
3930 4497 3013 
3931 4348 
3932 4187 4261 4976 4936 
3933 4969 
3934 4954 4806 4917 4968 
3935 4778 
3936 4965 
3937 4906 
3938 4987 
3939 4899 
3940 3802 
3941 4874 
3942 4477 
3943 4899 
3944 4833 
3945 4969 
3946 4899 
3947 4773 4902 4758 4931 
3948 4971 
3949 4943 
3950 4909 4990 4943 4995 
3951 4969 4874 
3952 4812 
3953 4867 
3954 4975 
3955 3886 
3956 4778 4418 4991 4905 
3957 4938 
3958 4816 
3959 4980 
3960 4404 
3961 4902 
3962 4773 
3963 4937 
3964 4856 
3965 4769 
3966 4841 
3967 4758 
3968 4934 
3969 4616 
3970 4960 
3971 4998 
3972 4987 4937 2522 4574 
3973 4727 
3974 4773 
3975 4937 
3976 2958 
3977 4973 
3978 4411 
3979 4769 
3980 4616 
3981 4934 
3982 4931 
3983 4954 
3984 3812 
3985 4840 4512 4991 4754 
3986 4997 
3987 4812 
3988 4990 
3989 4725 
3990 3560 
3991 4448 
3992 4941 
3993 4411 
3994 3603 
3995 4840 
3996 2941 
3997 4981 
3998 4769 4037 3697 4995 
3999 4886 
4000 4968 
4001 4425 
4002 4769 
4003 3896 
4004 4554 
4005 4357 
4006 4588 
4007 4687 
4008 4905 
4009 4037 
4010 4769 
4011 4418 
4012 4881 
4013 4991 
4014 4102 
4015 4931 
4016 4785 
4017 4834 
4018 4991 
4019 4411 
4020 4938 
4021 4583 
4022 4899 
4023 4727 
4024 4971 
4025 4856 
4026 4554 
4027 3560 
4028 4827 3760 4583 
4029 4910 4909 4851 4678 2522 4995 
4030 4983 
4031 4785 
4032 4187 4944 4906 4937 
4033 4945 
4034 4816 
4035 4916 
4036 4946 
4037 4037 
4038 4192 3251 4827 4776 4945 
4039 4990 
4040 4348 4876 3697 4968 
4041 4910 
4042 4969 
4043 4816 4971 3721 4984 
4044 4856 
4045 4945 
4046 4583 
4047 4778 
4048 4291 
4049 4357 
4050 4547 
4051 4773 
4052 4881 
4053 4853 
4054 4906 
4055 4941 
4056 4943 
4057 4841 
4058 4773 
4059 4935 
4060 4342 
4061 4990 
4062 4449 
4063 4173 
4064 4546 
4065 4938 
4066 3896 
4067 3251 
4068 4678 
4069 4283 
4070 3896 
4071 4905 
4072 4773 
4073 4778 
4074 4773 
4075 4955 
4076 4997 
4077 4990 
4078 4899 4937 4768 4834 4971 
4079 4856 
4080 4909 
4081 4081 
4082 4342 
4083 4778 
4084 4898 
4085 4920 
4086 4833 
4087 3772 
4088 2941 
4089 4448 
4090 4342 
4091 4989 
4092 4418 4773 4988 4579 4955 
4093 4868 
4094 4404 
4095 4935 
4096 4960 
4097 4725 
4098 4902 
4099 4841 
4100 4954 
4101 4685 
4102 4102 
4103 4554 
4104 4449 
4105 4812 
4106 4261 
4107 4173 
4108 4910 
4109 4997 
4110 4976 
4111 4944 
4112 4968 
4113 4806 
4114 4945 
4115 4987 
4116 3251 4991 4622 4847 4814 
4117 4976 
4118 3721 
4119 4725 
4120 4120 
4121 4727 
4122 4920 
4123 4987 4661 4942 4902 4840 4588 
4124 4975 
4125 4938 
4126 4619 
4127 4425 
4128 4477 
4129 4965 
4130 4906 
4131 4942 
4132 4886 
4133 4735 
4134 4622 
4135 4937 
4136 4841 
4137 4874 
4138 4616 
4139 4418 
4140 4983 
4141 4981 
4142 4357 
4143 4981 
4144 4944 
4145 3721 
4146 4874 
4147 4827 
4148 4941 
4149 4886 
4150 4876 
4151 4995 
4152 4574 
4153 4971 
4154 4941 
4155 4477 
4156 4616 
4157 4434 
4158 4348 4521 4291 4411 4816 4769 
4159 4731 
4160 4945 
4161 4864 
4162 4769 
4163 3802 4957 4946 4874 4956 4973 
4164 4998 
4165 3697 
4166 4943 
4167 3603 
4168 4725 
4169 4988 
4170 4906 
4171 4725 
4172 4898 
4173 4173 
4174 4984 
4175 4990 
4176 4983 
4177 4997 
4178 4847 
4179 4754 
4180 4965 
4181 4840 4833 4962 4357 4574 4806 
4182 4283 
4183 3909 
4184 2941 
4185 4995 
4186 4989 
4187 4187 
4188 4981 
4189 4727 
4190 4678 
4191 4906 
4192 4192 
4193 4987 
4194 4867 
4195 4886 
4196 4999 
4197 4982 
4198 4357 
4199 4943 
4200 4856 
4201 4187 
4202 4982 
4203 4833 
4204 4851 
4205 4833 
4206 4812 
4207 4318 
4208 4876 
4209 4955 
4210 4905 
4211 4758 
4212 4664 4398 4853 4579 4946 4867 
4213 4213 
4214 4935 
4215 4986 
4216 4806 
4217 4492 
4218 4999 
4219 2522 
4220 4661 
4221 4988 
4222 4962 2522 4318 4944 4588 4945 4980 
4223 4081 
4224 4554 
4225 4806 
4226 4814 
4227 4946 
4228 4988 
4229 4835 
4230 4983 
4231 4988 
4232 4955 
4233 4604 
4234 4853 
4235 4957 
4236 4909 4920 4867 
4237 4943 
4238 4984 
4239 4554 4778 4938 4982 4579 4975 
4240 4975 
4241 4938 
4242 3886 
4243 4434 
4244 4998 
4245 4448 4975 4616 4984 4956 4995 4989 
4246 4984 
4247 4988 4102 4778 3896 4833 4898 
4248 4944 
4249 4037 4327 4943 4954 4922 4968 
4250 4920 4425 4869 4981 
4251 4856 
4252 4910 
4253 4981 
4254 4975 4577 4864 4991 4187 4735 
4255 4833 
4256 3251 
4257 4899 
4258 4853 
4259 4874 
4260 4988 
4261 4261 
4262 4988 
4263 4960 
4264 4945 
4265 4986 
4266 4841 
4267 4847 
4268 4982 
4269 4982 
4270 4425 
4271 4954 
4272 4886 
4273 4910 
4274 4945 
4275 4357 
4276 4853 
4277 4965 
4278 4946 
4279 4396 4853 4687 4851 4574 
4280 4398 4664 4512 4990 4965 4949 
4281 4778 
4282 4960 
4283 4283 
4284 4604 
4285 4853 
4286 4727 
4287 4917 
4288 4847 4687 4404 4512 4574 
4289 4477 
4290 4477 
4291 4291 
4292 4988 
4293 4980 
4294 4931 
4295 4955 
4296 4934 
4297 4773 
4298 4851 
4299 4801 
4300 4938 
4301 4960 
4302 4943 
4303 4769 
4304 4986 
4305 4283 
4306 4102 4905 4687 
4307 3251 
4308 4841 
4309 4894 
4310 4081 
4311 4758 
4312 4778 
4313 4936 
4314 4988 
4315 4968 
4316 4957 
4317 4678 
4318 4318 
4319 4577 
4320 3784 
4321 3784 
4322 4758 
4323 4616 
4324 4864 
4325 4965 
4326 4867 
4327 4327 
4328 4348 
4329 4727 4874 4342 4574 
4330 4778 
4331 4906 
4332 4975 4434 4856 4806 
4333 4357 
4334 4969 4994 4941 
4335 4909 3839 4588 4898 4806 4949 
4336 4853 4816 3886 4434 4449 
4337 4991 
4338 4867 
4339 4579 
4340 4983 
4341 4998 
4342 4342 
4343 4988 
4344 4876 
4345 4954 
4346 4851 
4347 4969 
4348 4348 
4349 4604 
4350 4546 
4351 4187 4984 4778 4999 4735 4946 
4352 4989 
4353 4994 
4354 4583 
4355 4944 
4356 4962 
4357 4357 
4358 4937 
4359 4994 
4360 3802 
4361 4864 
4362 4362 
4363 4841 
4364 4261 
4365 4920 
4366 4899 
4367 4937 
4368 4949 
4369 4369 4521 
4370 4754 
4371 4976 
4372 4512 
4373 4990 
4374 4477 
4375 4936 4173 4425 4984 4991 4989 
4376 4776 
4377 3839 3721 4968 4981 
4378 4938 
4379 4954 4758 4906 4687 4867 
4380 4546 4754 4412 4968 
4381 4213 
4382 4778 
4383 4905 
4384 4983 
4385 4995 
4386 3909 
4387 4554 
4388 3560 
4389 4899 
4390 4969 
4391 4943 
4392 4479 
4393 4773 
4394 4955 
4395 4731 
4396 4396 
4397 4995 
4398 4398 
4399 4399 
4400 4906 
4401 4994 
4402 4969 
4403 4814 4971 4935 
4404 4404 
4405 2522 
4406 4827 
4407 4554 
4408 4881 
4409 4827 
4410 4812 
4411 4411 
4412 4412 
4413 4583 4727 4622 4968 
4414 4868 
4415 4477 
4416 4416 
4417 4946 
4418 4418 
4419 4988 
4420 4348 
4421 4851 
4422 3603 4619 4657 4997 
4423 4945 
4424 4801 
4425 4425 
4426 4727 4975 4851 3896 4943 
4427 4984 
4428 3839 
4429 4348 
4430 4357 
4431 4396 
4432 4894 
4433 4776 
4434 4434 
4435 4801 
4436 4922 
4437 4902 
4438 4946 
4439 4835 
4440 4418 
4441 4725 
4442 4943 
4443 4899 
4444 4917 
4445 4449 
4446 4731 
4447 4917 
4448 4448 
4449 4449 
4450 4934 
4451 4938 
4452 4999 
4453 4864 
4454 4657 
4455 4840 
4456 4851 4758 4935 4418 
4457 4678 
4458 4876 4899 4976 3427 4894 4989 
4459 4956 
4460 4994 
4461 4863 
4462 4773 
4463 4840 
4464 4827 4841 4935 4868 
4465 4801 
4466 4512 
4467 3784 
4468 4604 
4469 4396 
4470 4678 
4471 4969 
4472 4834 
4473 4497 3013 2745 
4474 4960 
4475 4758 
4476 4856 
4477 4477 
4478 4894 
4479 4479 
4480 4982 
4481 4981 
4482 4899 
4483 4521 4369 
4484 4935 
4485 4816 4936 4975 4416 4812 
4486 4998 
4487 4881 
4488 4687 
4489 4934 4362 4881 4991 4685 4957 
4490 3896 
4491 4920 
4492 4492 
4493 4986 
4494 4773 
4495 4416 4213 4769 4973 4989 
4496 4910 
4497 4497 3013 2745 
4498 4902 
4499 4869 
4500 4983 
4501 4399 
4502 4969 4910 4583 4856 4943 4941 
4503 4981 
4504 4949 
4505 4622 
4506 4120 
4507 4980 
4508 4956 
4509 4814 
4510 4851 
4511 4945 
4512 4512 
4513 4998 
4514 4942 
4515 4342 
4516 4778 
4517 4449 
4518 4725 
4519 4081 4425 4773 4776 4989 
4520 4261 
4521 4369 4521 
4522 4968 
4523 3772 
4524 4847 
4525 3609 
4526 4740 
4527 4740 
4528 4942 
4529 4998 
4530 4588 
4531 4969 
4532 4874 
4533 4546 
4534 4864 
4535 4588 
4536 4834 
4537 4980 
4538 4941 
4539 4962 
4540 4968 
4541 4988 
4542 4853 
4543 4874 
4544 4678 
4545 4192 4909 4987 4362 4905 4773 
4546 4546 
4547 4547 
4548 4920 
4549 4941 
4550 4986 
4551 4976 
4552 2522 
4553 4833 
4554 4554 
4555 4864 
4556 4731 
4557 4874 4960 4922 3909 4969 4999 
4558 4881 
4559 4981 
4560 4984 
4561 4938 4816 4291 4962 3697 4399 4998 
4562 4081 
4563 4827 
4564 4841 
4565 4758 
4566 4881 
4567 4841 4448 4847 4579 4657 4937 
4568 4975 
4569 4898 
4570 4910 
4571 4840 
4572 4905 
4573 4944 4988 4411 4942 4619 4997 
4574 4574 
4575 4404 
4576 4412 
4577 4577 
4578 4983 
4579 4579 
4580 4990 
4581 4943 
4582 4969 
4583 4583 
4584 4906 
4585 4881 
4586 4973 
4587 3770 4102 4942 4968 4941 
4588 4588 
4589 4864 
4590 4894 
4591 4416 4778 4840 4902 4973 4916 
4592 4990 4916 4735 4944 4941 
4593 4894 
4594 4727 4725 4081 4994 4973 4999 4941 
4595 4954 
4596 4937 
4597 4851 
4598 4982 
4599 4906 4399 4922 4982 4983 
4600 3909 
4601 4920 2522 4881 4954 4905 4894 4991 
4602 4968 
4603 4902 4960 4348 4982 4989 4916 
4604 4604 
4605 3772 
4606 2522 4357 4841 4685 4937 4834 
4607 4931 
4608 4990 
4609 4960 
4610 4727 
4611 4902 
4612 4968 
4613 4776 
4614 4935 
4615 4937 
4616 4616 
4617 4945 
4618 4851 
4619 4619 
4620 4965 
4621 4687 
4622 4622 
4623 4357 
4624 4291 4841 4398 3427 4987 4776 
4625 4990 
4626 4851 
4627 4773 
4628 4853 
4629 4905 
4630 4999 3603 4975 4910 4946 3772 4983 
4631 4973 
4632 4965 
4633 4619 
4634 4727 
4635 4758 
4636 4949 
4637 4965 
4638 4946 
4639 4841 
4640 4942 
4641 4847 
4642 4960 
4643 4773 4579 4616 4604 4989 
4644 4991 
4645 4988 4479 2522 4954 4512 4868 
4646 4988 
4647 4960 
4648 4868 
4649 4956 
4650 4989 
4651 4982 
4652 4990 
4653 4604 
4654 4937 
4655 4886 
4656 4579 
4657 4657 
4658 3697 
4659 4982 
4660 4931 
4661 4661 
4662 4725 
4663 4945 
4664 4664 
4665 4291 4969 3609 4935 4898 4864 4574 
4666 4841 
4667 4938 
4668 4898 
4669 4554 
4670 4965 
4671 4945 
4672 4937 
4673 4827 
4674 4856 
4675 4957 
4676 4778 
4677 4986 
4678 4678 
4679 4991 
4680 4931 
4681 4869 
4682 4957 
4683 4989 
4684 4999 
4685 4685 
4686 4776 
4687 4687 
4688 4868 
4689 4934 
4690 4965 
4691 4991 4998 4816 4120 4434 4725 4920 
4692 4853 
4693 4619 
4694 4758 
4695 4894 
4696 4982 
4697 4916 
4698 4899 
4699 4960 
4700 4399 
4701 4946 
4702 4778 
4703 4969 
4704 4727 
4705 2522 4969 4434 4479 4881 4898 4989 
4706 4867 
4707 4835 
4708 4937 4906 4173 4973 4999 4847 
4709 4998 
4710 4898 
4711 4984 
4712 4999 
4713 4754 
4714 4173 
4715 4834 
4716 4991 
4717 4574 
4718 4840 
4719 4685 
4720 4944 
4721 4955 
4722 4960 
4723 4357 
4724 4922 
4725 4725 
4726 4960 
4727 4727 
4728 4806 
4729 4856 
4730 4982 
4731 4731 
4732 4731 
4733 4851 4876 4399 4881 4909 4725 4981 
4734 4881 
4735 4735 
4736 4986 
4737 4727 3251 4120 4943 4944 4956 4982 
4738 4851 
4739 4905 
4740 4740 
4741 4997 
4742 4758 
4743 3427 
4744 4991 
4745 4986 
4746 4853 4348 4758 4547 4934 4801 4894 
4747 4448 4935 4991 4814 3802 4906 4995 
4748 4785 4960 4864 4954 4938 4965 4477 
4749 4998 4192 4899 4881 4990 4863 4973 
4750 4905 
4751 4778 
4752 4955 
4753 4851 
4754 4754 
4755 4853 
4756 4418 
4757 4574 
4758 4758 
4759 4935 4909 4342 4847 3251 4934 4956 
4760 4980 
4761 4864 4886 4769 4934 4583 4841 4997 
4762 4735 4554 
4763 4657 
4764 4998 
4765 4988 
4766 4965 
4767 4687 
4768 4768 
4769 4769 
4770 4945 
4771 4856 
4772 4841 
4773 4773 
4774 4357 
4775 4841 
4776 4776 
4777 4894 
4778 4778 
4779 4943 
4780 4773 
4781 4971 
4782 4998 
4783 4834 
4784 4583 
4785 4785 
4786 4994 4863 4945 4910 4449 4949 4941 
4787 4931 
4788 4910 4740 4616 4909 4957 4778 4941 
4789 4949 
4790 4969 
4791 4899 
4792 4941 
4793 4898 
4794 4946 
4795 4960 
4796 4937 
4797 4664 4991 4840 4922 4740 4120 4261 
4798 4657 
4799 4554 
4800 4943 
4801 4801 
4802 4622 
4803 4955 
4804 4920 
4805 4999 
4806 4806 
4807 4412 
4808 4869 
4809 4814 
4810 4886 
4811 4909 
4812 4812 
4813 4938 
4814 4814 
4815 4898 
4816 4816 
4817 4936 4874 3697 4965 4916 4944 4989 
4818 4868 
4819 4934 3697 4917 4342 3896 4869 
4820 4934 
4821 4864 
4822 4975 
4823 4987 
4824 4869 
4825 4840 4851 4283 4957 4827 4357 4995 
4826 3603 4840 4773 4909 4986 4934 
4827 4827 
4828 4944 
4829 4946 
4830 4946 
4831 4957 
4832 4997 
4833 4833 
4834 4834 
4835 4835 
4836 4851 
4837 4291 4554 4778 4965 4986 4619 4995 
4838 4971 
4839 4969 4577 4120 4853 4984 4980 4806 
4840 4840 
4841 4841 
4842 4945 
4843 4982 
4844 4853 
4845 4968 
4846 3812 4604 4758 4910 4975 4868 
4847 4847 
4848 4955 
4849 4905 
4850 4906 
4851 4851 
4852 4864 
4853 4853 
4854 4905 
4855 4816 4937 4976 4835 4348 4827 4988 
4856 4856 
4857 4991 
4858 4990 
4859 4867 
4860 4944 
4861 4916 
4862 4905 
4863 4863 
4864 4864 
4865 4946 
4866 4847 
4867 4867 
4868 4868 
4869 4869 
4870 4547 4735 4971 4778 4954 4982 
4871 4957 
4872 4983 
4873 4995 
4874 4874 
4875 4869 
4876 4876 
4877 4976 
4878 4989 
4879 4812 
4880 4941 
4881 4881 
4882 4840 
4883 4934 4935 4833 2958 4841 4554 3251 
4884 4987 
4885 4986 
4886 4886 
4887 4980 
4888 4916 
4889 4968 
4890 4936 
4891 4931 
4892 4945 
4893 4941 
4894 4894 
4895 4997 
4896 4975 
4897 4840 3721 4988 3839 4847 4758 4986 
4898 4898 
4899 4899 
4900 4982 
4901 3802 4357 4806 4881 4922 4982 4960 
4902 4902 
4903 4968 
4904 4840 
4905 4905 
4906 4906 
4907 4965 
4908 4931 
4909 4909 
4910 4910 
4911 4949 
4912 4968 
4913 4934 
4914 4856 
4915 4841 
4916 4916 
4917 4917 
4918 4864 4348 4806 4956 4916 4987 4989 
4919 4989 
4920 4920 
4921 3802 4448 4657 4949 4851 4941 4995 
4922 4922 
4923 4941 
4924 4934 
4925 4841 
4926 4975 
4927 4899 
4928 4969 
4929 4931 
4930 4971 
4931 4931 
4932 4916 
4933 4905 
4934 4934 
4935 4935 
4936 4936 
4937 4937 
4938 4938 
4939 4991 
4940 4941 
4941 4941 
4942 4942 
4943 4943 
4944 4944 
4945 4945 
4946 4946 
4947 4995 
4948 4971 4917 4960 4988 4619 4881 4999 
4949 4949 
4950 4983 
4951 4973 
4952 4955 
4953 4995 
4954 4954 
4955 4955 
4956 4956 
4957 4957 
4958 4976 
4959 2958 4492 4976 4881 4449 4946 4898 
4960 4960 
4961 4995 
4962 4962 
4963 4995 
4964 4864 
4965 4965 
4966 4396 4936 4864 4554 4969 4943 4546 
4967 4945 
4968 4968 
4969 4969 
4970 4982 
4971 4971 
4972 4943 
4973 4973 
4974 4989 
4975 4975 
4976 4976 
4977 4941 
4978 4492 4479 4448 4769 4982 4776 4905 
4979 4806 
4980 4980 
4981 4981 
4982 4982 
4983 4983 
4984 4984 
4985 4876 3812 4988 4968 4994 4990 4187 
4986 4986 
4987 4987 
4988 4988 
4989 4989 
4990 4990 
4991 4991 
4992 4981 
4993 4943 4937 4920 4841 4740 4867 4173 
4994 4994 
4995 4995 
4996 4941 
4997 4997 
4998 4998 
4999 4999 
5000 4396 3603 4554 4812 4851 4968 4898 
