1 1491 
2 4062 
3 4892 
4 4738 
5 4173 
6 4844 4987 4988 
7 4253 
8 4880 4844 
9 1491 
10 4995 
11 4997 
12 4996 
13 4997 
14 4959 
15 4759 
16 4787 
17 4849 
18 4945 
19 4588 
20 4740 
21 4924 
22 4972 
23 4692 
24 4651 
25 4880 
26 4976 
27 4979 
28 4810 
29 4787 
30 4176 
31 4169 
32 4956 
33 4779 
34 2649 
35 4945 4787 
36 4995 
37 4967 
38 4708 
39 4797 
40 4604 
41 4760 
42 4823 
43 3608 
44 4744 
45 4973 
46 4712 
47 4176 
48 4778 
49 4961 
50 3624 
51 4939 
52 4481 
53 1418 
54 4690 
55 4966 
56 4184 
57 4966 
58 4692 
59 4797 
60 4896 
61 4959 
62 4766 
63 4519 
64 4901 
65 3604 
66 4974 
67 4832 
68 4766 
69 4939 4991 
70 4176 
71 4977 
72 4880 
73 4972 
74 4920 
75 4970 
76 4920 
77 4967 
78 4740 
79 4879 
80 4712 4823 
81 4692 
82 4766 
83 4811 
84 4767 
85 4320 
86 4945 
87 4585 
88 4831 4901 4844 
89 4811 
90 4740 
91 4977 
92 4690 4712 4896 
93 4560 
94 4712 
95 4832 
96 4779 
97 4697 
98 4849 
99 3786 
100 4923 
101 3920 4730 4831 4768 
102 4173 
103 4967 
104 4969 
105 4773 
106 4766 
107 4970 
108 4970 
109 4882 
110 4915 
111 4767 
112 4902 
113 3624 
114 4923 
115 4690 
116 4250 
117 4823 
118 4972 
119 4974 
120 4976 
121 4706 
122 4712 
123 4101 
124 4808 
125 4959 
126 3577 
127 3982 
128 4559 
129 4810 
130 4767 
131 4759 
132 3608 
133 4901 
134 4708 
135 4787 
136 4765 4688 
137 4706 
138 4588 
139 4027 
140 4888 
141 4995 
142 4903 
143 4991 
144 4920 
145 4920 
146 4871 4939 
147 4939 
148 4945 
149 1491 
150 3608 
151 4823 
152 4896 
153 4945 
154 4607 
155 4521 
156 4959 
157 4851 
158 4830 
159 4320 
160 3624 4787 
161 4766 
162 4979 4535 4878 4999 
163 4740 
164 4871 
165 3640 
166 4471 
167 4849 
168 4996 
169 4945 
170 4923 
171 4173 
172 4949 
173 4535 4692 4768 
174 4875 
175 4831 
176 4831 
177 4988 
178 4778 
179 2996 
180 4982 
181 4903 
182 3775 
183 4994 
184 3246 
185 4831 
186 4766 
187 4939 
188 4945 
189 4560 
190 4987 
191 4982 4966 4733 
192 4701 
193 4651 
194 4808 
195 4979 
196 4173 
197 4708 
198 4320 4773 
199 4970 
200 4738 
201 4768 
202 4998 
203 5000 
204 4223 
205 3819 
206 4962 
207 4879 
208 4939 
209 2649 
210 4842 4199 
211 4994 
212 4956 
213 4712 
214 3631 
215 4281 
216 4607 
217 4692 
218 4875 
219 4871 
220 4976 
221 4945 
222 4967 
223 4596 
224 4896 
225 4855 
226 4992 
227 4926 4963 
228 4706 
229 4535 4712 
230 4706 
231 4878 
232 4977 
233 4959 
234 4585 
235 4121 
236 4176 4607 4966 
237 4998 
238 4979 
239 4977 
240 3624 
241 4920 
242 4903 
243 4088 4901 1491 
244 2996 
245 4712 
246 4779 
247 3920 
248 4779 
249 4998 
250 4963 
251 4961 
252 4607 
253 4879 
254 4784 
255 4969 
256 4740 
257 4896 
258 4947 
259 4849 3624 
260 4671 
261 4880 
262 2192 
263 4992 
264 4999 
265 4481 
266 3604 
267 4281 
268 4896 
269 4892 
270 4875 
271 4607 
272 4967 
273 3992 
274 4062 
275 4832 
276 4879 
277 3015 
278 4998 
279 4671 
280 4923 
281 2040 
282 4688 
283 4596 
284 4996 
285 3774 
286 4967 
287 3992 
288 4988 
289 4775 
290 5000 
291 4766 
292 4773 
293 4199 
294 4977 
295 4992 
296 4926 
297 4955 
298 4624 
299 4969 
300 4588 
301 4690 4831 4888 
302 4844 
303 4974 
304 4830 
305 4926 
306 4871 
307 4998 
308 3927 
309 4962 
310 4871 
311 4982 
312 4119 
313 4808 
314 4585 
315 4670 
316 4831 
317 4991 
318 4956 
319 4998 
320 4979 
321 4880 
322 5000 
323 3775 
324 4173 
325 4992 
326 4926 
327 4404 
328 4896 
329 4521 
330 4787 
331 4987 
332 2847 
333 4888 
334 4963 
335 4991 
336 4768 
337 4671 
338 4997 
339 4880 4767 
340 4831 
341 4939 
342 4337 
343 4920 
344 4778 
345 4962 
346 4312 4078 
347 4945 
348 4784 
349 4281 
350 4963 
351 4775 
352 4851 
353 4968 
354 4082 
355 3631 
356 4535 4312 
357 4875 
358 4521 
359 4961 3819 4945 
360 4966 
361 4924 
362 4947 
363 4535 
364 4670 
365 4766 
366 4281 
367 4924 
368 4966 
369 4901 
370 2649 4903 
371 4738 
372 4730 
373 4924 
374 4538 
375 5000 
376 4312 
377 3143 
378 4880 
379 4961 
380 4896 
381 4745 
382 4968 
383 2040 
384 4972 
385 4973 
386 4688 
387 4787 
388 3774 
389 4963 
390 4633 
391 3624 
392 4991 
393 4949 
394 4969 
395 4992 
396 4585 
397 4947 
398 4787 
399 3920 
400 4955 
401 3992 
402 4923 
403 4844 
404 3640 
405 4992 
406 4223 
407 4766 
408 4738 
409 4624 
410 4797 
411 4939 
412 4976 
413 4596 
414 4844 
415 4671 
416 4994 4633 4733 
417 4999 
418 4920 
419 4851 
420 4947 
421 4805 
422 4994 
423 4832 
424 4998 
425 4690 
426 4903 
427 4987 4896 
428 4560 
429 4407 1418 
430 4880 
431 4588 
432 4994 
433 4282 
434 4670 
435 4585 
436 4844 
437 4706 
438 4888 
439 4944 
440 3773 
441 3624 
442 4888 
443 4535 
444 2847 4537 
445 4972 3015 
446 4169 
447 4896 4176 
448 4878 
449 4851 
450 4855 
451 4435 
452 4143 4882 4968 
453 4362 
454 4896 
455 4019 
456 4706 
457 4535 4774 
458 4974 
459 4875 
460 4967 
461 4767 
462 4992 
463 4945 
464 4901 
465 4849 
466 4973 
467 4690 
468 4404 
469 4697 
470 4963 
471 4706 
472 4538 3773 
473 4976 
474 4787 
475 4882 
476 4961 
477 4988 
478 4991 
479 4730 
480 4759 
481 3246 
482 4766 
483 4712 
484 4996 
485 4337 
486 4585 
487 4832 
488 4878 
489 3803 4962 4966 
490 4959 
491 4849 
492 4844 
493 4962 
494 4924 
495 4670 
496 1418 
497 4712 
498 4974 4519 
499 4407 
500 4692 
501 4903 
502 4088 
503 4690 
504 4945 4901 
505 3624 
506 4176 
507 3143 
508 3920 
509 4588 
510 4961 
511 4808 
512 4760 
513 4959 
514 4996 
515 4176 
516 4766 
517 4888 
518 4979 
519 4706 4991 4250 
520 4121 
521 4990 
522 4955 
523 4871 
524 4926 
525 4999 
526 4992 
527 4745 
528 4999 
529 4054 
530 4823 
531 4585 
532 4604 
533 4223 
534 4963 
535 4712 
536 4982 
537 4670 
538 4454 
539 4773 3774 4999 
540 4961 
541 4990 
542 4972 
543 4871 
544 4999 
545 4588 
546 4945 
547 4768 
548 4119 
549 2975 
550 4708 4143 4844 
551 4939 
552 4712 
553 4712 
554 4810 
555 4955 
556 4784 
557 4996 
558 4939 
559 4888 
560 4968 
561 4945 
562 4990 
563 4670 
564 4062 
565 4651 
566 4784 
567 4991 
568 4995 
569 4706 
570 4831 
571 4481 
572 4701 
573 4987 
574 4830 4481 4966 
575 4810 
576 4999 
577 4671 
578 4896 
579 4624 
580 4706 
581 4962 
582 4765 
583 4969 
584 4588 
585 4955 
586 4997 
587 4987 
588 4712 4882 
589 4062 
590 4078 
591 4926 
592 3624 
593 4712 
594 4903 
595 4880 
596 4043 4892 
597 4607 
598 4924 
599 4588 
600 4560 
601 4982 
602 4811 
603 4651 
604 4176 
605 4027 
606 4831 
607 3803 
608 4831 2996 
609 4994 
610 4538 
611 4979 
612 4959 
613 4976 
614 4915 
615 4706 
616 4831 
617 3920 
618 4082 
619 4955 
620 4896 
621 5000 
622 4959 
623 4708 
624 4823 
625 4176 
626 4767 
627 4945 
628 4767 
629 4896 
630 4888 
631 4974 
632 4962 
633 4831 
634 3640 
635 4173 4143 
636 4976 
637 4923 
638 4920 
639 4471 
640 4738 
641 4320 
642 4559 
643 4996 4701 
644 4312 
645 4797 
646 4808 
647 4692 
648 4823 
649 4404 4966 
650 2975 
651 4871 
652 4972 
653 4701 4987 
654 4535 
655 4882 
656 4588 4767 
657 4535 
658 4435 
659 4956 
660 4787 
661 4768 
662 4176 
663 4974 
664 4926 
665 4119 
666 4880 
667 4706 
668 4671 
669 4915 
670 4774 
671 3775 
672 4880 
673 4320 
674 4995 
675 4915 
676 4903 
677 4766 
678 4896 3803 
679 2996 4988 
680 4968 
681 3624 
682 4944 
683 4808 2737 
684 4745 
685 4773 4519 
686 4281 
687 4712 
688 4740 
689 4712 4607 
690 4968 
691 4987 
692 4143 
693 4926 
694 4999 
695 2649 
696 4982 
697 4519 
698 4053 
699 4062 
700 4963 
701 4733 
702 4454 
703 4988 
704 4988 
705 4902 
706 4920 
707 4101 4947 
708 3604 
709 4923 
710 4740 3773 4994 
711 4849 
712 4015 
713 4481 
714 4988 
715 4924 
716 4708 
717 4915 
718 4991 
719 4712 
720 4962 
721 4896 
722 4617 
723 4632 
724 4970 
725 5000 
726 2649 
727 4973 
728 4939 
729 4924 
730 4972 
731 2649 
732 4970 
733 4701 4811 
734 4842 
735 4805 
736 4944 
737 4879 
738 4435 
739 4173 4831 
740 4949 
741 4968 
742 4882 
743 4119 
744 4999 
745 4979 
746 4337 
747 4797 
748 4976 
749 4962 
750 4535 
751 4879 
752 4538 4435 
753 4962 4670 
754 4745 
755 2737 4832 4880 
756 4774 
757 4959 
758 4947 
759 4967 
760 4970 
761 4955 
762 4521 
763 4053 
764 1418 
765 4810 
766 4690 4767 4902 
767 4976 
768 4481 
769 4787 
770 4744 
771 4744 
772 4697 
773 4054 
774 4671 
775 4949 3775 
776 3803 
777 4596 
778 4871 
779 4121 
780 4784 
781 4842 
782 4019 
783 4706 
784 4926 
785 4967 
786 4250 
787 4633 
788 4731 
789 3786 
790 4176 
791 4730 
792 4992 
793 4982 
794 4588 
795 4999 
796 3624 
797 4119 
798 4053 4880 
799 4844 4192 4521 
800 2996 
801 4832 
802 4143 
803 4173 
804 4585 
805 3143 
806 4966 
807 4888 
808 4962 
809 3624 
810 4926 
811 4844 
812 4875 
813 4882 
814 4362 
815 4977 
816 4996 
817 4991 
818 4797 
819 4173 4199 4999 
820 4974 
821 3803 4810 
822 4920 
823 4740 
824 3631 
825 4604 
826 4990 
827 4805 
828 4959 
829 4745 
830 3577 
831 4996 
832 4947 
833 4979 
834 4774 
835 4962 4607 
836 4823 
837 4955 
838 4988 
839 4779 
840 4963 
841 4926 
842 4849 
843 4778 
844 4995 
845 4939 
846 4967 
847 4588 
848 4998 
849 4745 
850 3577 
851 4997 
852 4844 
853 4963 
854 4320 
855 4767 
856 3927 
857 4778 
858 4585 
859 4062 
860 4882 
861 4043 
862 4998 
863 4998 
864 4588 
865 4920 
866 4969 
867 4362 
868 4740 
869 4733 
870 3982 2737 
871 4926 
872 4842 
873 4767 
874 4712 4994 
875 4923 
876 4701 
877 4888 
878 4903 
879 4987 
880 4596 
881 3774 
882 4973 
883 4535 
884 4454 
885 4977 
886 4972 
887 4745 
888 4253 
889 4184 
890 4471 4811 
891 4851 
892 4880 
893 4101 
894 4968 
895 4706 
896 4849 
897 4994 
898 4974 
899 4784 
900 4121 
901 4778 
902 4407 
903 4407 
904 4902 
905 4101 
906 4880 
907 4805 
908 4708 
909 1418 
910 4697 
911 4173 3774 
912 4730 
913 4994 
914 4962 
915 4888 4831 
916 4604 
917 4281 
918 4027 
919 4282 
920 4972 
921 4974 
922 4617 
923 4053 
924 4982 
925 4670 
926 4871 
927 4768 
928 4939 
929 4944 
930 4805 
931 4767 
932 4977 4143 
933 4926 
934 4926 
935 4967 
936 4759 
937 4787 
938 4990 
939 4731 
940 4920 
941 4974 
942 4759 
943 4481 
944 4970 
945 4712 4982 
946 4808 
947 4773 
948 4670 
949 4617 
950 2975 
951 4902 
952 4418 
953 4842 
954 4947 
955 4560 
956 4481 
957 4842 
958 4767 4831 
959 4973 
960 4968 
961 4740 
962 4535 4121 3631 
963 2737 
964 4633 
965 4588 
966 4880 
967 3774 
968 4892 
969 4945 
970 4078 
971 3608 
972 4481 
973 4955 
974 3927 
975 4875 
976 4991 
977 4692 
978 2649 
979 4997 
980 4176 
981 4604 
982 4947 
983 4830 
984 4974 
985 4996 
986 4633 
987 4805 
988 4538 
989 4805 
990 4996 
991 4607 
992 4945 3624 4604 4537 
993 4765 
994 4633 
995 4808 
996 4979 
997 2649 
998 4805 
999 4849 
1000 4979 4767 4588 
1001 4998 4078 4811 
1002 4101 
1003 4879 
1004 4767 
1005 4888 
1006 4966 
1007 4535 2847 
1008 4062 
1009 4250 
1010 4797 
1011 3774 
1012 4879 
1013 4773 
1014 4519 
1015 4968 
1016 4882 
1017 4991 
1018 4775 
1019 4939 
1020 4924 
1021 4926 
1022 4944 
1023 4949 
1024 4992 
1025 4670 
1026 4945 
1027 4923 
1028 4896 
1029 4972 
1030 4991 
1031 4880 
1032 4078 2847 
1033 4690 
1034 4740 4773 
1035 4199 
1036 4966 4988 4774 
1037 5000 
1038 4805 
1039 4253 
1040 2737 
1041 4607 4767 4973 
1042 4926 
1043 2847 
1044 4811 
1045 4994 
1046 4962 
1047 4871 
1048 4282 
1049 4966 
1050 3982 
1051 4784 
1052 4991 4418 
1053 4844 
1054 3803 4585 
1055 4585 4537 
1056 4101 
1057 4961 
1058 4880 
1059 4939 
1060 3774 4767 
1061 4697 
1062 4778 
1063 4632 
1064 4830 
1065 4882 
1066 3775 
1067 4823 
1068 4997 
1069 4944 
1070 1491 
1071 4778 4973 
1072 3992 
1073 4939 
1074 4773 
1075 4880 
1076 4745 
1077 4312 
1078 4888 
1079 4966 
1080 4879 
1081 4966 
1082 4521 
1083 4559 
1084 4320 
1085 4967 
1086 4973 
1087 4811 
1088 4962 
1089 4560 
1090 3774 
1091 4811 
1092 4119 
1093 4312 
1094 4744 
1095 4915 
1096 3927 
1097 4585 4312 
1098 4759 
1099 4585 
1100 4961 
1101 4995 
1102 4851 
1103 3577 
1104 4250 
1105 4992 
1106 4962 
1107 4959 
1108 3604 
1109 4831 
1110 4997 
1111 4253 
1112 4173 
1113 4454 
1114 4778 
1115 4607 
1116 4995 
1117 4519 
1118 4998 
1119 4968 
1120 4320 
1121 4926 
1122 4994 
1123 4902 
1124 4988 
1125 4923 
1126 4997 
1127 4926 4670 
1128 4708 
1129 4767 
1130 1491 4738 
1131 4972 
1132 3920 
1133 3631 
1134 4992 
1135 4970 
1136 4184 4312 
1137 4994 
1138 2649 
1139 4738 
1140 4632 
1141 4101 
1142 4733 
1143 4708 
1144 4731 
1145 2192 
1146 4810 
1147 4915 
1148 4963 
1149 4966 
1150 4896 
1151 4998 
1152 4337 
1153 4947 
1154 4991 
1155 4973 
1156 4987 
1157 4062 
1158 4988 
1159 4901 
1160 4896 
1161 3624 
1162 4920 
1163 4974 
1164 4519 
1165 3927 
1166 4774 
1167 4692 
1168 4955 
1169 4831 4738 
1170 4992 
1171 4871 
1172 4830 
1173 4805 
1174 4281 
1175 4926 4537 
1176 4999 
1177 3775 
1178 4223 
1179 4607 
1180 4962 
1181 4766 
1182 4712 
1183 4740 
1184 4979 
1185 4947 
1186 4767 4945 
1187 4963 4176 4778 
1188 4731 
1189 4740 
1190 4119 
1191 4973 
1192 4969 
1193 4706 
1194 3624 4811 
1195 4966 
1196 4963 
1197 4968 
1198 4901 
1199 4768 
1200 4966 
1201 4880 
1202 4995 
1203 4977 
1204 4787 
1205 4053 
1206 4955 
1207 4766 
1208 4760 
1209 4054 
1210 4712 
1211 4054 4773 4970 
1212 4362 
1213 4823 
1214 4740 
1215 4875 
1216 4831 
1217 4538 4078 
1218 4706 
1219 4999 
1220 4767 1491 
1221 4519 
1222 4607 
1223 4688 
1224 4670 
1225 4976 
1226 4995 
1227 4992 
1228 4842 
1229 2975 
1230 4923 
1231 4760 
1232 4982 
1233 4851 
1234 4805 
1235 4994 
1236 3927 4312 3624 
1237 4176 4173 
1238 4779 
1239 4537 
1240 4588 4882 4730 
1241 4624 
1242 4779 
1243 4706 
1244 4896 
1245 3774 
1246 4787 
1247 4176 
1248 4121 
1249 4535 
1250 4706 
1251 3624 4851 4535 4767 
1252 4538 
1253 4831 
1254 2737 
1255 4119 
1256 3631 
1257 3608 
1258 4740 
1259 4454 
1260 4250 
1261 4949 
1262 4945 
1263 3577 
1264 4923 
1265 4851 
1266 4915 
1267 4671 
1268 4967 
1269 3775 
1270 4624 
1271 4706 
1272 4844 
1273 4088 
1274 4923 
1275 4223 
1276 4844 
1277 4969 
1278 4831 4692 
1279 4787 
1280 4979 
1281 4692 
1282 4690 
1283 4968 
1284 4990 
1285 4982 
1286 4784 
1287 4731 
1288 4967 
1289 4805 4842 4849 
1290 4706 
1291 4697 
1292 4972 
1293 4538 
1294 4939 
1295 4949 
1296 3631 
1297 4832 
1298 4617 
1299 4974 
1300 4955 
1301 4923 
1302 4808 
1303 4888 
1304 4688 
1305 4481 
1306 3631 
1307 4823 
1308 4994 
1309 4738 
1310 4982 
1311 3640 
1312 4281 
1313 4143 4880 4404 
1314 4143 4831 2996 
1315 4995 
1316 4977 
1317 4596 
1318 4844 
1319 4733 
1320 4712 
1321 4759 
1322 4767 
1323 4471 
1324 4947 
1325 4088 4878 
1326 4706 
1327 4979 
1328 4977 3775 
1329 4808 
1330 4999 
1331 4945 
1332 4996 
1333 4173 
1334 4585 4830 
1335 4961 
1336 4731 
1337 4972 
1338 4999 
1339 4805 
1340 4119 
1341 4992 
1342 4956 
1343 4585 
1344 4976 
1345 4959 
1346 4537 3631 3982 
1347 4832 
1348 2649 
1349 4759 
1350 4888 
1351 4945 4991 4733 
1352 4015 
1353 4939 
1354 4977 
1355 4169 
1356 4970 
1357 4903 4607 
1358 3604 
1359 4767 
1360 4768 
1361 4880 
1362 4962 
1363 4805 4977 
1364 4701 
1365 4959 
1366 4560 
1367 4169 
1368 4362 
1369 4538 
1370 4924 
1371 4997 
1372 4947 
1373 4407 
1374 4945 4607 
1375 4999 
1376 4968 
1377 4559 
1378 3143 
1379 4784 
1380 4823 
1381 4697 
1382 4706 
1383 4923 
1384 4692 
1385 4101 
1386 4972 
1387 4731 
1388 4888 4688 
1389 4184 
1390 4945 
1391 4880 
1392 4766 
1393 4759 
1394 4976 
1395 4875 
1396 4651 
1397 4955 
1398 4947 
1399 4808 
1400 4974 
1401 4974 
1402 4974 
1403 4053 
1404 3774 4535 
1405 4955 
1406 4920 
1407 4779 
1408 4949 
1409 4878 
1410 4143 
1411 4767 
1412 2737 
1413 4559 
1414 4994 4767 4312 
1415 4811 
1416 4831 2737 
1417 2847 
1418 1418 
1419 4831 
1420 4169 
1421 4738 1491 
1422 4982 
1423 4955 
1424 4435 
1425 4988 
1426 4766 
1427 4250 
1428 4962 
1429 4535 
1430 4994 
1431 4805 
1432 4588 
1433 4882 
1434 4537 
1435 4923 
1436 4082 
1437 4977 
1438 4955 
1439 4775 
1440 3774 
1441 4808 
1442 4759 
1443 4991 
1444 4947 
1445 4535 
1446 3246 
1447 4253 
1448 4176 
1449 4949 4176 
1450 4454 
1451 4973 
1452 4959 
1453 4966 
1454 4974 
1455 4708 3803 4320 
1456 4972 
1457 4831 
1458 4842 
1459 4101 
1460 4949 
1461 4880 
1462 4805 4775 
1463 4939 
1464 4670 
1465 4337 
1466 3143 
1467 4896 
1468 4996 4888 
1469 4101 
1470 4968 
1471 4879 
1472 4992 
1473 4784 
1474 4823 
1475 4994 4888 3143 
1476 4966 
1477 4920 
1478 4054 
1479 4690 
1480 4945 4767 1491 
1481 4765 
1482 4281 
1483 4690 
1484 4849 4454 2975 
1485 4537 
1486 4519 
1487 4982 
1488 4320 
1489 4690 
1490 4320 
1491 1491 
1492 3992 
1493 4250 4733 
1494 4962 
1495 4671 
1496 4184 
1497 4880 
1498 4697 
1499 4882 
1500 4585 
1501 4830 
1502 4974 
1503 4143 
1504 4805 
1505 4998 
1506 4697 
1507 4767 
1508 2996 
1509 4706 
1510 4810 
1511 4671 
1512 4878 
1513 4996 
1514 4998 
1515 4435 4019 4926 4892 4878 
1516 4888 
1517 4778 
1518 4956 
1519 4998 
1520 4712 
1521 4888 
1522 4712 4585 4767 
1523 4999 
1524 4759 
1525 4915 
1526 4019 
1527 2975 
1528 4849 
1529 4585 
1530 4519 
1531 4880 
1532 4585 
1533 4991 4733 4521 4977 4995 
1534 4982 4320 4992 
1535 4778 
1536 2975 
1537 4779 
1538 4987 
1539 4988 
1540 4362 
1541 4281 
1542 4871 4176 
1543 3143 
1544 4982 
1545 4974 
1546 4121 
1547 4969 
1548 4784 
1549 4651 
1550 4199 
1551 4924 
1552 4119 
1553 4320 4892 4617 
1554 4184 
1555 4027 
1556 4712 
1557 4692 
1558 4690 4733 
1559 4537 
1560 4831 
1561 2737 
1562 4842 
1563 4712 
1564 3819 
1565 4811 
1566 4871 
1567 4990 
1568 4963 
1569 4990 
1570 3246 4706 
1571 3992 
1572 4407 
1573 4119 
1574 4690 
1575 1491 4078 4823 
1576 4435 
1577 4844 
1578 4823 
1579 4688 
1580 4027 
1581 4733 
1582 4604 
1583 4947 
1584 4990 
1585 4604 
1586 3608 
1587 4787 
1588 4173 
1589 4920 
1590 4471 
1591 4404 
1592 4784 
1593 4192 
1594 4062 
1595 4979 
1596 4915 
1597 4733 
1598 4888 
1599 4875 
1600 4320 
1601 4849 
1602 4832 
1603 4585 
1604 3774 
1605 4670 
1606 4963 
1607 4337 
1608 4223 
1609 4844 
1610 4959 
1611 4738 
1612 4947 
1613 4706 
1614 4773 
1615 4926 
1616 4435 
1617 4994 
1618 4970 
1619 4768 
1620 5000 
1621 4945 
1622 4949 
1623 4766 
1624 4998 
1625 4995 
1626 4797 
1627 4924 
1628 4708 
1629 4778 
1630 4708 
1631 4939 
1632 4926 
1633 4947 
1634 4882 
1635 4963 
1636 4992 
1637 4945 
1638 4773 
1639 2737 
1640 4970 
1641 4996 
1642 4831 
1643 4778 
1644 3640 
1645 3577 
1646 3604 
1647 4994 
1648 4712 
1649 4768 
1650 3604 
1651 3775 
1652 2996 
1653 4831 
1654 4844 
1655 4967 
1656 4176 
1657 4997 
1658 4979 
1659 4878 
1660 4738 
1661 4730 
1662 4945 
1663 4053 4712 
1664 4939 
1665 3927 4811 
1666 4768 
1667 4966 
1668 4987 
1669 4974 
1670 4797 
1671 4969 
1672 4692 
1673 2996 4173 
1674 3624 2975 
1675 4926 
1676 4688 
1677 4888 
1678 4991 
1679 4977 
1680 4774 
1681 4903 
1682 4882 
1683 4535 
1684 4688 4882 
1685 4988 
1686 4944 
1687 4949 
1688 4733 
1689 3982 
1690 4787 
1691 4176 4959 4054 
1692 4976 
1693 4996 
1694 4962 
1695 3143 4730 
1696 4708 
1697 4896 
1698 4471 
1699 4888 
1700 4987 
1701 4312 4787 
1702 5000 
1703 4733 
1704 4712 4690 
1705 4851 
1706 4101 
1707 4991 
1708 4282 
1709 4730 
1710 4740 
1711 4963 
1712 4062 
1713 4968 
1714 4767 1491 4078 
1715 3608 
1716 4121 
1717 4977 
1718 4875 
1719 4604 
1720 4849 
1721 3143 
1722 4184 
1723 4199 
1724 4990 
1725 4973 
1726 4966 
1727 3819 
1728 4733 
1729 4706 
1730 4731 
1731 4765 
1732 4808 
1733 4253 
1734 4088 
1735 4991 
1736 4969 
1737 4407 
1738 4585 
1739 4915 
1740 4966 
1741 4766 
1742 4692 
1743 4982 
1744 4690 
1745 4976 
1746 4903 
1747 4944 
1748 4184 
1749 4745 
1750 4879 
1751 4991 
1752 4990 
1753 4774 
1754 4766 
1755 4733 
1756 3631 
1757 4990 
1758 4924 
1759 4692 
1760 4878 
1761 4320 4019 4027 
1762 4979 
1763 4823 
1764 4892 
1765 4851 
1766 2975 
1767 4670 
1768 4176 
1769 4987 
1770 3246 
1771 4773 
1772 4875 
1773 4994 4607 4871 
1774 4967 
1775 4519 4481 
1776 4888 
1777 4733 
1778 4712 
1779 4765 
1780 4708 
1781 4844 
1782 4706 
1783 4920 
1784 4176 
1785 4888 4810 4535 
1786 4974 
1787 4878 
1788 4651 
1789 4997 
1790 4882 
1791 4967 
1792 3015 
1793 3624 4831 
1794 4966 
1795 4624 
1796 4944 
1797 4923 
1798 4560 
1799 2996 
1800 4471 
1801 4119 
1802 4766 
1803 4337 
1804 4559 
1805 4121 
1806 4435 
1807 4997 
1808 4888 
1809 4823 
1810 4970 
1811 4944 
1812 4879 
1813 4559 
1814 4808 
1815 4831 
1816 4312 
1817 4987 
1818 4823 
1819 4970 
1820 3927 
1821 4766 
1822 4143 
1823 4712 
1824 4973 
1825 4173 
1826 4994 
1827 4767 
1828 4961 
1829 4998 
1830 4805 
1831 4901 
1832 4312 
1833 4920 
1834 4998 
1835 4778 
1836 4966 
1837 4078 4961 3927 4671 
1838 4740 
1839 4697 
1840 4944 
1841 4963 
1842 4832 
1843 4945 
1844 4604 
1845 4996 
1846 4990 
1847 4968 
1848 4990 
1849 4888 
1850 4926 
1851 4967 
1852 4924 
1853 4923 
1854 4632 
1855 4967 
1856 4712 4404 
1857 4281 
1858 4882 
1859 4121 
1860 4945 
1861 4967 
1862 4362 
1863 2975 
1864 4521 
1865 4823 
1866 4223 4362 
1867 2996 
1868 4970 
1869 4101 
1870 4831 
1871 4738 4015 4731 
1872 4831 
1873 4915 
1874 4849 
1875 4740 
1876 3992 
1877 2996 
1878 4733 
1879 4855 
1880 4808 
1881 4320 
1882 4787 
1883 4670 
1884 4880 
1885 4282 4797 4902 
1886 4775 
1887 3640 
1888 4961 
1889 4882 
1890 4706 
1891 4924 
1892 4995 
1893 4871 3920 3624 
1894 4888 4121 
1895 4924 
1896 4712 
1897 3920 4765 4875 4878 
1898 4805 4624 
1899 4990 
1900 4184 
1901 4535 
1902 4842 
1903 3624 
1904 4738 
1905 4775 4811 
1906 4961 
1907 4994 
1908 4765 
1909 3803 
1910 4773 
1911 4892 
1912 4775 
1913 4987 
1914 4996 
1915 4823 4688 
1916 4585 
1917 4733 
1918 4173 
1919 4882 4633 
1920 4521 
1921 4832 
1922 4871 
1923 4745 
1924 4903 
1925 4019 
1926 4998 
1927 4896 3982 2737 
1928 4997 
1929 4692 
1930 4588 
1931 4784 
1932 4740 
1933 4708 
1934 4967 
1935 4706 
1936 4730 
1937 4969 
1938 4879 
1939 4973 
1940 4966 3773 3624 
1941 4671 
1942 3774 
1943 4805 
1944 4875 
1945 4585 
1946 4997 
1947 4995 
1948 2737 
1949 4767 
1950 4418 
1951 4088 
1952 4994 
1953 5000 
1954 4733 
1955 4454 
1956 4537 
1957 4808 4977 4760 
1958 4811 
1959 4588 2649 
1960 4982 
1961 4988 
1962 4767 4596 
1963 4810 
1964 4596 
1965 4990 
1966 4896 
1967 4882 4805 3774 
1968 4823 
1969 4184 
1970 4250 
1971 4901 
1972 4969 
1973 4519 4173 4418 
1974 3982 4768 4744 
1975 4808 
1976 4281 
1977 4078 
1978 4651 
1979 4949 4945 4078 4994 
1980 4337 
1981 4173 4831 3920 4830 
1982 4773 
1983 4773 3774 4808 4774 4939 
1984 4617 
1985 4624 
1986 4920 
1987 4823 
1988 4766 3604 4880 
1989 4454 
1990 4053 
1991 4896 3624 
1992 4974 
1993 4831 
1994 4949 
1995 4994 
1996 4974 
1997 4962 
1998 4896 
1999 4740 
2000 4119 
2001 4945 
2002 4939 
2003 4701 
2004 4773 
2005 4999 
2006 4062 
2007 4988 
2008 1418 
2009 4875 4588 4778 4844 
2010 4992 
2011 4062 
2012 3577 
2013 4362 
2014 4969 
2015 4670 
2016 4481 
2017 3982 
2018 4119 
2019 4759 
2020 4955 
2021 4976 
2022 4988 
2023 4537 4926 
2024 4733 4078 
2025 4944 
2026 4959 
2027 4963 
2028 4745 
2029 4844 
2030 4992 
2031 4990 
2032 4560 
2033 4823 
2034 4706 
2035 4062 
2036 4994 
2037 3927 
2038 4281 
2039 4962 
2040 2040 4855 
2041 4996 
2042 4926 
2043 4969 
2044 4939 
2045 4690 
2046 4588 
2047 3773 
2048 4823 
2049 4632 
2050 2737 
2051 4959 
2052 4991 
2053 3577 
2054 4784 
2055 4730 
2056 4744 
2057 4281 
2058 4970 
2059 4880 4535 3803 
2060 4842 
2061 4690 4896 2847 
2062 4775 
2063 4969 
2064 4320 
2065 4337 
2066 4585 
2067 4731 
2068 4808 
2069 4962 4418 4253 4481 
2070 4823 
2071 4888 
2072 4880 4078 
2073 4745 
2074 4787 4078 1491 
2075 4875 
2076 4733 
2077 4970 
2078 4773 
2079 4979 
2080 4773 
2081 4173 
2082 4949 
2083 4169 
2084 4880 
2085 4823 
2086 4896 
2087 4944 
2088 4831 
2089 4924 
2090 4404 
2091 4998 
2092 4991 
2093 4362 
2094 4903 
2095 4880 
2096 4521 
2097 4810 
2098 5000 
2099 4949 
2100 4871 
2101 4454 
2102 4706 
2103 4775 
2104 4963 
2105 4970 
2106 4173 
2107 4842 
2108 4880 
2109 4962 
2110 4896 
2111 4759 
2112 4880 
2113 4902 
2114 4973 
2115 4959 
2116 4559 
2117 4956 
2118 4977 
2119 4768 
2120 4692 4588 4962 4738 
2121 4920 
2122 4651 
2123 4998 
2124 4831 4926 
2125 4538 4974 3992 
2126 4250 
2127 4896 
2128 4731 
2129 4119 
2130 4810 
2131 4670 
2132 4959 
2133 4961 
2134 4851 4888 4078 
2135 4968 
2136 4966 
2137 4744 4320 
2138 4998 
2139 4831 
2140 4062 
2141 4879 
2142 4944 
2143 4054 
2144 3803 4902 
2145 4692 
2146 4999 4976 4176 
2147 4962 
2148 4692 
2149 4963 
2150 4926 
2151 4972 
2152 4481 
2153 4967 
2154 4810 
2155 4632 
2156 4996 
2157 4712 4199 
2158 4902 
2159 4998 
2160 3803 
2161 4831 
2162 4998 
2163 2737 
2164 4880 
2165 4871 
2166 4830 
2167 4961 
2168 4901 
2169 4632 
2170 4101 
2171 4176 
2172 4988 
2173 4192 
2174 4712 
2175 4994 
2176 4949 
2177 5000 
2178 4692 
2179 4471 
2180 4773 
2181 4585 
2182 4774 
2183 4880 4027 4805 
2184 4027 
2185 4947 
2186 4987 
2187 4982 
2188 4915 
2189 4880 
2190 4961 
2191 4774 
2192 2192 
2193 2737 
2194 4966 
2195 3773 
2196 4797 
2197 3640 
2198 1418 
2199 4831 
2200 4253 
2201 4632 
2202 4961 
2203 4991 
2204 4519 4312 4697 
2205 4888 
2206 4192 
2207 4842 
2208 4990 
2209 4996 
2210 4982 
2211 4651 
2212 2649 
2213 4945 
2214 4961 
2215 4766 
2216 4961 
2217 4779 
2218 4944 
2219 4744 
2220 4879 
2221 4998 
2222 4915 
2223 4831 
2224 4987 
2225 4939 
2226 4968 
2227 4015 
2228 4939 4955 4559 
2229 4968 
2230 4963 
2231 4184 
2232 2737 
2233 4775 
2234 4967 
2235 4671 
2236 4992 
2237 4250 
2238 4875 
2239 4926 
2240 4831 
2241 4651 
2242 4969 
2243 1418 
2244 4744 
2245 4808 4607 
2246 4976 
2247 4823 3803 4121 
2248 4784 
2249 4973 
2250 4632 
2251 3775 
2252 4435 
2253 3982 
2254 4740 
2255 4784 
2256 4535 
2257 4947 
2258 4062 
2259 4888 
2260 4969 
2261 4337 4888 4823 
2262 4773 
2263 4849 
2264 4831 
2265 4888 
2266 4987 
2267 4851 
2268 4945 
2269 4945 
2270 4671 
2271 4320 
2272 4875 
2273 4988 
2274 4855 
2275 1418 4121 4708 4767 4991 
2276 4765 
2277 4879 
2278 4961 
2279 4708 4875 1418 
2280 4875 
2281 4588 
2282 4831 
2283 4999 
2284 4805 
2285 4671 3143 
2286 3246 
2287 4955 
2288 4994 
2289 4888 
2290 4915 
2291 4787 4312 
2292 4692 
2293 4745 
2294 4959 
2295 4842 
2296 4880 
2297 4896 
2298 3624 4944 
2299 4607 
2300 4998 
2301 4670 
2302 4808 
2303 4730 
2304 4632 
2305 4923 
2306 4995 
2307 4143 
2308 4733 
2309 4773 
2310 2975 
2311 4903 
2312 4939 
2313 4015 
2314 2192 3015 
2315 4712 
2316 4692 
2317 4054 
2318 4880 
2319 4987 
2320 4624 
2321 4990 
2322 4955 
2323 3608 
2324 4184 4604 4760 2737 
2325 4320 
2326 4939 
2327 4945 
2328 4760 
2329 4706 
2330 4281 4808 
2331 4435 
2332 4979 
2333 4767 
2334 4969 
2335 4607 4880 4974 
2336 4787 
2337 4585 
2338 4996 
2339 4027 
2340 4972 
2341 4407 
2342 4920 
2343 4362 
2344 4998 
2345 4701 
2346 4831 
2347 4418 
2348 3624 
2349 4880 
2350 4968 
2351 4173 
2352 4250 
2353 4712 
2354 4535 
2355 4766 4844 
2356 4692 4797 3775 
2357 4015 
2358 4990 
2359 4996 
2360 4823 
2361 4823 
2362 4733 
2363 4823 
2364 3992 4320 
2365 3803 
2366 4969 
2367 4923 
2368 4282 
2369 4519 
2370 4787 
2371 4968 
2372 4982 
2373 5000 
2374 4972 
2375 4831 
2376 4879 
2377 4692 4535 3631 
2378 4849 
2379 4688 
2380 4967 
2381 4810 
2382 3819 
2383 3774 
2384 4624 
2385 4082 
2386 3246 
2387 4053 4982 4624 4712 4939 
2388 4738 
2389 4773 
2390 4915 
2391 4027 
2392 4767 
2393 4250 
2394 4670 
2395 4849 
2396 4690 
2397 2847 
2398 4878 
2399 4844 
2400 4844 
2401 4947 
2402 4999 
2403 4990 
2404 4962 4888 4088 4692 4963 
2405 4961 
2406 4966 
2407 4054 
2408 3640 
2409 4966 
2410 2996 
2411 4875 
2412 4970 
2413 4173 
2414 4119 
2415 4962 4880 4994 
2416 4880 
2417 5000 
2418 4199 
2419 1418 
2420 4062 
2421 4585 
2422 4535 
2423 4924 
2424 4823 
2425 4920 
2426 4903 
2427 2737 4585 
2428 4926 4250 2649 
2429 4974 
2430 3920 
2431 4844 
2432 4923 
2433 1418 
2434 4731 
2435 4054 
2436 4968 
2437 4027 
2438 3774 
2439 4823 
2440 4588 
2441 4968 4844 
2442 4923 
2443 3927 1418 
2444 4588 
2445 4730 
2446 4745 
2447 4963 
2448 4924 
2449 4901 
2450 4979 
2451 4733 
2452 4585 4671 4617 4988 
2453 4982 
2454 4987 
2455 4994 4987 4966 3640 
2456 4481 
2457 4923 
2458 5000 
2459 4888 
2460 4923 
2461 4320 
2462 4902 
2463 4688 
2464 4773 
2465 4119 
2466 4842 
2467 1491 4844 4760 
2468 4805 
2469 4805 
2470 4690 4519 4775 
2471 4671 
2472 4404 
2473 4923 
2474 4875 
2475 4521 
2476 2192 3774 
2477 4253 
2478 4588 
2479 3631 
2480 3631 
2481 4963 
2482 4062 
2483 4538 
2484 4982 
2485 4559 
2486 4831 
2487 4988 
2488 3982 
2489 4731 
2490 4596 
2491 4963 
2492 4101 
2493 4882 
2494 4831 4337 
2495 4967 
2496 4173 
2497 4088 
2498 2737 
2499 4760 
2500 4968 
2501 4712 
2502 4062 
2503 4959 
2504 3624 
2505 4733 
2506 4849 
2507 4633 
2508 4977 
2509 4842 
2510 4082 
2511 2192 
2512 4784 
2513 4896 
2514 4745 
2515 4888 
2516 4192 
2517 4774 
2518 4765 
2519 4779 
2520 4956 
2521 4607 
2522 4519 4027 
2523 4730 
2524 4832 
2525 4903 
2526 4250 4888 4176 4773 
2527 4596 
2528 4920 
2529 4959 
2530 4947 
2531 4902 
2532 4692 
2533 3982 
2534 4982 
2535 4966 
2536 4767 
2537 4967 
2538 3775 3143 
2539 4991 
2540 4871 
2541 4823 
2542 4560 
2543 4844 
2544 4878 
2545 4944 
2546 4968 4671 
2547 4787 
2548 4888 4708 3920 
2549 4744 
2550 4082 
2551 4808 
2552 4972 
2553 4949 
2554 4538 
2555 4690 
2556 4920 
2557 4143 
2558 4250 
2559 4250 
2560 4632 
2561 4730 
2562 4844 
2563 4537 
2564 4991 
2565 4882 
2566 1491 
2567 2847 4831 4712 
2568 4337 
2569 4970 
2570 4968 
2571 4901 
2572 4766 
2573 4779 
2574 4996 
2575 4250 4712 4019 
2576 3775 4223 4949 
2577 4988 
2578 3803 
2579 4992 
2580 4169 
2581 4879 
2582 4062 
2583 4888 4949 4805 
2584 4880 
2585 4871 
2586 4878 
2587 4143 
2588 4765 
2589 4977 
2590 4633 
2591 4143 
2592 4712 4855 4849 
2593 4982 
2594 4968 
2595 4994 
2596 4184 
2597 4633 
2598 4733 
2599 4998 
2600 4281 
2601 4767 
2602 4767 
2603 2996 
2604 4633 
2605 4871 
2606 4054 
2607 4970 
2608 4880 
2609 4902 
2610 4851 
2611 4832 
2612 4956 
2613 4968 
2614 4974 
2615 4759 
2616 4784 4994 3143 
2617 4019 
2618 4968 
2619 4767 
2620 4192 
2621 2996 
2622 4778 
2623 4994 
2624 4766 
2625 4706 
2626 4787 
2627 4961 
2628 4969 
2629 4119 
2630 4974 
2631 4690 
2632 4784 
2633 4062 
2634 4805 
2635 4692 
2636 4967 
2637 4999 4312 
2638 4053 
2639 4991 
2640 4892 
2641 4915 
2642 4903 
2643 4966 
2644 4982 
2645 4805 
2646 4471 
2647 1418 4320 4962 2847 
2648 4987 
2649 2649 
2650 4282 
2651 4903 
2652 4184 
2653 4706 
2654 4768 
2655 4708 
2656 4979 
2657 4997 
2658 4765 
2659 4963 
2660 4959 
2661 4418 
2662 4481 
2663 4961 
2664 4773 
2665 4999 
2666 4991 
2667 4892 
2668 4974 
2669 4192 
2670 3992 
2671 4773 
2672 4956 
2673 1418 
2674 4977 
2675 4920 
2676 4896 
2677 4199 
2678 4974 
2679 4797 
2680 4902 
2681 4199 
2682 3608 
2683 4607 
2684 4519 
2685 4670 
2686 4880 
2687 4773 
2688 4053 
2689 4977 
2690 4538 
2691 4176 4855 3604 4320 4976 
2692 3819 
2693 4844 
2694 3015 
2695 4996 4882 4407 
2696 4701 
2697 2737 
2698 4779 
2699 4019 
2700 4767 
2701 4712 
2702 4560 
2703 4281 4692 4977 
2704 4939 
2705 3786 
2706 3803 
2707 4740 
2708 4982 
2709 4968 
2710 4973 
2711 4831 
2712 4651 
2713 4968 4888 
2714 4830 
2715 4878 
2716 4784 
2717 3803 4996 
2718 4888 
2719 3577 
2720 4697 
2721 3819 
2722 4979 4878 4767 3803 
2723 4832 
2724 3624 4831 4968 4939 4974 
2725 4892 
2726 4418 
2727 4977 
2728 4784 
2729 4169 
2730 3624 
2731 4949 
2732 4062 
2733 4974 
2734 4879 
2735 4787 
2736 4879 
2737 2737 
2738 4082 
2739 4282 
2740 4733 
2741 4924 
2742 4062 
2743 4690 
2744 4418 
2745 4926 
2746 4404 
2747 4767 
2748 4902 
2749 4184 
2750 4797 
2751 4738 
2752 4418 
2753 4560 
2754 4982 
2755 4712 
2756 4054 
2757 4767 
2758 3774 
2759 4998 
2760 4712 
2761 4926 
2762 4745 
2763 4744 
2764 3608 
2765 4896 
2766 4992 
2767 3640 2847 
2768 3773 
2769 4882 
2770 3786 
2771 4632 
2772 4690 
2773 4830 
2774 4923 
2775 3773 
2776 2847 
2777 4963 
2778 4454 
2779 4923 
2780 4882 
2781 4831 4671 4945 
2782 4972 
2783 4632 
2784 4670 
2785 4974 
2786 4766 
2787 4977 
2788 4871 
2789 4690 
2790 4604 
2791 4962 
2792 4062 
2793 4947 
2794 4173 
2795 4994 4471 
2796 3774 
2797 4766 
2798 3982 
2799 4871 
2800 4923 
2801 4535 
2802 4765 
2803 4559 
2804 4974 
2805 4880 2975 
2806 3982 
2807 4805 
2808 4712 
2809 4979 
2810 3775 
2811 4337 
2812 4990 
2813 4979 
2814 4871 
2815 4987 
2816 4888 
2817 4849 
2818 4882 
2819 3604 
2820 3773 
2821 4849 4690 4880 
2822 4054 
2823 4926 
2824 4996 
2825 4945 
2826 4596 
2827 4961 
2828 4604 
2829 4559 
2830 4962 
2831 4773 
2832 4947 
2833 4882 
2834 1418 
2835 4973 
2836 4959 
2837 4974 4690 4708 4282 4979 
2838 4121 
2839 4184 
2840 4990 
2841 4969 
2842 3604 
2843 4844 
2844 4768 
2845 4962 4831 4418 4697 
2846 4537 
2847 2847 
2848 4888 
2849 4926 
2850 4760 
2851 4988 
2852 4977 
2853 4797 
2854 4871 
2855 4617 
2856 4808 
2857 4996 
2858 3608 
2859 4690 
2860 4955 
2861 4744 
2862 4926 
2863 4173 
2864 4920 
2865 3640 
2866 4808 
2867 4945 
2868 4767 
2869 3577 
2870 4956 
2871 4538 
2872 4871 
2873 3774 4560 4896 3920 
2874 4901 
2875 4896 
2876 4830 
2877 4915 
2878 4947 
2879 4969 
2880 4990 
2881 3774 
2882 4805 
2883 4831 
2884 4844 
2885 4832 
2886 4831 
2887 4712 3803 
2888 4871 
2889 4774 
2890 1491 
2891 4967 
2892 4923 
2893 4632 
2894 3992 
2895 4920 
2896 4988 
2897 4962 
2898 4015 
2899 3992 
2900 4849 
2901 4979 
2902 4871 
2903 4767 
2904 4962 
2905 4915 
2906 4926 
2907 4082 
2908 4973 
2909 3803 
2910 4920 
2911 4805 
2912 4996 
2913 4779 
2914 4915 
2915 4961 
2916 4959 
2917 4967 
2918 4787 
2919 4831 
2920 4633 
2921 4831 
2922 4901 
2923 4706 
2924 4966 
2925 4855 
2926 4176 
2927 4882 
2928 2847 
2929 4901 
2930 4404 
2931 4670 4538 4842 4947 
2932 3819 
2933 4945 
2934 4697 
2935 4903 
2936 4797 
2937 4690 
2938 4740 
2939 4823 
2940 4690 4979 4811 
2941 2649 
2942 4797 
2943 4831 
2944 4766 
2945 2975 
2946 4823 
2947 4973 
2948 4967 
2949 4903 
2950 4970 
2951 4926 
2952 4939 
2953 4979 
2954 4521 
2955 3608 
2956 4604 
2957 4779 
2958 4959 
2959 4961 
2960 4775 
2961 4956 
2962 4082 4773 4560 
2963 4990 
2964 4967 
2965 4974 
2966 4670 3803 4844 
2967 4362 4607 3624 
2968 4926 
2969 4797 
2970 4999 
2971 4773 
2972 4690 4671 2996 4765 
2973 4996 
2974 3624 
2975 2975 
2976 4701 
2977 3577 
2978 4977 
2979 4740 
2980 4949 
2981 4250 
2982 4959 
2983 4896 
2984 4871 4706 3803 4966 3927 
2985 4944 
2986 3992 
2987 4949 
2988 4851 
2989 4775 
2990 4996 
2991 4173 
2992 4970 
2993 4223 
2994 4997 
2995 4944 
2996 2996 
2997 4121 
2998 4651 
2999 4607 4062 4407 4992 
3000 4976 
3001 4955 
3002 4888 
3003 4019 
3004 4842 
3005 4690 4176 4607 
3006 4994 
3007 4944 
3008 4974 
3009 3920 
3010 4968 
3011 4797 
3012 3624 4896 
3013 2737 
3014 4844 
3015 3015 2192 
3016 4896 
3017 4712 
3018 1418 
3019 4784 
3020 1491 
3021 4690 
3022 4972 
3023 4992 
3024 4955 
3025 4882 
3026 4972 
3027 4766 3992 4015 4851 4902 
3028 3992 
3029 4738 
3030 4740 
3031 4842 
3032 4805 
3033 4418 4697 
3034 4949 
3035 4915 
3036 4062 4955 4435 
3037 4759 
3038 4945 4250 3992 3143 4731 
3039 4588 
3040 4880 
3041 4988 
3042 4697 
3043 4987 
3044 4143 
3045 4991 4088 4435 
3046 3773 
3047 4962 
3048 4982 
3049 4808 
3050 4879 
3051 4945 
3052 4973 
3053 3920 
3054 4521 
3055 3775 
3056 4832 
3057 4692 
3058 4976 
3059 4880 
3060 4617 
3061 4362 
3062 3819 
3063 4888 4062 
3064 4690 
3065 4939 
3066 4979 
3067 4596 
3068 4915 4779 4538 4281 
3069 4923 
3070 2996 
3071 4968 
3072 4969 
3073 4454 
3074 4996 
3075 3246 
3076 4991 
3077 4831 
3078 4901 
3079 4968 
3080 4923 4888 4926 
3081 4765 
3082 4787 4871 4101 
3083 4842 
3084 4882 
3085 4896 
3086 4651 
3087 4810 
3088 4808 
3089 4253 
3090 4878 
3091 4588 
3092 4282 
3093 4062 
3094 4842 
3095 4879 
3096 4607 
3097 4959 
3098 4585 
3099 3577 
3100 4768 
3101 5000 
3102 4871 
3103 4670 
3104 4759 
3105 4053 
3106 4744 
3107 4740 
3108 4053 
3109 4945 
3110 3803 
3111 4690 
3112 4282 
3113 4766 
3114 4987 
3115 4968 
3116 4585 
3117 4670 4712 4810 4731 
3118 4888 
3119 4537 
3120 4559 
3121 4223 
3122 4712 
3123 4990 
3124 4810 
3125 4979 
3126 4831 
3127 4871 
3128 4418 
3129 4871 
3130 4712 
3131 4996 
3132 4996 
3133 4963 
3134 4766 
3135 4888 
3136 4765 
3137 4973 
3138 4996 
3139 4901 
3140 4888 
3141 4959 
3142 4875 
3143 3143 
3144 4282 
3145 4994 4977 4949 4963 4731 
3146 4991 
3147 4974 4962 4991 4519 4337 4223 
3148 4991 
3149 4987 
3150 4281 
3151 4767 
3152 4027 
3153 4851 
3154 4101 
3155 4903 
3156 4902 
3157 4875 
3158 4766 
3159 4995 
3160 4962 
3161 4766 
3162 4143 
3163 4976 
3164 4019 
3165 4997 
3166 4994 
3167 4988 
3168 4844 
3169 4956 
3170 4851 
3171 4831 4844 4767 4778 4882 4823 
3172 4537 
3173 4624 
3174 4784 
3175 4926 
3176 4901 
3177 4054 
3178 4849 
3179 4805 
3180 3819 
3181 4633 
3182 4855 4538 
3183 4019 
3184 4733 
3185 4844 
3186 4787 
3187 4708 
3188 4688 
3189 4787 
3190 4962 
3191 4738 
3192 4019 
3193 4963 
3194 4062 3819 
3195 4585 4945 1491 
3196 4844 4988 4766 4963 
3197 4924 
3198 4617 
3199 4896 
3200 4979 4882 
3201 4062 
3202 4896 2192 3246 
3203 4990 
3204 4823 
3205 4744 
3206 3774 
3207 4926 
3208 4671 
3209 4538 4855 2847 2737 
3210 4706 
3211 4585 
3212 4949 
3213 4176 
3214 4974 
3215 4999 
3216 4924 
3217 4588 
3218 4537 
3219 4888 2649 
3220 4966 
3221 4559 
3222 4624 
3223 1418 
3224 4915 
3225 4538 
3226 4617 
3227 4990 
3228 4974 3774 4805 4712 4585 
3229 4671 
3230 4968 
3231 4963 
3232 4972 
3233 4962 
3234 3604 
3235 4588 
3236 4712 4015 4633 
3237 4961 
3238 4784 
3239 4184 4805 3927 4994 
3240 4991 
3241 4888 
3242 4688 
3243 4972 
3244 4708 
3245 4882 
3246 3246 
3247 2847 4766 4823 4223 4759 
3248 4849 
3249 4871 
3250 4844 
3251 4708 
3252 4831 
3253 4842 
3254 4976 
3255 4831 
3256 4956 4015 4362 4882 4966 4991 
3257 4901 
3258 4990 
3259 4888 4926 2996 
3260 4169 
3261 4765 
3262 4880 
3263 4101 2737 
3264 4671 
3265 4701 
3266 4982 4192 4537 
3267 4892 
3268 4712 
3269 4970 
3270 4697 
3271 3927 1491 4538 4078 
3272 4596 
3273 4896 4990 3786 4944 4759 4903 4991 
3274 4712 
3275 4979 
3276 4880 
3277 4973 
3278 4990 
3279 4585 
3280 4878 
3281 4223 
3282 4407 
3283 4991 
3284 3143 
3285 4787 
3286 3992 
3287 4849 4169 
3288 5000 
3289 3819 
3290 4320 4896 3640 
3291 4955 
3292 4945 4731 
3293 4939 
3294 4740 
3295 4903 
3296 4955 
3297 4974 
3298 4962 
3299 4896 
3300 3992 
3301 4062 
3302 4775 
3303 2649 
3304 4995 
3305 4966 
3306 4778 
3307 4963 
3308 4879 
3309 4173 
3310 4774 
3311 4945 
3312 4892 
3313 4760 
3314 4808 
3315 4787 
3316 4977 
3317 4947 
3318 4404 
3319 4481 
3320 4949 
3321 4712 
3322 4535 
3323 4733 4082 4651 4607 
3324 4787 
3325 4996 
3326 4880 4871 2996 4538 4947 
3327 4974 
3328 4632 
3329 4832 
3330 4712 
3331 4888 
3332 4585 
3333 4888 
3334 4945 
3335 4830 
3336 4920 
3337 4920 
3338 4878 
3339 4766 
3340 4537 
3341 4019 
3342 4966 
3343 4842 
3344 4784 
3345 4998 
3346 4766 
3347 4766 
3348 4998 
3349 4961 
3350 4082 
3351 4767 
3352 4744 
3353 4471 
3354 4765 
3355 4999 4923 4733 
3356 4963 
3357 4706 
3358 4926 
3359 4996 4767 4805 
3360 2649 4706 4596 4949 
3361 4998 
3362 4998 
3363 4775 
3364 4977 
3365 4903 
3366 4617 
3367 4945 
3368 4250 
3369 4879 
3370 4945 
3371 3774 
3372 4967 
3373 4651 
3374 4744 
3375 4991 
3376 4688 
3377 4879 4281 
3378 4805 
3379 4966 
3380 4882 
3381 4947 
3382 4849 
3383 4888 
3384 4692 4831 4926 4585 2649 
3385 4992 
3386 3982 
3387 4901 
3388 4882 4923 4078 2975 
3389 4923 
3390 4768 
3391 4888 
3392 4967 
3393 4670 
3394 4926 4766 4896 4253 
3395 2996 
3396 4961 
3397 4999 
3398 4878 4855 
3399 3577 
3400 3604 
3401 4766 
3402 4088 
3403 4810 
3404 4706 1418 4708 
3405 3577 
3406 4882 
3407 4766 
3408 4991 
3409 4766 
3410 4871 
3411 4963 
3412 4967 
3413 4823 
3414 4823 
3415 4062 
3416 4831 4184 
3417 4939 
3418 4977 
3419 4832 
3420 3143 
3421 3786 
3422 4633 
3423 4939 
3424 4588 
3425 4176 
3426 4767 
3427 4973 
3428 4176 
3429 4670 
3430 4588 
3431 4708 
3432 4926 
3433 4972 
3434 4481 
3435 4842 
3436 4596 
3437 4998 
3438 4994 
3439 4926 
3440 4733 
3441 4849 
3442 4805 
3443 4538 
3444 4999 
3445 4760 
3446 3640 
3447 4535 
3448 4281 
3449 4926 
3450 4811 4712 4998 
3451 4805 
3452 4596 
3453 4624 
3454 4797 
3455 4888 
3456 4974 
3457 4519 
3458 4967 
3459 4651 
3460 4731 
3461 4973 
3462 4972 
3463 4956 
3464 4651 
3465 4418 
3466 4966 
3467 4690 
3468 4987 
3469 2737 4078 
3470 4926 
3471 4961 
3472 4101 
3473 4974 4888 4733 
3474 4362 
3475 4745 
3476 4731 
3477 4760 
3478 4760 
3479 4706 
3480 4062 
3481 4991 
3482 4808 
3483 4923 
3484 4176 
3485 4892 
3486 4407 
3487 4842 
3488 4538 
3489 4945 
3490 4967 
3491 4670 
3492 4779 
3493 2996 
3494 4759 
3495 4362 
3496 4535 
3497 4955 
3498 4604 
3499 4690 
3500 4988 
3501 4994 
3502 4995 
3503 4959 
3504 4362 4830 
3505 4888 
3506 4830 
3507 4966 2737 
3508 4560 
3509 4972 
3510 4945 
3511 4926 
3512 4999 
3513 4733 4926 
3514 4990 
3515 2737 
3516 4078 
3517 4962 
3518 4990 
3519 4972 
3520 4759 
3521 4701 
3522 4779 
3523 4844 
3524 4435 
3525 4994 4765 
3526 4173 4607 
3527 4842 
3528 4851 
3529 4773 4882 4991 4811 
3530 4996 
3531 4176 
3532 4987 
3533 4977 
3534 4844 
3535 4733 
3536 4101 
3537 4979 
3538 4143 
3539 4250 2737 
3540 4481 
3541 4027 
3542 4823 
3543 4471 
3544 3624 4851 4955 
3545 4810 
3546 4888 
3547 4454 
3548 4706 
3549 4880 
3550 4688 
3551 3775 
3552 4844 
3553 4688 
3554 2649 
3555 4920 
3556 4027 
3557 4967 
3558 4901 
3559 4760 
3560 4888 
3561 4963 
3562 4805 
3563 4787 
3564 4896 
3565 4744 
3566 4767 
3567 4878 
3568 4892 
3569 5000 
3570 4956 
3571 4787 
3572 4849 
3573 4972 
3574 4744 
3575 4708 
3576 4949 
3577 3577 
3578 4690 
3579 4994 
3580 4945 
3581 2649 4062 4015 4920 
3582 4731 
3583 4970 
3584 3640 
3585 4871 
3586 4706 
3587 4712 4767 4119 4624 4633 4888 
3588 4708 
3589 4979 
3590 4944 
3591 3992 4176 4888 
3592 3624 
3593 4688 
3594 4959 
3595 4962 
3596 4519 
3597 4808 
3598 5000 
3599 4967 
3600 4823 
3601 3143 
3602 4956 
3603 4967 
3604 3604 
3605 4538 
3606 4962 
3607 4990 
3608 3608 
3609 4759 
3610 4963 
3611 4519 
3612 4970 
3613 4692 
3614 4920 
3615 4787 
3616 4607 
3617 4882 
3618 4855 2649 4976 
3619 3577 
3620 4671 
3621 4688 
3622 4972 
3623 4999 
3624 3624 
3625 3927 
3626 4849 
3627 4996 4062 4945 4832 
3628 4692 4888 4708 
3629 4706 4176 4312 
3630 4811 
3631 3631 
3632 4808 
3633 4765 
3634 4976 
3635 4976 
3636 4805 
3637 4994 
3638 4882 
3639 4692 
3640 3640 
3641 4998 
3642 4692 
3643 4970 
3644 4535 
3645 4939 
3646 4990 
3647 4519 
3648 4320 
3649 4362 
3650 4944 
3651 4926 
3652 4988 
3653 4810 4760 
3654 4810 
3655 4995 
3656 4744 
3657 4851 
3658 4945 
3659 4991 4994 4945 
3660 4974 
3661 4062 
3662 4054 
3663 4888 
3664 4538 4708 
3665 4966 
3666 1491 
3667 4945 4973 
3668 4924 
3669 4992 
3670 3920 
3671 4670 
3672 4773 
3673 4784 4797 4970 2975 4731 
3674 4947 
3675 4708 
3676 4991 
3677 4939 
3678 4944 
3679 4871 
3680 3640 
3681 4810 
3682 4767 
3683 4823 
3684 4880 
3685 4624 
3686 4767 
3687 4733 
3688 4184 
3689 4320 
3690 4959 
3691 2996 
3692 4926 
3693 4956 
3694 4949 
3695 4976 
3696 4811 
3697 4977 
3698 4871 
3699 3819 
3700 4435 
3701 3246 
3702 3819 
3703 4054 
3704 4797 
3705 4607 
3706 4701 
3707 4956 
3708 4766 
3709 5000 
3710 4882 
3711 4362 
3712 4559 
3713 4184 
3714 4849 
3715 4632 
3716 4223 
3717 4733 
3718 4082 
3719 1418 4896 
3720 4924 
3721 4939 
3722 4944 
3723 4882 
3724 4019 
3725 4962 
3726 4740 
3727 4992 
3728 4767 
3729 3246 
3730 4692 
3731 4054 
3732 4968 
3733 3604 
3734 4282 
3735 4535 
3736 4967 
3737 4831 
3738 4759 
3739 4773 
3740 4830 
3741 4688 
3742 4962 
3743 4706 4962 4767 
3744 4779 
3745 4731 
3746 4767 
3747 4054 3143 4173 
3748 4849 
3749 4767 2975 4832 
3750 4968 
3751 4882 
3752 4888 
3753 4920 
3754 3803 
3755 4955 
3756 4844 
3757 4888 
3758 4119 4823 4880 
3759 4560 
3760 4519 
3761 4990 
3762 4404 
3763 4320 4994 4706 3624 
3764 4176 
3765 4875 
3766 4994 
3767 4901 
3768 4766 
3769 4192 
3770 4119 
3771 4945 
3772 4974 
3773 3773 
3774 3774 
3775 3775 
3776 4956 
3777 2737 
3778 4996 
3779 4535 
3780 4320 
3781 4997 
3782 2737 4760 
3783 4766 
3784 4745 
3785 4974 
3786 3786 
3787 4977 
3788 4320 
3789 1491 4697 4976 
3790 4810 
3791 4849 
3792 4312 
3793 2975 
3794 4963 
3795 4596 
3796 4101 
3797 3775 2649 4712 4078 
3798 4963 
3799 4963 
3800 4062 
3801 4962 
3802 4633 
3803 3803 
3804 4969 
3805 4999 
3806 3803 
3807 1491 
3808 4959 
3809 4407 
3810 4730 
3811 4988 
3812 4962 
3813 4999 
3814 4779 
3815 4773 
3816 4880 
3817 4903 
3818 4690 
3819 3819 
3820 4253 
3821 4121 
3822 4962 
3823 4892 
3824 4706 
3825 4926 4991 4979 
3826 3786 
3827 3920 
3828 4027 
3829 4966 
3830 4312 
3831 4184 
3832 4991 
3833 4199 
3834 4596 
3835 4831 
3836 4977 
3837 4892 
3838 4712 
3839 4992 
3840 4880 
3841 4994 
3842 4759 
3843 4101 4974 4962 
3844 4831 
3845 4362 
3846 4692 
3847 4538 
3848 4585 
3849 4418 4968 1491 4521 
3850 4949 
3851 4169 
3852 4730 
3853 4712 
3854 4759 
3855 4871 
3856 4173 
3857 4949 
3858 4882 
3859 4976 
3860 4519 
3861 3604 4797 4832 
3862 4607 
3863 4784 
3864 4823 
3865 4823 
3866 4537 
3867 4966 
3868 4945 
3869 4119 4588 5000 
3870 4538 4926 4519 
3871 4823 4797 4535 
3872 4731 
3873 4797 
3874 4805 
3875 4968 
3876 4955 4974 4692 4849 4775 
3877 4923 
3878 4471 
3879 4784 
3880 4253 
3881 4851 
3882 4733 
3883 4521 
3884 4945 
3885 4991 
3886 4823 4994 4760 
3887 4588 
3888 4961 
3889 4962 
3890 4994 
3891 2847 
3892 4768 
3893 4945 
3894 4088 
3895 4767 
3896 4787 
3897 4671 
3898 4585 
3899 4998 
3900 4784 
3901 4901 
3902 4945 
3903 4538 
3904 4926 
3905 4831 
3906 4998 
3907 4926 
3908 4974 
3909 4559 
3910 4988 
3911 4706 4974 4810 4760 
3912 4871 
3913 4730 
3914 4740 
3915 4903 
3916 4844 
3917 4949 
3918 4712 
3919 4745 
3920 3920 
3921 4733 
3922 4121 
3923 4199 
3924 4955 
3925 4633 
3926 4537 
3927 3927 
3928 4991 
3929 4955 
3930 4784 
3931 4320 
3932 4774 
3933 4027 4651 4974 4810 
3934 2847 
3935 4607 
3936 4671 
3937 3819 
3938 4585 
3939 4560 
3940 4015 
3941 4830 
3942 4851 
3943 4920 
3944 4560 4596 4988 5000 
3945 4223 4404 4882 
3946 4875 
3947 4995 
3948 4585 
3949 4844 
3950 4521 
3951 4896 4143 4830 
3952 4701 
3953 4956 
3954 4970 
3955 4730 
3956 4998 
3957 4996 
3958 4810 
3959 4519 
3960 4968 
3961 4994 4617 4774 4878 
3962 4892 
3963 4766 
3964 3982 
3965 4963 
3966 4173 
3967 4731 
3968 4823 
3969 4774 
3970 4101 
3971 4805 
3972 4082 
3973 3608 
3974 4519 
3975 4988 
3976 4765 
3977 4671 
3978 4407 
3979 4810 
3980 4773 
3981 4706 
3982 3982 
3983 4997 
3984 3982 
3985 4767 
3986 4871 
3987 4926 
3988 4706 
3989 5000 
3990 4537 
3991 4745 
3992 3992 
3993 4842 
3994 4875 
3995 4535 
3996 4961 
3997 4982 
3998 4607 
3999 4731 
4000 2847 4519 4767 4844 
4001 4537 
4002 4915 
4003 4945 
4004 4250 
4005 4062 
4006 4519 
4007 4844 
4008 4712 
4009 4959 4787 4945 4926 4988 
4010 4787 
4011 4624 
4012 4923 
4013 4988 
4014 1491 4823 4797 4774 
4015 4015 
4016 4944 
4017 4015 
4018 4192 
4019 4019 
4020 4519 
4021 4851 
4022 4760 
4023 4990 
4024 4920 
4025 4805 
4026 4535 
4027 4027 
4028 4733 
4029 4849 
4030 4969 
4031 4880 
4032 4253 
4033 4617 
4034 3786 
4035 4977 
4036 4977 
4037 4990 
4038 4560 
4039 4961 
4040 4078 
4041 4903 
4042 4784 
4043 4892 
4044 3786 
4045 4849 
4046 4915 
4047 4878 
4048 4990 
4049 4312 
4050 4832 
4051 4944 
4052 4775 
4053 4053 
4054 4054 
4055 4435 
4056 4842 
4057 4947 
4058 4995 
4059 4972 
4060 4617 
4061 4844 
4062 4062 
4063 4585 
4064 4920 
4065 4939 
4066 4690 
4067 4996 
4068 4773 4404 4963 
4069 3774 4842 4892 4896 
4070 4987 4842 4997 4976 
4071 4947 
4072 4740 
4073 4849 
4074 4924 
4075 4982 
4076 3577 
4077 4988 
4078 4078 
4079 4119 
4080 4976 
4081 4939 
4082 4082 
4083 4192 
4084 4733 
4085 4337 
4086 4767 
4087 4173 
4088 4088 
4089 4844 4810 4745 4778 
4090 4962 
4091 4588 
4092 4849 
4093 4924 
4094 4968 
4095 4250 4607 4849 4253 4896 
4096 4849 
4097 4947 
4098 4651 
4099 4797 
4100 4977 3819 4768 4956 4970 
4101 4101 
4102 4808 4519 4888 4765 4832 
4103 4632 
4104 4920 
4105 4823 
4106 4784 
4107 4949 
4108 3624 
4109 4987 
4110 4959 
4111 4192 
4112 4879 
4113 4991 
4114 3608 
4115 4624 
4116 4831 
4117 4768 
4118 4966 
4119 4119 
4120 4992 
4121 4121 
4122 4990 
4123 4708 
4124 4585 
4125 4810 
4126 4903 
4127 4973 
4128 4977 
4129 4901 
4130 4945 
4131 4560 
4132 4979 
4133 4670 
4134 4963 
4135 4849 
4136 4902 
4137 4740 
4138 4880 
4139 4773 
4140 4994 
4141 4974 
4142 4362 
4143 4143 
4144 4169 
4145 4871 
4146 4955 
4147 4972 
4148 4998 
4149 4535 
4150 4882 
4151 4945 
4152 4617 
4153 4987 4223 4774 4878 
4154 4708 
4155 4184 
4156 4880 4974 4805 4967 4992 4830 
4157 4903 4956 4745 4632 4879 
4158 4787 
4159 4882 
4160 4119 
4161 4998 
4162 4995 
4163 3608 
4164 4994 
4165 4962 
4166 3774 4987 4767 4778 
4167 4404 
4168 4810 
4169 4169 
4170 3604 1491 4418 4831 4997 
4171 4959 
4172 4871 
4173 4173 
4174 4970 
4175 4692 
4176 4176 
4177 4121 4896 4766 4632 
4178 4690 
4179 4604 
4180 4766 
4181 4997 
4182 4731 
4183 4955 
4184 4184 
4185 4832 
4186 4888 2649 3775 3246 4849 4253 
4187 4731 
4188 4915 
4189 4875 
4190 4991 
4191 4849 
4192 4192 
4193 4966 
4194 4926 
4195 4481 
4196 4882 
4197 4712 
4198 4966 
4199 4199 
4200 4915 
4201 4766 
4202 4871 
4203 4731 
4204 4844 
4205 3015 4811 3803 4733 4823 4199 4947 
4206 4974 
4207 4944 
4208 4875 
4209 4915 
4210 4831 
4211 4708 
4212 4871 
4213 4176 
4214 4956 
4215 4759 
4216 3773 
4217 4282 
4218 4706 
4219 4999 
4220 4787 
4221 4337 4176 4991 4121 4015 
4222 4169 
4223 4223 
4224 4926 
4225 4250 
4226 4997 
4227 4973 
4228 4015 
4229 4903 
4230 4670 
4231 4632 
4232 4521 
4233 4999 
4234 4982 
4235 4844 
4236 4712 4607 4973 4745 4920 4997 
4237 4955 
4238 4778 
4239 4924 
4240 4875 
4241 4851 
4242 4962 
4243 4708 4697 4896 4731 4995 
4244 2192 4738 4991 4670 5000 4995 
4245 4670 
4246 4692 
4247 4078 
4248 4830 
4249 4947 
4250 4250 
4251 4805 
4252 4961 
4253 4253 
4254 4851 
4255 4896 
4256 4773 
4257 4955 
4258 4994 
4259 4961 
4260 4996 
4261 4588 
4262 4920 
4263 4320 
4264 4143 
4265 4320 
4266 4588 4988 4088 4915 4745 4730 4973 
4267 4670 
4268 4692 
4269 4972 
4270 3786 
4271 4945 4088 3773 4903 4404 4996 
4272 4519 
4273 4471 
4274 4740 
4275 4959 
4276 4805 
4277 4972 
4278 4962 
4279 4176 4842 4733 3631 4997 4996 
4280 4535 
4281 4281 
4282 4282 
4283 4740 
4284 2996 
4285 4988 
4286 4892 
4287 4535 
4288 4896 
4289 4730 
4290 4944 
4291 4633 
4292 4901 
4293 4920 
4294 4176 
4295 3773 
4296 4982 
4297 4945 
4298 4706 
4299 4882 
4300 4670 
4301 4939 
4302 4959 
4303 4896 
4304 4923 4987 4977 4651 4892 4974 5000 
4305 4760 
4306 4959 
4307 4995 
4308 4733 
4309 3631 
4310 4956 
4311 4968 
4312 4312 
4313 4143 
4314 4970 
4315 4767 
4316 4015 3608 4969 4585 4880 5000 
4317 4481 
4318 4968 
4319 4956 
4320 4320 
4321 4926 
4322 4733 4706 3608 4982 4481 4731 4830 
4323 4967 
4324 4779 
4325 4082 
4326 4797 
4327 4760 
4328 4871 
4329 4970 
4330 4454 
4331 4787 
4332 4767 
4333 4784 
4334 4963 
4335 4708 
4336 3604 4692 4842 4173 4851 4945 4920 
4337 4337 
4338 4882 
4339 4924 
4340 4994 
4341 4982 
4342 4671 3640 2996 4588 4538 4624 
4343 4888 
4344 4082 
4345 4712 4362 4972 4078 4959 4823 
4346 3631 
4347 4959 
4348 4955 
4349 4805 
4350 4831 
4351 4962 
4352 4784 3803 4920 3819 4797 4169 4976 
4353 4974 
4354 4979 
4355 4810 
4356 4880 
4357 4977 
4358 4923 
4359 4995 
4360 4996 
4361 4054 
4362 4362 
4363 4901 
4364 4970 
4365 3604 4991 4844 4990 4967 4998 4976 
4366 4974 4990 4088 4560 4976 4670 4947 
4367 4882 
4368 4740 
4369 4844 
4370 4982 
4371 4970 
4372 4738 
4373 4974 
4374 4992 
4375 4697 
4376 4962 
4377 4766 
4378 4871 
4379 4996 
4380 4773 
4381 4875 
4382 4974 
4383 2737 4808 
4384 4956 
4385 4471 
4386 4624 
4387 4708 4797 4923 2975 4966 4878 
4388 4961 
4389 3819 
4390 4585 
4391 4766 
4392 2649 
4393 3920 
4394 4968 
4395 4955 
4396 4882 
4397 4535 
4398 4920 
4399 4538 4831 4082 4760 4671 4896 4778 
4400 4968 
4401 4920 
4402 4892 
4403 4192 
4404 4404 
4405 4706 
4406 4996 
4407 4407 
4408 4896 
4409 4991 4062 2975 4560 4633 4947 
4410 4990 
4411 4633 
4412 4959 
4413 4998 
4414 4880 4690 4773 4779 4991 
4415 4976 
4416 4778 
4417 4731 
4418 4418 
4419 4961 
4420 4972 
4421 4607 
4422 4823 
4423 4844 
4424 4979 
4425 4805 
4426 4871 
4427 4849 
4428 4968 
4429 4797 
4430 4949 
4431 4920 
4432 4982 
4433 4730 4192 4832 4991 5000 4998 
4434 4733 
4435 4435 
4436 4119 4962 4062 4560 
4437 4521 
4438 4901 
4439 4692 4670 3246 4996 4823 4730 
4440 1491 
4441 4970 
4442 4976 
4443 3624 
4444 4996 
4445 4994 
4446 4519 4119 4949 4871 4997 4955 
4447 4759 
4448 4903 
4449 4560 
4450 4624 
4451 4945 
4452 4882 
4453 4968 
4454 4454 
4455 4976 
4456 4281 4808 4923 3786 4701 4974 4996 
4457 4972 
4458 4979 
4459 4871 
4460 4944 
4461 4963 
4462 4810 
4463 4996 
4464 4519 
4465 4896 
4466 4969 
4467 4435 
4468 2737 
4469 4987 
4470 4192 
4471 4471 
4472 3143 
4473 4787 4977 4844 4454 4537 4988 4879 
4474 4990 
4475 4963 4730 4745 4535 4920 4959 4902 
4476 4987 
4477 3920 
4478 4810 
4479 4997 
4480 4990 
4481 4481 
4482 4538 3577 4888 4733 5000 
4483 4982 
4484 4996 
4485 4844 
4486 3775 
4487 4926 
4488 4879 
4489 4970 
4490 3773 
4491 4967 
4492 4871 
4493 4019 
4494 4969 
4495 4987 
4496 4972 
4497 4823 
4498 4959 
4499 4999 
4500 4920 
4501 4888 4708 4519 2996 4976 4632 
4502 4945 
4503 4842 
4504 4991 
4505 4924 
4506 4731 
4507 4976 
4508 4176 
4509 4740 
4510 4733 
4511 4970 
4512 4775 4991 4760 4199 4831 4920 4842 
4513 4963 
4514 4959 
4515 4961 
4516 4831 
4517 4535 
4518 4901 
4519 4519 
4520 4924 
4521 4521 
4522 4923 
4523 4766 
4524 4970 
4525 4585 4988 4773 4844 4805 4974 4744 
4526 4849 
4527 4173 
4528 4830 
4529 4982 
4530 4924 
4531 4962 
4532 4974 
4533 4671 
4534 4282 
4535 4535 
4536 4999 
4537 4537 
4538 4538 
4539 4779 
4540 4119 
4541 4690 
4542 4362 
4543 4849 
4544 4738 4320 4982 4760 4996 4999 
4545 4969 
4546 4851 
4547 4896 
4548 4768 
4549 4879 
4550 4973 
4551 4999 
4552 4766 
4553 4706 
4554 4831 
4555 4992 
4556 2996 
4557 4995 
4558 4892 
4559 4559 
4560 4560 
4561 4624 
4562 4633 
4563 4945 
4564 4101 4538 4454 4871 4968 4901 4701 4915 
4565 4915 
4566 4968 
4567 4701 
4568 4969 
4569 4949 
4570 4831 
4571 4979 
4572 4988 
4573 4888 
4574 4842 
4575 4651 
4576 4944 
4577 4997 
4578 4880 
4579 4617 
4580 4994 
4581 3624 
4582 5000 
4583 4831 
4584 4745 
4585 4585 
4586 4588 
4587 2975 
4588 4588 
4589 4535 4882 4027 4875 4956 4995 
4590 4956 
4591 4882 
4592 4968 
4593 4690 
4594 4849 
4595 4896 
4596 4596 
4597 4784 
4598 4733 
4599 4990 
4600 4920 
4601 4972 
4602 2737 4690 4849 4169 4842 
4603 4901 
4604 4604 
4605 4692 
4606 4404 
4607 4607 
4608 4963 
4609 4745 
4610 4730 
4611 4745 
4612 4888 
4613 4988 
4614 4967 
4615 4585 
4616 4842 
4617 4617 
4618 4596 
4619 4915 4903 4418 4538 4823 4733 
4620 4879 
4621 4733 
4622 4731 
4623 4968 
4624 4624 
4625 4624 
4626 4977 
4627 4740 
4628 4961 
4629 4966 
4630 4119 4903 3992 4996 4956 4312 4708 
4631 4871 
4632 4632 
4633 4633 
4634 4535 4362 4779 4585 4970 4997 
4635 4823 
4636 4961 
4637 4871 
4638 4880 
4639 4972 
4640 4915 
4641 4962 
4642 4875 
4643 4784 
4644 4901 
4645 4947 
4646 4849 
4647 4733 
4648 4991 
4649 4588 
4650 4880 
4651 4651 
4652 3604 3143 4706 3819 2847 4970 4879 
4653 4875 
4654 4976 
4655 2996 4823 4053 4738 4688 2737 4947 
4656 4733 
4657 4842 
4658 1418 4560 4633 4768 4976 4901 
4659 4404 
4660 4879 
4661 4805 4963 4902 4979 4976 4596 4875 
4662 4766 
4663 4830 
4664 4253 
4665 4945 
4666 4632 
4667 4982 
4668 4947 
4669 4744 
4670 4670 
4671 4671 
4672 4670 
4673 4706 
4674 4920 
4675 4969 
4676 4994 
4677 4766 
4678 3982 
4679 4823 
4680 4830 
4681 4967 
4682 4998 
4683 3624 2737 3992 4697 4844 4253 4404 4773 
4684 4766 
4685 4991 
4686 4199 
4687 4706 
4688 4688 
4689 4670 
4690 4690 
4691 4967 
4692 4692 
4693 4521 
4694 4956 
4695 4966 
4696 4967 
4697 4697 
4698 4169 
4699 4963 
4700 4944 
4701 4701 
4702 4787 
4703 4199 
4704 4823 
4705 4607 
4706 4706 
4707 4832 
4708 4708 
4709 4808 
4710 4888 
4711 5000 
4712 4712 
4713 4888 
4714 4947 
4715 4997 
4716 4968 3143 4787 4805 5000 4977 4999 4998 
4717 4888 
4718 4990 
4719 4901 
4720 4963 
4721 4947 
4722 4810 
4723 4961 
4724 4744 
4725 4926 
4726 4692 3143 4977 4604 4706 4519 4990 4481 
4727 4471 
4728 4939 
4729 4882 4945 4774 4982 4875 4947 
4730 4730 
4731 4731 
4732 4773 
4733 4733 
4734 4947 
4735 5000 
4736 4966 4697 4879 4888 4991 4945 4949 4740 
4737 4778 
4738 4738 
4739 4892 
4740 4740 
4741 4959 
4742 4974 
4743 4892 
4744 4744 
4745 4745 
4746 4588 
4747 4282 
4748 3608 4949 4939 4779 4733 4969 4778 
4749 4731 
4750 4901 
4751 4787 4767 4924 4970 4701 3920 4774 4990 
4752 4888 4990 4962 4977 4988 4199 4963 
4753 4765 
4754 4759 
4755 5000 
4756 4967 
4757 4805 
4758 4973 4706 4880 4879 4823 4407 4947 
4759 4759 
4760 4760 
4761 4519 4926 4972 3819 4969 4875 4976 
4762 4831 
4763 4767 4101 4945 4878 4078 4471 
4764 4996 
4765 4765 
4766 4766 
4767 4767 
4768 4768 
4769 4811 4972 3246 4078 4596 4996 4944 
4770 4956 
4771 4596 
4772 4896 
4773 4773 
4774 4774 
4775 4775 
4776 4996 
4777 4730 
4778 4778 
4779 4779 
4780 4823 
4781 4970 
4782 4797 
4783 4995 
4784 4784 
4785 4607 4879 4585 4939 4774 4988 4617 
4786 1491 4882 4963 4337 4784 4990 4901 4947 
4787 4787 
4788 4966 
4789 4537 
4790 4991 4738 4902 4774 4851 4797 4744 
4791 4830 
4792 3246 3927 4878 4994 4730 4773 4624 4282 
4793 4875 
4794 4842 
4795 4963 
4796 3608 
4797 4797 
4798 4987 
4799 3819 
4800 4744 
4801 4119 4797 1491 4832 4740 5000 4944 4999 
4802 4959 
4803 4875 
4804 4939 
4805 4805 
4806 4774 
4807 4982 
4808 4808 
4809 4926 
4810 4810 
4811 4811 
4812 4967 
4813 4832 
4814 4982 
4815 4947 
4816 4880 
4817 4974 
4818 4944 
4819 4961 
4820 4888 
4821 4688 
4822 4882 
4823 4823 
4824 4888 
4825 4977 
4826 4959 
4827 4901 
4828 4997 
4829 4962 4959 3803 4823 4982 4708 4994 
4830 4830 
4831 4831 
4832 4832 
4833 4768 
4834 4977 
4835 4974 4632 4968 1491 4896 4926 4535 4624 
4836 4842 
4837 4901 
4838 4945 
4839 4959 
4840 4998 
4841 4670 4651 4805 4945 4733 4959 4924 4967 
4842 4842 
4843 4967 
4844 4844 
4845 4963 
4846 4915 
4847 4974 
4848 4915 
4849 4849 
4850 4944 
4851 4851 
4852 4977 
4853 4760 
4854 4973 
4855 4855 4996 4994 4915 4987 4607 4842 4199 
4856 4920 
4857 4999 
4858 4706 4966 4773 4990 4973 4976 4947 
4859 4896 4967 4607 4740 4481 4949 4973 4774 
4860 4774 
4861 4766 
4862 4879 
4863 4944 
4864 4990 
4865 4996 
4866 4967 
4867 4955 
4868 4849 
4869 4871 
4870 4970 4784 4831 4617 4920 4982 4778 4963 
4871 4871 
4872 4999 
4873 4990 
4874 4939 
4875 4875 
4876 4967 
4877 4969 
4878 4878 
4879 4879 
4880 4880 
4881 4924 
4882 4882 
4883 3624 4119 4831 4888 4607 3786 4973 
4884 5000 
4885 4999 
4886 4778 
4887 4991 
4888 4888 
4889 4996 
4890 4976 
4891 4882 
4892 4892 
4893 4949 
4894 4955 
4895 4173 4559 4998 4808 4784 4624 4810 4967 
4896 4896 
4897 4947 
4898 3577 4015 4759 4670 4362 4192 4982 5000 
4899 4963 
4900 4585 
4901 4901 
4902 4902 
4903 4903 
4904 4997 
4905 4959 
4906 4988 
4907 4740 
4908 4830 
4909 4959 
4910 4902 
4911 4992 
4912 4880 
4913 4991 
4914 4995 
4915 4915 
4916 4973 
4917 4878 
4918 4962 
4919 4810 
4920 4920 
4921 4977 4992 4811 4519 3982 4949 4998 4967 
4922 4961 
4923 4923 
4924 4924 
4925 4779 4053 4537 4337 4712 4988 4805 
4926 4926 
4927 4998 
4928 4805 4888 4633 4779 4982 4740 4974 4892 
4929 4990 
4930 4810 
4931 4967 4706 3631 4690 4823 4688 4979 4607 
4932 4740 
4933 2737 
4934 4995 
4935 4939 
4936 4607 4671 4969 3608 4054 4924 4970 
4937 4708 4706 4173 4766 4362 3992 4977 4990 
4938 4996 
4939 4939 
4940 4963 
4941 4970 
4942 5000 
4943 4990 
4944 4944 
4945 4945 
4946 4823 
4947 4947 
4948 4998 
4949 4949 
4950 4915 4962 4454 4871 4963 4712 4849 4939 
4951 4920 
4952 4923 4250 4962 4977 4920 4996 4998 4970 
4953 4779 
4954 4481 
4955 4955 
4956 4956 
4957 3624 4973 4966 4992 4987 4849 3786 4969 
4958 4101 2975 4880 4923 4730 4744 4995 4947 
4959 4959 
4960 3819 4143 4949 4585 4708 4844 4991 3982 
4961 4961 
4962 4962 
4963 4963 
4964 4976 
4965 3786 3246 4823 4966 4773 4535 3773 4915 
4966 4966 
4967 4967 
4968 4968 
4969 4969 
4970 4970 
4971 4974 
4972 4972 
4973 4973 
4974 4974 
4975 4976 
4976 4976 
4977 4977 
4978 4999 
4979 4979 
4980 4823 
4981 4844 
4982 4982 
4983 4088 4972 4962 4784 3819 3786 4701 4999 
4984 4947 
4985 4998 
4986 4844 
4987 4987 
4988 4988 
4989 4731 
4990 4990 
4991 4991 
4992 4992 
4993 4312 4535 4979 4963 4773 4967 4879 4976 
4994 4994 
4995 4995 
4996 4996 
4997 4997 
4998 4998 
4999 4999 
5000 5000 
