1 4964 
2 4898 
3 4949 
4 4709 
5 4481 
6 4942 
7 4971 4296 4628 
8 4991 
9 4467 
10 4981 
11 4959 
12 4975 
13 4991 
14 4468 
15 2699 
16 4999 
17 4955 
18 4710 
19 4957 
20 4900 
21 4624 
22 4991 
23 4860 
24 4738 
25 4967 
26 4671 
27 4903 
28 4967 
29 4999 
30 4900 4960 
31 4994 
32 4847 
33 4971 
34 4714 4962 
35 4923 
36 4468 
37 5000 
38 4959 
39 4549 
40 4922 
41 4920 
42 4961 
43 4900 4844 
44 4450 
45 4847 
46 4999 
47 4061 
48 4534 
49 4984 
50 4890 4710 
51 4684 
52 4890 
53 4684 
54 4852 
55 4976 
56 4371 
57 4624 
58 4960 
59 4882 
60 4549 
61 4827 
62 4935 
63 4903 
64 4827 
65 4712 
66 4976 
67 4999 
68 4933 
69 4450 
70 4914 
71 4942 
72 4997 
73 4681 
74 4468 4963 
75 4406 
76 4468 
77 4955 
78 4870 
79 4742 
80 4874 
81 4964 
82 4914 
83 4997 
84 4991 
85 4963 
86 4947 
87 4778 
88 4965 
89 4788 
90 4827 
91 4922 
92 4984 
93 4964 
94 4681 
95 4945 
96 4887 
97 4468 
98 4468 
99 4976 
100 4296 
101 4778 
102 4534 
103 4903 
104 4960 
105 4999 
106 4850 
107 4852 
108 4671 
109 4964 
110 4997 
111 4939 
112 4874 
113 4860 
114 4898 
115 3912 
116 4920 
117 4960 
118 4991 
119 4450 
120 4981 
121 4998 
122 4296 
123 4964 
124 4939 
125 4997 
126 4900 
127 4957 
128 4866 
129 5000 
130 4450 
131 4900 
132 4961 
133 4198 
134 4788 
135 4959 
136 4991 
137 4686 
138 3912 
139 4893 
140 4935 
141 4947 
142 4991 
143 4778 
144 4879 
145 4922 
146 4742 
147 4788 
148 4955 
149 4955 
150 4900 
151 4949 
152 4963 
153 4468 4939 
154 4999 
155 4296 
156 4621 
157 4959 
158 4679 
159 4803 
160 4549 
161 4827 4778 
162 4585 
163 5000 
164 4712 
165 4686 
166 4974 
167 4700 
168 4847 
169 4977 
170 4900 
171 4468 
172 4827 
173 4738 
174 4803 4852 
175 4686 
176 4468 
177 4738 
178 4989 
179 4887 
180 4890 
181 4670 
182 4997 
183 4549 4860 
184 4971 
185 4903 
186 4900 
187 4679 
188 4997 
189 4671 
190 4959 
191 4850 
192 4898 4468 
193 4847 
194 4628 
195 4866 
196 4879 
197 4629 
198 4976 4681 
199 4924 
200 4896 
201 4468 4920 
202 4860 
203 4788 
204 4896 
205 2333 
206 4709 
207 4976 
208 4681 
209 4997 
210 3912 
211 4406 4963 
212 3550 4590 
213 4468 
214 4406 
215 4877 
216 4790 
217 4955 
218 4686 
219 4976 
220 4944 
221 4802 
222 4994 
223 4935 
224 4991 
225 4468 
226 4984 
227 4922 
228 4296 
229 4877 
230 4997 
231 4847 
232 4924 4965 
233 4468 
234 4903 
235 4788 
236 4700 
237 4852 
238 4971 
239 4959 
240 4645 
241 4898 
242 4920 
243 4999 
244 4778 
245 4890 
246 4827 
247 4981 
248 4997 
249 4468 
250 4961 
251 4955 
252 4973 
253 4450 
254 4709 
255 4971 
256 4468 
257 4922 
258 4671 
259 4628 
260 4720 
261 4549 
262 4804 
263 4860 4920 
264 4684 
265 4621 4938 
266 4628 
267 4679 
268 4900 
269 4628 
270 4963 
271 4947 
272 4686 
273 4710 
274 4468 
275 4850 
276 4896 
277 4877 
278 4984 
279 4590 
280 4467 
281 4628 4942 4590 
282 4903 
283 3981 
284 2699 
285 4967 
286 5000 
287 4710 
288 4974 
289 4893 
290 4903 
291 4960 
292 4874 
293 4999 
294 4976 
295 4852 
296 4991 
297 4924 
298 4790 
299 4988 
300 4959 
301 4961 
302 4681 
303 1601 4628 
304 4887 
305 4534 
306 4549 
307 4738 
308 4061 4991 
309 4670 
310 4989 
311 4974 
312 4502 
313 4720 
314 4945 
315 4949 
316 4887 
317 4999 
318 4998 
319 4955 
320 4624 
321 4939 
322 3712 
323 4827 
324 4965 
325 4738 
326 4709 
327 4827 
328 4804 
329 4957 
330 4468 
331 4847 
332 4991 
333 3712 
334 4949 
335 4890 4994 
336 4629 
337 4679 
338 4988 
339 4981 
340 4971 
341 4981 
342 4879 
343 4890 
344 4468 
345 4549 
346 4971 
347 4709 
348 4971 
349 4296 
350 4924 
351 4686 
352 4935 
353 4847 
354 4920 
355 4955 
356 4964 
357 4923 
358 4890 
359 4890 
360 4709 
361 4450 
362 4981 
363 4914 
364 4957 
365 4850 
366 4468 3550 
367 4647 
368 4468 
369 4804 
370 4540 
371 4852 
372 4860 
373 4973 
374 4959 
375 4961 
376 4628 
377 4960 
378 4976 
379 4957 
380 4933 
381 4998 
382 4922 
383 4844 
384 4870 
385 4949 
386 4468 
387 4998 
388 4679 4879 
389 5000 
390 4979 
391 3550 
392 4924 
393 4994 
394 4947 
395 4877 
396 4900 
397 4977 
398 4684 
399 4801 
400 4900 
401 4296 
402 4920 
403 4971 
404 4804 
405 4371 
406 4988 
407 4961 
408 4137 
409 5000 
410 4679 
411 4984 
412 4778 4681 
413 4681 
414 4898 
415 4371 
416 4468 
417 4712 
418 4870 
419 4914 
420 4893 
421 4957 
422 4549 
423 4534 
424 4710 
425 4850 
426 4981 4887 
427 2699 
428 4997 
429 4988 
430 4468 4945 
431 4887 
432 4879 
433 4628 
434 4975 
435 4540 
436 4788 
437 4802 
438 4994 
439 4296 
440 4803 
441 4988 
442 4877 
443 4914 
444 4468 
445 4870 
446 4922 
447 4979 
448 4920 
449 4628 
450 4939 
451 4827 4942 4923 
452 4923 
453 4999 
454 4870 
455 4788 
456 4935 
457 5000 
458 4585 
459 4882 
460 4994 
461 4963 
462 1601 
463 4900 
464 4481 
465 1601 
466 3981 
467 4534 
468 4468 
469 4999 
470 4896 
471 4981 
472 4804 
473 4879 
474 4976 
475 3981 
476 4879 
477 4549 
478 2333 
479 4882 
480 4960 
481 4955 
482 4924 
483 4860 
484 4628 
485 4891 
486 4709 
487 4371 4822 
488 4974 
489 3912 
490 4887 
491 4850 
492 4994 
493 4790 
494 4984 
495 4957 
496 4679 
497 4788 
498 4296 
499 4406 4923 
500 4893 
501 4847 
502 4965 
503 4887 
504 4645 
505 4788 
506 4628 
507 4965 
508 4994 
509 4914 
510 4468 
511 4890 
512 4971 
513 4933 
514 4709 
515 4922 
516 4924 
517 4962 
518 4984 
519 4468 
520 4877 
521 4860 
522 4296 4788 
523 4960 
524 4629 
525 4984 
526 4973 4975 
527 4991 
528 4935 
529 3712 
530 4847 
531 4896 
532 4994 
533 4874 
534 4979 
535 4939 
536 4874 
537 4468 
538 4976 
539 4939 
540 4898 
541 4679 
542 4974 
543 4468 4790 
544 4997 
545 4935 4585 
546 4803 
547 4975 
548 4549 
549 4989 
550 4874 
551 4822 
552 4450 
553 4709 
554 4920 
555 4960 
556 4468 4984 4890 
557 4679 
558 4198 
559 4890 
560 4887 
561 4468 
562 4979 
563 4967 
564 4296 
565 2333 
566 4971 
567 4879 
568 4788 
569 4920 
570 4709 
571 4645 
572 4371 
573 4922 
574 4964 
575 4981 
576 4860 4922 
577 4137 
578 4964 4847 
579 4679 
580 4468 
581 4947 
582 4938 
583 4710 
584 4628 
585 4976 
586 4971 
587 4822 
588 4938 
589 4949 
590 4621 
591 4874 
592 4971 
593 4850 
594 4137 
595 4852 
596 4960 
597 4877 
598 4900 
599 4939 
600 4957 
601 4061 4628 
602 4681 
603 4998 
604 4998 
605 4965 
606 4939 
607 5000 
608 4971 
609 4903 
610 2333 
611 4890 
612 4628 
613 4900 
614 4971 
615 4893 
616 4984 
617 4959 
618 4989 
619 4502 
620 4981 
621 4137 
622 4994 
623 4923 
624 4994 
625 4900 
626 4988 
627 3981 
628 4788 
629 4700 
630 4628 
631 4790 
632 4914 
633 4997 
634 4852 
635 4991 
636 4961 
637 4999 
638 4976 
639 4890 
640 4955 
641 4976 
642 4866 
643 4949 
644 4549 
645 4991 
646 4137 
647 4960 
648 4681 
649 4955 
650 4999 
651 4963 
652 4686 
653 4710 
654 4965 
655 4945 
656 4973 
657 4891 
658 4468 
659 4924 
660 4585 
661 4939 
662 4997 
663 4997 
664 4450 
665 4879 
666 4933 
667 4999 
668 4890 
669 4700 
670 4964 
671 4984 
672 4973 
673 4955 
674 4971 
675 4549 
676 4296 
677 4957 
678 4903 
679 4790 
680 4975 
681 4967 
682 4997 
683 4920 
684 4549 
685 4860 
686 3912 
687 4628 
688 4804 
689 4959 
690 4296 
691 4949 
692 4628 
693 4988 
694 4788 
695 4502 
696 4922 
697 4962 
698 3981 
699 4971 
700 3912 
701 4967 
702 4900 
703 4988 
704 4981 4468 
705 4860 
706 4922 
707 4961 4860 
708 4860 
709 4939 
710 4994 
711 4977 
712 4738 
713 4964 
714 4942 
715 4947 
716 4981 
717 4960 
718 3550 
719 4988 
720 4850 
721 4964 
722 3550 
723 4971 
724 4935 
725 2333 
726 4890 
727 4827 
728 4882 
729 4540 
730 4866 
731 4671 
732 4922 
733 4647 
734 4778 
735 4971 
736 4590 
737 4877 
738 4844 
739 4827 
740 4944 
741 4879 4914 
742 4922 
743 4406 
744 4468 
745 4860 
746 4960 
747 4645 
748 4647 
749 4628 
750 4679 
751 4827 
752 4994 
753 4709 
754 4788 
755 4712 
756 4900 4999 
757 4468 
758 4961 
759 4296 
760 4961 
761 4974 
762 4944 
763 4903 
764 4984 
765 4850 
766 4827 
767 4874 
768 4850 
769 4891 
770 4961 
771 4468 
772 4959 
773 4890 4903 
774 4999 
775 4975 
776 4778 
777 4976 
778 4887 
779 2699 
780 4961 4709 4827 
781 4468 
782 4296 
783 4660 
784 4822 
785 3981 
786 4822 
787 4788 
788 4827 
789 4988 
790 4468 
791 4965 
792 4681 
793 2699 
794 4804 
795 4061 
796 4790 
797 4852 
798 4997 
799 4984 
800 4679 
801 4989 
802 4960 4794 
803 4935 
804 4994 
805 4468 
806 4803 
807 4061 
808 4137 
809 4590 
810 4944 
811 4914 
812 4964 
813 4827 
814 4660 
815 4960 
816 4976 
817 4949 
818 4624 
819 4975 4296 4709 
820 4790 
821 4710 
822 4973 
823 4502 
824 4891 
825 4960 
826 4984 
827 4371 
828 4804 
829 4847 
830 4965 
831 4933 
832 4988 
833 3712 
834 4939 4468 
835 4971 
836 4847 
837 4877 
838 4903 
839 5000 
840 4900 
841 4955 4938 
842 4628 
843 5000 
844 4900 
845 4827 
846 4984 4468 
847 4684 
848 4965 
849 4949 4882 
850 4947 
851 4991 
852 4671 
853 4947 
854 4949 
855 4624 
856 4468 
857 4935 
858 4628 
859 4742 
860 4893 
861 4964 
862 4961 
863 4999 
864 4628 
865 4137 
866 4962 
867 4850 4794 4681 
868 4296 
869 4371 
870 4914 
871 4923 
872 4967 
873 4900 
874 2333 
875 4804 
876 4900 
877 4975 
878 4890 
879 3981 
880 4866 
881 4960 
882 4994 
883 4891 
884 4628 
885 4989 
886 4827 
887 4371 
888 4890 
889 4964 
890 4628 
891 4585 
892 4709 
893 4923 
894 4549 
895 4900 4847 
896 4870 
897 4778 
898 4979 
899 4979 
900 4802 
901 4949 
902 4963 
903 4870 
904 4923 
905 4628 4903 
906 4942 
907 4984 
908 4720 
909 4975 
910 5000 
911 4879 
912 4879 
913 4984 
914 4549 
915 4790 
916 4979 
917 5000 
918 2699 
919 4296 
920 4468 
921 4944 
922 4624 
923 4645 
924 4671 
925 4947 
926 4684 
927 4957 
928 4997 
929 4900 
930 4994 
931 4939 
932 4964 
933 4973 
934 2333 
935 4999 
936 4900 
937 4984 
938 4900 
939 4860 
940 4710 
941 4502 
942 4590 
943 4971 
944 4844 
945 4540 
946 4628 
947 4804 
948 4999 
949 4827 
950 4989 
951 4686 
952 4788 
953 4945 
954 4679 
955 4960 
956 4998 
957 4628 
958 3981 
959 4709 
960 3981 
961 4847 
962 4874 
963 4860 
964 4935 
965 4468 
966 4481 2333 
967 4468 
968 4960 
969 4684 4890 
970 4549 
971 2333 
972 4790 
973 4957 
974 4847 
975 4994 
976 4922 
977 4534 4933 
978 4802 4647 
979 4481 
980 4962 
981 4296 
982 4955 
983 4891 
984 4981 
985 4971 
986 4965 
987 2333 
988 4935 
989 4628 
990 5000 
991 4534 
992 4684 
993 4801 
994 4949 
995 4850 
996 4898 
997 4961 
998 4852 
999 4794 
1000 3712 
1001 4061 
1002 4960 
1003 4742 
1004 4879 
1005 4679 
1006 4923 
1007 4887 
1008 3712 
1009 4939 
1010 3550 
1011 4998 
1012 4976 4870 
1013 4890 
1014 4965 
1015 4964 4788 
1016 4922 
1017 4137 
1018 4647 
1019 4984 
1020 4900 
1021 4406 
1022 4939 
1023 4991 
1024 4549 
1025 4898 
1026 4890 
1027 4998 
1028 4997 
1029 4984 
1030 4788 
1031 4645 
1032 4988 
1033 4686 
1034 4998 
1035 4887 
1036 4981 
1037 4877 
1038 4984 
1039 4621 
1040 4790 
1041 4621 
1042 4976 
1043 4900 
1044 4981 
1045 4877 
1046 4999 
1047 4870 
1048 4971 
1049 4679 
1050 4933 
1051 4979 
1052 4920 
1053 4965 
1054 4914 4549 
1055 4549 
1056 4802 
1057 4712 
1058 4938 
1059 4922 
1060 4981 
1061 4976 
1062 4939 
1063 4955 
1064 4896 
1065 4944 
1066 4137 
1067 4977 
1068 4923 
1069 4991 4468 
1070 4981 
1071 4957 
1072 4629 
1073 4984 
1074 4975 
1075 4468 
1076 4628 
1077 4984 
1078 4965 
1079 4788 
1080 4549 
1081 4534 
1082 4933 
1083 4847 
1084 4967 
1085 4955 
1086 3981 
1087 4585 
1088 4877 
1089 4933 
1090 4671 
1091 4900 
1092 4975 
1093 4822 
1094 4935 4997 
1095 4860 
1096 4949 4468 
1097 4974 
1098 4997 
1099 4942 
1100 4981 
1101 4976 
1102 5000 
1103 4671 
1104 4890 
1105 4962 
1106 4628 
1107 4628 
1108 4406 
1109 4962 
1110 4955 
1111 4900 
1112 4710 
1113 4949 
1114 4957 
1115 4874 
1116 4660 
1117 4994 
1118 4700 
1119 4866 
1120 4949 
1121 4891 
1122 4879 
1123 4827 
1124 4989 
1125 4961 
1126 4742 
1127 4624 4198 
1128 4963 4468 
1129 4890 
1130 4914 
1131 4942 
1132 4920 
1133 4628 
1134 4976 
1135 4938 
1136 2333 
1137 4549 
1138 4850 
1139 4628 
1140 4468 
1141 4468 
1142 4999 
1143 4900 
1144 4971 
1145 4979 
1146 4660 
1147 4852 
1148 4847 
1149 4922 4975 4684 
1150 4984 
1151 4955 
1152 4949 
1153 4645 
1154 4960 
1155 4923 
1156 4822 
1157 4720 
1158 4879 
1159 4935 
1160 4061 
1161 5000 
1162 4882 
1163 4371 
1164 4679 
1165 4979 
1166 4710 
1167 4960 
1168 4660 
1169 4975 
1170 4738 4963 
1171 4955 4406 
1172 4890 
1173 4874 
1174 4788 
1175 4628 
1176 4965 
1177 4738 
1178 4628 
1179 4874 
1180 4621 
1181 4450 4920 
1182 4700 
1183 4296 
1184 4964 
1185 4790 
1186 4900 
1187 4891 
1188 4922 
1189 4406 
1190 4997 
1191 4686 
1192 4984 
1193 4887 
1194 4198 
1195 4852 
1196 4742 
1197 4949 
1198 4973 
1199 4684 
1200 4679 
1201 4879 
1202 4923 
1203 4684 4778 
1204 4860 
1205 4961 
1206 4974 
1207 4890 
1208 4860 
1209 4714 
1210 3712 
1211 4850 
1212 4938 
1213 4887 
1214 4450 
1215 4999 
1216 4822 
1217 4949 
1218 5000 
1219 4467 
1220 4938 
1221 4944 
1222 4802 
1223 4882 
1224 4860 
1225 4738 
1226 4624 
1227 4468 
1228 4804 
1229 4920 
1230 4629 
1231 4802 
1232 4827 
1233 4850 
1234 4960 
1235 4534 
1236 4628 
1237 4887 
1238 4920 
1239 4900 
1240 4965 
1241 4997 4957 
1242 4920 
1243 4709 
1244 4860 
1245 4860 
1246 4960 
1247 4955 
1248 4991 
1249 4920 
1250 4866 
1251 4974 
1252 4738 
1253 4712 
1254 4549 
1255 4198 
1256 4964 
1257 4887 4628 
1258 4468 
1259 4468 
1260 4971 
1261 4997 
1262 4900 
1263 4468 
1264 4788 
1265 4296 
1266 4371 
1267 4994 
1268 4965 4979 
1269 4198 
1270 4945 
1271 4468 
1272 4296 
1273 4971 
1274 4981 
1275 4984 
1276 4971 
1277 4959 
1278 4896 
1279 4900 
1280 5000 
1281 4998 
1282 4468 
1283 4964 
1284 4590 
1285 4963 
1286 4827 
1287 4949 
1288 3981 
1289 4973 
1290 4803 
1291 4964 
1292 4991 4965 
1293 4585 
1294 4896 
1295 4900 
1296 4964 
1297 4991 
1298 4870 
1299 4468 
1300 4585 
1301 4709 
1302 4944 4890 
1303 4852 
1304 4468 4955 
1305 4955 
1306 4976 
1307 3912 
1308 4371 
1309 4914 
1310 4939 
1311 4720 
1312 4467 
1313 4720 
1314 4684 
1315 4991 
1316 4961 
1317 4585 
1318 4957 
1319 4684 
1320 4371 4971 
1321 4468 4887 
1322 4738 
1323 4973 
1324 3550 
1325 4870 
1326 4714 
1327 4822 
1328 4847 
1329 4967 
1330 4999 
1331 4679 
1332 4628 4944 
1333 4450 
1334 4624 
1335 4629 
1336 4957 
1337 4860 
1338 4822 
1339 4534 
1340 4790 
1341 4502 
1342 4961 
1343 4949 
1344 4850 
1345 4882 
1346 4949 
1347 4890 
1348 4877 
1349 4847 
1350 4920 
1351 4963 
1352 4827 
1353 4900 
1354 4534 
1355 4137 4945 
1356 4977 
1357 4549 
1358 4997 
1359 4922 
1360 4914 
1361 4924 
1362 4852 
1363 4959 
1364 4994 4973 
1365 4973 4852 
1366 4852 
1367 4860 
1368 4671 
1369 4590 
1370 4879 
1371 4549 
1372 4933 
1373 4957 
1374 4709 
1375 4900 
1376 4984 
1377 4850 
1378 4628 
1379 4629 4979 4481 
1380 3981 
1381 4938 
1382 4938 
1383 4700 
1384 4866 
1385 4794 
1386 4991 
1387 4914 
1388 4137 
1389 4890 
1390 4679 
1391 4778 
1392 4198 
1393 4938 
1394 4879 4406 
1395 4965 
1396 4827 
1397 4790 
1398 4997 
1399 3981 
1400 4874 
1401 4679 
1402 4964 
1403 4671 
1404 4860 
1405 4975 
1406 4879 
1407 4977 
1408 4804 
1409 4822 
1410 4957 
1411 4957 
1412 4887 
1413 4939 
1414 4804 
1415 4804 
1416 4891 
1417 4957 
1418 4804 
1419 4502 
1420 4790 
1421 4887 
1422 4949 
1423 4468 4628 4994 
1424 4971 
1425 4850 
1426 4981 
1427 4371 
1428 4989 4870 
1429 4788 
1430 4468 
1431 4959 
1432 4882 
1433 4468 
1434 4984 
1435 4997 
1436 4860 
1437 4549 
1438 4198 
1439 4629 
1440 4877 
1441 4822 
1442 4922 
1443 4964 4549 
1444 4938 
1445 4976 
1446 4822 4964 4991 
1447 4997 
1448 4973 
1449 4900 
1450 4971 
1451 4991 4709 
1452 4984 
1453 4900 
1454 4924 
1455 4984 
1456 2333 
1457 4923 
1458 4827 
1459 4989 
1460 4887 
1461 4994 
1462 4371 
1463 4949 
1464 4502 
1465 4963 
1466 4788 
1467 4957 4778 4822 
1468 4502 
1469 4879 
1470 4920 
1471 4549 
1472 4923 
1473 2333 
1474 4822 
1475 4714 
1476 4994 
1477 4975 
1478 4198 
1479 4924 
1480 4467 
1481 4989 
1482 2699 4827 
1483 4900 
1484 4802 
1485 4866 
1486 4961 
1487 4590 
1488 4896 
1489 4549 
1490 4914 
1491 4468 
1492 4893 
1493 2333 
1494 4981 
1495 4997 
1496 4720 
1497 4720 
1498 2333 
1499 4981 
1500 4450 
1501 4679 
1502 4860 
1503 4502 
1504 4898 
1505 4981 
1506 4920 
1507 4997 
1508 4933 
1509 4962 
1510 4710 
1511 4944 
1512 4852 
1513 4961 
1514 4450 
1515 4947 
1516 4887 
1517 4860 
1518 4900 
1519 4778 
1520 4973 
1521 4976 
1522 4979 
1523 4994 
1524 4684 
1525 4371 
1526 2699 4827 
1527 4960 
1528 4296 
1529 4801 
1530 4371 
1531 4922 
1532 4502 
1533 4981 
1534 4645 
1535 4852 
1536 4944 
1537 4923 
1538 4989 
1539 4371 
1540 4973 
1541 4671 
1542 4964 
1543 4984 4371 4920 
1544 4923 
1545 4712 
1546 4852 
1547 4947 
1548 4924 
1549 4944 
1550 4709 
1551 4997 
1552 4997 4371 4481 
1553 4961 
1554 4670 
1555 4991 4827 
1556 4709 
1557 4975 
1558 4870 
1559 4709 
1560 4984 
1561 4874 
1562 4549 
1563 4296 
1564 4903 
1565 4924 
1566 4468 
1567 4891 
1568 4709 
1569 4949 
1570 4949 
1571 4712 
1572 4963 
1573 4973 
1574 4686 
1575 4944 
1576 4971 
1577 4468 
1578 4939 
1579 2699 
1580 4989 
1581 4967 
1582 4371 
1583 4945 
1584 4700 
1585 4540 4468 
1586 4938 
1587 4981 4890 
1588 4924 
1589 4999 
1590 4801 
1591 4933 
1592 4788 
1593 3912 4999 
1594 4991 
1595 4973 
1596 4778 
1597 4949 
1598 4847 4481 
1599 4371 
1600 5000 
1601 1601 2333 
1602 4679 
1603 4955 
1604 4973 
1605 4860 
1606 4804 
1607 4624 
1608 4903 
1609 4997 
1610 4645 
1611 4852 
1612 4481 
1613 4844 
1614 4973 
1615 4679 
1616 4874 
1617 4874 
1618 4468 
1619 4866 
1620 4850 
1621 4371 4296 
1622 4914 
1623 4923 
1624 4887 
1625 4981 
1626 4944 
1627 4860 
1628 4957 
1629 4549 
1630 4924 
1631 4468 
1632 4945 
1633 4827 
1634 4061 
1635 4468 4879 
1636 4967 4887 
1637 4973 
1638 4198 
1639 4964 
1640 4621 
1641 4898 
1642 4742 
1643 4963 
1644 4137 
1645 4923 
1646 4847 
1647 5000 
1648 4549 
1649 4714 
1650 2333 
1651 4955 
1652 4959 
1653 4790 4933 
1654 4887 
1655 4973 
1656 3712 
1657 4624 
1658 4137 
1659 4924 
1660 4977 
1661 4802 
1662 4976 
1663 4778 
1664 4973 
1665 4850 
1666 4804 
1667 2333 
1668 4959 
1669 4822 4964 
1670 4981 
1671 4957 
1672 4891 
1673 3912 
1674 4896 
1675 4874 
1676 4922 
1677 4874 
1678 4468 4890 
1679 3981 
1680 4963 
1681 4790 
1682 4624 
1683 4628 
1684 4647 
1685 4977 
1686 4955 
1687 4945 
1688 4939 
1689 4898 
1690 3912 
1691 4468 
1692 4977 
1693 4296 
1694 4877 
1695 4964 
1696 4981 
1697 4960 
1698 4981 
1699 4198 4585 
1700 4989 
1701 4468 
1702 4860 
1703 4628 
1704 4975 
1705 4974 
1706 4296 
1707 4468 
1708 4852 
1709 4742 
1710 4967 
1711 4709 
1712 4947 
1713 4877 
1714 4933 
1715 4778 
1716 4700 
1717 4540 
1718 4710 
1719 4628 
1720 4959 
1721 4850 4712 
1722 4679 
1723 4877 
1724 4061 
1725 2699 
1726 4794 
1727 4877 
1728 4629 
1729 4778 
1730 2699 
1731 4924 
1732 4949 
1733 4803 
1734 4949 
1735 4468 
1736 4914 
1737 4877 
1738 4896 
1739 4922 4949 
1740 4890 
1741 4790 
1742 4999 
1743 4684 
1744 4679 
1745 4590 4945 
1746 4549 
1747 2333 
1748 4679 
1749 3712 
1750 4860 
1751 4967 
1752 4850 
1753 4679 
1754 4844 
1755 4998 
1756 3981 4935 
1757 2333 
1758 4942 
1759 4645 
1760 4549 
1761 4628 
1762 4679 
1763 4709 4944 
1764 4296 
1765 4874 
1766 4628 
1767 4965 
1768 4984 
1769 4890 4790 
1770 4944 
1771 4998 4628 
1772 4981 
1773 4964 
1774 4999 
1775 4942 
1776 4994 
1777 4965 
1778 4981 
1779 4686 4998 
1780 4712 4827 
1781 4890 
1782 4964 
1783 4874 
1784 4949 
1785 4965 4900 
1786 4959 
1787 5000 
1788 4999 
1789 4847 
1790 4961 
1791 4712 
1792 4624 
1793 4963 
1794 4670 
1795 4628 
1796 4981 
1797 4955 
1798 4949 
1799 4924 
1800 4709 4788 
1801 4962 
1802 4468 
1803 4890 
1804 4903 
1805 4981 
1806 4965 
1807 4877 4973 
1808 4922 
1809 4945 
1810 4984 
1811 4671 
1812 4949 
1813 4709 
1814 4710 
1815 4296 
1816 4481 
1817 4887 
1818 4890 
1819 4967 
1820 4882 
1821 4628 
1822 4468 
1823 4790 
1824 4963 
1825 4879 
1826 4962 
1827 4967 
1828 4679 
1829 4468 
1830 4887 
1831 4671 
1832 3712 
1833 4450 
1834 4709 
1835 4700 
1836 4903 
1837 4585 
1838 4974 
1839 4296 
1840 4923 
1841 4866 
1842 4890 
1843 4882 
1844 4660 
1845 4468 
1846 2699 
1847 4974 
1848 4944 
1849 4900 
1850 4957 
1851 4467 
1852 4965 
1853 4879 
1854 4981 
1855 4679 
1856 4920 
1857 4967 
1858 4900 
1859 4874 
1860 4890 
1861 4947 
1862 4847 
1863 4803 
1864 4903 
1865 4975 
1866 4870 4628 
1867 4974 
1868 4935 
1869 4893 
1870 4827 
1871 4481 
1872 4900 
1873 4850 
1874 4971 
1875 4997 
1876 4709 
1877 4660 
1878 4991 
1879 4984 
1880 4879 
1881 4971 
1882 4585 
1883 4660 
1884 4971 
1885 4778 
1886 4933 
1887 4468 
1888 4959 
1889 4887 
1890 4957 
1891 4971 
1892 4893 
1893 4624 
1894 4647 
1895 4994 
1896 4709 
1897 4742 
1898 4965 
1899 4879 
1900 4778 
1901 4933 
1902 4801 
1903 4977 
1904 4922 
1905 4999 
1906 4681 
1907 4959 
1908 4887 
1909 4898 
1910 4891 
1911 4991 
1912 4684 
1913 4961 
1914 4879 
1915 4860 
1916 4714 
1917 4887 
1918 4684 
1919 4924 
1920 4720 
1921 4742 
1922 2699 
1923 4964 
1924 4960 
1925 4549 
1926 4922 
1927 4998 
1928 4882 
1929 4621 
1930 4981 
1931 4971 
1932 4890 
1933 4540 
1934 4922 
1935 4887 
1936 4671 
1937 4624 
1938 4198 
1939 4847 
1940 4822 
1941 4957 
1942 4788 
1943 4991 
1944 4964 
1945 4964 
1946 4590 
1947 4788 
1948 4624 
1949 4924 
1950 4468 
1951 4900 
1952 4984 
1953 4935 
1954 4827 
1955 4847 
1956 4991 
1957 4933 
1958 4709 
1959 4939 
1960 4710 
1961 4896 
1962 4700 
1963 4684 
1964 4804 
1965 4891 
1966 4900 
1967 4914 
1968 3550 
1969 4061 4450 
1970 4924 4922 
1971 4844 
1972 2333 
1973 4742 4903 
1974 4964 
1975 4629 
1976 4959 
1977 4742 
1978 4629 
1979 4714 
1980 4852 
1981 4406 
1982 4679 
1983 4957 
1984 4938 
1985 4502 
1986 4887 
1987 4935 
1988 5000 4628 
1989 4967 
1990 4879 
1991 4847 4945 
1992 4984 
1993 4944 
1994 4874 
1995 4999 
1996 4933 
1997 4877 
1998 4468 
1999 4540 
2000 4540 
2001 4660 
2002 4801 
2003 4920 
2004 4681 
2005 4198 
2006 4709 
2007 4847 
2008 4994 
2009 4974 
2010 4967 
2011 4922 
2012 4891 
2013 4850 
2014 4468 
2015 4882 
2016 4860 
2017 4882 
2018 2699 
2019 4973 
2020 4468 
2021 4898 
2022 4976 4977 
2023 4999 
2024 4976 4890 
2025 4671 
2026 4681 
2027 4686 
2028 4961 
2029 4679 
2030 4686 
2031 4997 
2032 2333 
2033 4920 
2034 4903 4874 
2035 4903 
2036 4999 
2037 4923 
2038 5000 
2039 4975 
2040 4628 
2041 4961 
2042 4684 
2043 4827 
2044 4684 
2045 4502 
2046 4788 4947 
2047 4371 
2048 4502 
2049 4877 
2050 4957 
2051 4957 
2052 4778 
2053 4959 
2054 4933 
2055 4844 
2056 4794 
2057 4802 
2058 4628 
2059 4998 
2060 4959 
2061 4847 
2062 4788 
2063 4450 
2064 4938 
2065 4844 
2066 4866 
2067 4984 
2068 4965 
2069 4874 
2070 4804 
2071 4944 4964 
2072 4709 
2073 4974 
2074 4847 4879 
2075 4997 
2076 4999 
2077 4709 
2078 4938 
2079 4896 
2080 4957 
2081 4804 
2082 4960 
2083 4866 
2084 4947 
2085 4944 
2086 4957 
2087 4965 
2088 4997 
2089 4710 
2090 4882 
2091 4960 
2092 4977 
2093 4874 4684 4890 
2094 4949 
2095 4961 
2096 4900 
2097 4922 
2098 4957 
2099 4847 
2100 4296 4671 
2101 4991 
2102 4788 
2103 4879 
2104 4468 
2105 4945 
2106 4684 
2107 4961 
2108 4467 
2109 4955 
2110 4893 
2111 4935 
2112 4468 
2113 4903 
2114 4790 
2115 4371 
2116 4590 
2117 4714 
2118 4738 4977 
2119 4893 
2120 4804 
2121 4999 
2122 4788 
2123 4790 
2124 4850 4801 
2125 4879 
2126 4847 
2127 4977 
2128 4468 
2129 3712 
2130 4949 
2131 4967 
2132 4628 
2133 4997 
2134 4788 
2135 4994 4866 
2136 4922 
2137 4981 
2138 4981 
2139 4788 
2140 4468 
2141 4540 
2142 4549 
2143 4893 
2144 4935 
2145 4709 
2146 4965 
2147 4686 
2148 4467 
2149 4999 
2150 4852 
2151 4684 
2152 4957 
2153 4742 
2154 4450 
2155 4989 
2156 4949 
2157 4852 
2158 4794 
2159 4887 
2160 4988 
2161 4468 4900 
2162 4877 
2163 4877 
2164 4974 
2165 4790 
2166 4502 
2167 4962 
2168 2333 
2169 4624 4709 
2170 4061 
2171 4957 
2172 4660 
2173 4962 
2174 4882 
2175 4957 
2176 4957 
2177 4468 
2178 4679 
2179 4686 
2180 2333 
2181 4942 
2182 4893 
2183 4874 
2184 4999 
2185 4712 4679 
2186 4999 
2187 4585 
2188 4198 
2189 4965 
2190 4681 
2191 4877 
2192 4975 
2193 4891 
2194 4922 
2195 4860 4628 4955 
2196 4979 
2197 4801 
2198 4549 
2199 2333 
2200 4827 
2201 4981 
2202 4481 
2203 4877 
2204 4549 
2205 4804 
2206 4900 
2207 4198 
2208 4822 
2209 4979 
2210 4468 
2211 5000 
2212 4628 
2213 4964 
2214 4890 
2215 4976 
2216 4981 
2217 4960 2333 
2218 4976 
2219 4976 
2220 4803 
2221 4979 
2222 4738 
2223 4891 
2224 4920 
2225 4974 
2226 4900 
2227 4994 
2228 4061 
2229 4991 
2230 4949 
2231 4803 
2232 2699 
2233 4803 
2234 4887 
2235 5000 
2236 4975 
2237 4967 
2238 4998 
2239 4957 
2240 4450 
2241 4549 
2242 4629 
2243 4778 
2244 4994 
2245 4893 4468 
2246 4720 
2247 4893 
2248 4900 
2249 4852 
2250 4974 
2251 4979 
2252 4860 
2253 4959 
2254 4710 
2255 4585 
2256 4976 
2257 4794 
2258 4890 
2259 4914 
2260 4991 
2261 4971 
2262 4866 
2263 4975 
2264 4975 
2265 4997 4955 
2266 4468 4870 
2267 5000 
2268 4671 
2269 4406 
2270 4879 
2271 4975 
2272 4679 
2273 3550 
2274 4686 
2275 4778 4850 
2276 4679 4997 
2277 4887 4903 
2278 4903 
2279 4679 
2280 4976 
2281 4939 
2282 4949 
2283 4296 
2284 4963 
2285 2699 
2286 4955 
2287 2699 4997 
2288 4406 
2289 4984 
2290 4933 
2291 3981 
2292 4628 
2293 4850 
2294 4900 
2295 4296 4709 
2296 4900 
2297 4949 
2298 4994 
2299 4959 
2300 4988 
2301 4903 
2302 4984 
2303 4679 
2304 4296 
2305 4866 
2306 4549 4877 
2307 4994 
2308 4801 
2309 4903 
2310 4979 
2311 4847 
2312 4971 
2313 4852 
2314 4468 
2315 4924 
2316 4903 
2317 4963 
2318 4964 
2319 4406 
2320 4790 
2321 4671 
2322 3912 
2323 4645 
2324 4971 
2325 4979 
2326 4984 
2327 4714 
2328 4788 
2329 4679 
2330 4979 
2331 4964 
2332 4979 
2333 2333 
2334 4628 4852 
2335 4742 
2336 4976 
2337 4945 
2338 4679 
2339 4850 
2340 4920 
2341 4710 
2342 4684 4624 
2343 4922 
2344 4887 
2345 4949 
2346 4847 
2347 4296 
2348 4981 4778 
2349 4933 
2350 3550 
2351 4900 
2352 4999 
2353 4976 
2354 4999 
2355 4900 
2356 4961 
2357 4790 
2358 4296 
2359 4923 
2360 4684 
2361 4914 
2362 4624 4893 
2363 4939 
2364 4994 
2365 3912 4994 
2366 4371 
2367 4939 
2368 4790 
2369 4962 
2370 4296 
2371 4738 
2372 4679 
2373 4534 
2374 4964 
2375 4371 
2376 4850 
2377 4997 
2378 4971 
2379 4991 
2380 2333 
2381 4890 
2382 4903 
2383 3550 
2384 4955 
2385 4847 
2386 4991 
2387 4709 
2388 4681 4979 
2389 4959 
2390 4890 
2391 3712 
2392 4999 
2393 4949 
2394 4974 
2395 4981 
2396 4296 
2397 4874 
2398 4999 
2399 4984 
2400 4945 
2401 2699 
2402 4935 
2403 4712 
2404 4296 
2405 4971 
2406 4645 4709 
2407 4991 
2408 4975 
2409 4989 
2410 4628 4847 
2411 4710 
2412 4844 
2413 4964 
2414 4944 
2415 4629 
2416 4549 
2417 4712 
2418 4468 
2419 2699 
2420 4866 
2421 4965 
2422 4998 
2423 4847 
2424 4686 
2425 4971 
2426 4999 
2427 4468 
2428 4999 
2429 4914 
2430 4984 
2431 4991 
2432 4920 
2433 4949 
2434 4709 
2435 4938 
2436 4887 
2437 4963 
2438 4860 
2439 4955 
2440 4874 4700 
2441 4981 
2442 4371 
2443 4976 
2444 4852 
2445 4803 
2446 4788 
2447 4628 
2448 4981 
2449 4960 
2450 4371 
2451 4903 4974 
2452 4679 
2453 4827 
2454 4979 
2455 4468 
2456 4296 
2457 4947 
2458 4949 
2459 4710 
2460 4847 
2461 4670 
2462 4879 
2463 4984 4790 
2464 4961 
2465 4684 
2466 4891 
2467 4939 
2468 4984 
2469 4890 
2470 4999 
2471 4962 
2472 4991 
2473 4296 
2474 4935 
2475 4924 
2476 4629 
2477 4900 
2478 4949 
2479 4989 
2480 4624 
2481 4628 
2482 4827 
2483 4860 
2484 4960 4965 
2485 4981 
2486 4887 
2487 4903 
2488 4891 5000 
2489 4994 
2490 4844 
2491 4709 4981 
2492 4994 
2493 4960 
2494 4976 
2495 4870 
2496 4914 
2497 4942 
2498 4955 
2499 4628 
2500 4935 
2501 4955 
2502 4955 
2503 4847 
2504 4998 
2505 4534 
2506 4468 
2507 4997 
2508 4468 
2509 4684 
2510 4684 
2511 4549 
2512 4847 
2513 4590 
2514 4890 
2515 4874 
2516 4709 
2517 4681 
2518 4903 
2519 4679 
2520 4852 
2521 4947 
2522 4974 
2523 4949 
2524 4847 
2525 4962 
2526 4879 
2527 4923 
2528 4971 
2529 4801 
2530 4700 
2531 4998 
2532 4540 
2533 4890 
2534 4847 
2535 4628 
2536 4944 4790 
2537 4945 
2538 4935 4794 
2539 4949 
2540 4938 
2541 4938 
2542 4709 
2543 4998 
2544 4709 
2545 4998 
2546 4874 
2547 4879 
2548 4900 
2549 4406 
2550 4887 
2551 4850 
2552 4890 
2553 4549 
2554 4671 
2555 4975 
2556 4955 
2557 4847 
2558 3912 
2559 4922 4979 
2560 4371 
2561 4714 
2562 4959 4827 
2563 4893 
2564 4955 
2565 4947 
2566 4963 
2567 4960 
2568 4788 4804 
2569 4850 
2570 4935 
2571 4961 
2572 4920 
2573 4794 
2574 4778 
2575 4803 
2576 4939 
2577 4852 
2578 4850 
2579 4712 
2580 4900 
2581 4984 
2582 4468 
2583 4975 
2584 4955 
2585 4922 
2586 4827 
2587 4887 
2588 4955 
2589 4468 
2590 4979 
2591 4960 
2592 4712 4738 
2593 4955 
2594 4684 
2595 4955 4468 
2596 4874 
2597 4999 
2598 4788 
2599 4788 
2600 4822 
2601 4975 4742 
2602 4961 
2603 4991 
2604 4137 
2605 4802 
2606 4866 
2607 4801 4882 
2608 4887 
2609 4960 
2610 4963 4965 
2611 4882 
2612 4628 
2613 4967 
2614 4549 
2615 4852 
2616 4984 
2617 4790 
2618 4903 
2619 4924 
2620 4997 4973 
2621 4963 
2622 4922 
2623 4933 
2624 4450 
2625 4963 
2626 4890 
2627 4949 
2628 2699 
2629 4963 
2630 4997 
2631 4903 
2632 4684 
2633 4965 
2634 4468 
2635 4847 
2636 4947 
2637 4887 
2638 4879 
2639 4850 
2640 4700 
2641 4720 
2642 4890 
2643 4481 
2644 4788 
2645 4955 
2646 4920 
2647 4959 
2648 4933 
2649 4802 
2650 4788 
2651 4994 
2652 4679 
2653 4804 
2654 4957 
2655 4890 
2656 4991 
2657 4629 
2658 4949 
2659 4922 
2660 4959 
2661 4923 
2662 4794 
2663 4957 
2664 4852 
2665 4467 4866 
2666 4870 
2667 5000 
2668 4974 
2669 4991 
2670 4949 
2671 4801 
2672 4860 
2673 4903 
2674 4973 
2675 4847 
2676 3912 
2677 4890 
2678 4628 
2679 4778 4967 
2680 4923 
2681 4468 
2682 4870 
2683 4874 
2684 4963 
2685 4850 
2686 4061 
2687 4628 
2688 4296 
2689 4989 
2690 4879 
2691 4061 4624 
2692 4984 
2693 4971 
2694 4960 
2695 4898 
2696 4877 
2697 4804 
2698 4920 
2699 2699 
2700 4467 
2701 4967 4714 
2702 2699 
2703 4679 
2704 4850 
2705 4629 
2706 4964 
2707 4803 4137 
2708 4882 
2709 4887 
2710 4999 
2711 4900 
2712 2333 4866 
2713 4890 
2714 4942 
2715 4959 
2716 4629 
2717 4870 
2718 4827 
2719 4999 
2720 4684 
2721 4924 4900 
2722 4965 
2723 4959 
2724 4957 
2725 4468 
2726 4803 
2727 4991 
2728 4947 
2729 4939 
2730 4998 
2731 4961 
2732 4686 
2733 4989 4974 
2734 4679 
2735 4974 4870 
2736 4660 
2737 4903 
2738 4957 
2739 4975 
2740 4949 
2741 4874 
2742 4700 
2743 4660 
2744 4999 
2745 4827 
2746 4900 
2747 4645 
2748 4890 
2749 4450 
2750 4710 
2751 4710 
2752 4900 
2753 4997 
2754 4590 
2755 4720 
2756 4994 
2757 4874 3550 
2758 4890 
2759 4938 
2760 4684 
2761 4468 
2762 4628 
2763 4949 
2764 4997 
2765 4870 4923 
2766 4967 
2767 4788 
2768 4984 
2769 4712 
2770 4920 
2771 4991 4967 
2772 4965 
2773 4955 
2774 4468 
2775 4870 
2776 4896 4962 
2777 4957 
2778 4998 
2779 4890 
2780 4686 
2781 4061 
2782 4933 
2783 4922 
2784 4679 4988 
2785 4778 
2786 4914 
2787 4296 
2788 4974 
2789 4720 
2790 4922 
2791 4647 
2792 4922 
2793 2333 
2794 4802 
2795 4061 
2796 4974 
2797 4964 
2798 4959 
2799 4999 
2800 4628 
2801 4920 
2802 4468 
2803 4590 
2804 4679 
2805 4879 
2806 3912 
2807 4467 
2808 4999 
2809 4804 4679 
2810 4679 
2811 4670 
2812 4879 
2813 4296 
2814 4684 
2815 4778 
2816 4709 
2817 4964 
2818 4900 
2819 4624 
2820 4900 
2821 4850 
2822 4887 
2823 4975 
2824 4896 
2825 4994 
2826 4671 
2827 4903 
2828 4700 
2829 2699 
2830 4371 
2831 4976 
2832 4963 
2833 3981 
2834 4975 
2835 4959 
2836 4877 
2837 4624 
2838 4778 
2839 4964 
2840 4991 
2841 4879 
2842 4964 
2843 4686 
2844 4938 
2845 4887 
2846 4991 
2847 4679 
2848 4957 
2849 4999 
2850 4852 
2851 4790 
2852 4896 
2853 4549 
2854 4850 
2855 4804 
2856 4994 
2857 4468 
2858 4887 
2859 4679 
2860 4957 
2861 4971 
2862 4957 
2863 4847 
2864 4959 
2865 5000 
2866 4933 
2867 4960 
2868 4949 
2869 4778 
2870 4468 
2871 4684 
2872 4887 
2873 4890 
2874 4621 
2875 4467 
2876 4629 
2877 4778 
2878 4971 
2879 4467 
2880 4922 
2881 4900 
2882 4860 
2883 4628 
2884 4964 
2885 4999 4847 
2886 4942 
2887 4891 
2888 4647 
2889 4971 
2890 4964 
2891 4827 
2892 4827 
2893 4973 
2894 4933 
2895 4671 
2896 4790 
2897 4997 4903 
2898 4827 
2899 4802 
2900 4887 
2901 4879 
2902 4903 
2903 4822 
2904 4893 
2905 4900 
2906 4061 4720 
2907 4549 
2908 4900 
2909 4890 
2910 4686 
2911 4900 
2912 4893 
2913 4998 
2914 4794 
2915 4850 
2916 4778 4955 
2917 4959 
2918 4468 
2919 4061 4714 
2920 4879 
2921 4949 
2922 4137 
2923 4647 
2924 4920 4962 
2925 4296 
2926 4935 4922 
2927 4955 
2928 4882 
2929 4988 
2930 4971 
2931 4450 
2932 4621 
2933 4923 
2934 4975 4371 
2935 4976 
2936 4914 
2937 4997 
2938 4790 
2939 4944 
2940 4847 
2941 4860 4877 
2942 4893 
2943 4903 
2944 4879 
2945 4628 
2946 4624 
2947 4866 
2948 4198 
2949 4709 
2950 4964 
2951 4468 
2952 4967 
2953 4974 
2954 4922 
2955 4850 
2956 4296 
2957 4955 
2958 4590 
2959 4923 
2960 4945 
2961 4847 
2962 4844 
2963 4999 
2964 4922 
2965 4866 
2966 4890 
2967 4061 
2968 4955 
2969 4961 
2970 4935 
2971 4891 
2972 4997 
2973 4999 4852 
2974 4709 
2975 4671 
2976 4898 
2977 2333 
2978 4973 
2979 4938 
2980 4999 
2981 4778 4923 
2982 4647 
2983 4870 4628 
2984 4944 
2985 4900 4827 
2986 4994 4590 
2987 4920 
2988 4959 
2989 4624 
2990 4852 
2991 4870 4896 
2992 4979 
2993 4959 
2994 4945 
2995 4967 
2996 4804 
2997 4955 
2998 4988 
2999 4942 
3000 4997 4645 
3001 4847 
3002 4371 
3003 4296 
3004 4671 
3005 4962 
3006 4852 
3007 4964 
3008 4893 
3009 4976 
3010 4794 
3011 4450 
3012 4945 
3013 4890 
3014 4198 
3015 4860 
3016 4790 
3017 2333 
3018 4922 
3019 4975 
3020 4973 4686 
3021 4963 4984 
3022 4989 
3023 4957 
3024 4981 
3025 4714 
3026 4933 
3027 4790 
3028 4628 
3029 4960 4679 
3030 4933 4971 
3031 4955 
3032 4949 
3033 4714 
3034 4976 
3035 4802 
3036 4660 
3037 4922 
3038 4738 
3039 4961 
3040 4984 
3041 4738 
3042 4628 4850 
3043 4406 
3044 4468 
3045 4061 
3046 4679 
3047 4976 
3048 4679 
3049 4887 
3050 4709 
3051 4989 
3052 4847 
3053 3981 
3054 4534 
3055 4850 
3056 4933 
3057 4624 
3058 4296 
3059 4852 
3060 4684 4137 
3061 4999 
3062 4709 
3063 4960 4974 
3064 4468 
3065 4628 
3066 4714 
3067 4827 
3068 4998 
3069 4887 
3070 4700 
3071 4997 
3072 4900 
3073 3712 
3074 4801 
3075 4973 
3076 4999 
3077 4893 4999 
3078 4964 
3079 4963 
3080 4933 
3081 4709 
3082 4296 
3083 4406 
3084 4979 
3085 4468 4981 4967 
3086 4628 4742 
3087 4924 
3088 4976 
3089 4975 4971 
3090 4973 
3091 4955 
3092 4964 
3093 4984 
3094 4975 
3095 4860 
3096 4961 
3097 4827 
3098 4975 
3099 4977 
3100 4923 
3101 4938 
3102 4994 
3103 4890 
3104 5000 
3105 4944 
3106 4468 
3107 4628 4964 
3108 4887 
3109 4989 
3110 4709 
3111 4994 4850 
3112 4468 4296 
3113 4979 
3114 4959 
3115 4852 
3116 4371 4999 
3117 4742 
3118 4827 4624 
3119 4540 
3120 4964 
3121 4971 
3122 4778 4847 
3123 4296 
3124 4971 
3125 4971 
3126 4903 
3127 4971 
3128 4660 
3129 4629 
3130 2699 
3131 4999 
3132 4870 
3133 4794 4700 
3134 4903 
3135 5000 
3136 4981 
3137 5000 
3138 4900 
3139 4963 4945 
3140 4945 
3141 4850 
3142 4468 
3143 4549 
3144 4778 
3145 4788 
3146 4922 4957 
3147 4900 
3148 4924 
3149 4061 
3150 4468 4973 
3151 4957 
3152 4709 
3153 4965 
3154 4923 
3155 4988 
3156 4896 
3157 4710 
3158 4994 
3159 4998 
3160 4900 
3161 4914 
3162 4802 
3163 4903 
3164 4988 
3165 4947 
3166 4959 
3167 4957 
3168 4994 
3169 4999 
3170 4802 
3171 4955 4960 
3172 4971 
3173 4893 
3174 4999 
3175 4965 
3176 4991 
3177 4960 
3178 4924 
3179 4670 
3180 4866 
3181 4822 
3182 4679 
3183 4971 
3184 4468 
3185 4977 4976 
3186 4671 
3187 4738 
3188 2699 
3189 4989 
3190 4971 
3191 4468 
3192 4890 
3193 4850 
3194 4991 
3195 4994 
3196 4890 
3197 4890 
3198 4900 
3199 4973 
3200 4914 
3201 4860 
3202 4709 
3203 2699 
3204 4679 
3205 4903 
3206 4924 
3207 4802 
3208 4923 
3209 4923 
3210 4061 4468 
3211 4924 
3212 4647 
3213 4896 
3214 4933 
3215 4976 
3216 4947 
3217 4628 4882 
3218 4997 
3219 4850 
3220 3712 
3221 4961 
3222 4790 
3223 4794 
3224 4296 
3225 4900 
3226 4738 
3227 4920 
3228 5000 
3229 4709 
3230 4923 
3231 4955 
3232 4679 4973 
3233 4920 
3234 4900 
3235 4468 
3236 4981 
3237 4999 
3238 4804 
3239 4802 
3240 3981 
3241 4844 
3242 4467 
3243 4684 
3244 4709 
3245 4896 
3246 4549 
3247 4949 
3248 4960 
3249 2333 
3250 4994 
3251 4852 
3252 4947 
3253 4939 
3254 4955 
3255 4944 
3256 4860 
3257 4939 
3258 4468 
3259 4891 
3260 4468 4670 
3261 4847 
3262 4804 
3263 4991 
3264 4976 4709 
3265 4947 
3266 4628 
3267 4994 4900 
3268 4847 
3269 4847 4870 
3270 4590 
3271 4920 
3272 4850 
3273 4976 
3274 4900 4984 
3275 4621 
3276 4974 
3277 4804 
3278 4890 
3279 3912 
3280 4852 
3281 4988 
3282 4957 3912 
3283 4945 
3284 4988 
3285 4468 
3286 4870 
3287 4903 
3288 4923 4890 
3289 4590 
3290 4900 
3291 4684 
3292 4955 
3293 4788 
3294 4964 
3295 4976 
3296 4467 
3297 4984 
3298 4984 
3299 4852 
3300 4850 
3301 4778 5000 
3302 4709 
3303 4406 
3304 4844 
3305 4959 
3306 4960 
3307 4502 4963 
3308 4935 
3309 4965 
3310 4468 
3311 4879 
3312 5000 
3313 2699 4801 
3314 4935 
3315 4998 
3316 4957 
3317 4684 
3318 4896 
3319 4788 
3320 4709 4898 
3321 4898 
3322 4896 
3323 4790 
3324 4957 
3325 4624 5000 
3326 4468 
3327 4061 
3328 4976 4866 
3329 4920 
3330 4923 
3331 4893 
3332 4997 
3333 4468 
3334 4628 
3335 4468 
3336 4922 
3337 4945 
3338 4645 
3339 4890 
3340 4778 
3341 4971 
3342 4898 
3343 4874 
3344 4933 
3345 4964 
3346 4742 
3347 4991 
3348 4898 
3349 4590 
3350 4922 
3351 4971 
3352 4827 
3353 4712 
3354 4468 
3355 4903 4887 
3356 4549 
3357 3550 
3358 4922 
3359 4960 
3360 5000 
3361 4976 
3362 4371 
3363 4684 
3364 4860 
3365 4468 
3366 4949 4999 
3367 4955 
3368 4971 
3369 4822 
3370 4959 
3371 4997 
3372 4628 
3373 4406 
3374 4874 4975 
3375 4671 
3376 4935 
3377 4801 
3378 4198 4981 
3379 4949 
3380 4712 
3381 4957 
3382 4628 
3383 4852 
3384 4628 
3385 4709 
3386 4502 4964 
3387 4999 
3388 4844 
3389 4991 
3390 4468 
3391 4957 
3392 4896 
3393 4949 
3394 4860 
3395 4922 
3396 2333 
3397 4891 
3398 4994 
3399 4967 
3400 4679 
3401 4790 4549 
3402 4874 
3403 4903 
3404 4975 
3405 4900 
3406 4468 4965 
3407 4684 
3408 4684 
3409 4590 4997 
3410 4945 
3411 4502 
3412 4964 
3413 4963 
3414 4988 
3415 4645 
3416 4804 
3417 4790 
3418 4790 
3419 4959 
3420 4903 
3421 4998 
3422 2333 
3423 2699 
3424 4804 
3425 4947 
3426 4686 
3427 4670 
3428 4961 4957 
3429 4963 
3430 4971 
3431 4778 
3432 4645 
3433 4738 
3434 4963 
3435 4947 
3436 4790 
3437 4827 
3438 4965 
3439 4971 
3440 4971 
3441 4947 
3442 4961 
3443 4061 
3444 4896 
3445 4870 
3446 4890 
3447 4061 
3448 4628 
3449 4890 
3450 4628 
3451 4962 
3452 4959 
3453 4976 
3454 4960 
3455 4965 
3456 4963 
3457 4957 
3458 4981 
3459 4296 
3460 4984 
3461 4922 
3462 4852 4686 
3463 4933 
3464 4467 
3465 4866 
3466 4712 
3467 4962 
3468 4971 
3469 4879 
3470 4961 
3471 4989 
3472 4879 
3473 4788 
3474 4903 
3475 4967 
3476 4959 
3477 4947 
3478 4628 
3479 4955 
3480 4296 
3481 4890 
3482 4988 
3483 4847 4924 
3484 4890 
3485 4890 
3486 4914 
3487 4944 
3488 4999 4979 
3489 4975 
3490 4540 
3491 4994 
3492 4994 
3493 4989 
3494 4624 
3495 3912 
3496 4621 
3497 4981 4679 
3498 4879 
3499 4960 4866 
3500 4628 
3501 4971 
3502 4949 
3503 4709 4822 
3504 4860 
3505 4981 4933 
3506 4998 
3507 4959 
3508 4975 
3509 4710 
3510 4955 
3511 4962 
3512 4712 
3513 4534 
3514 4994 
3515 4827 
3516 4198 
3517 4877 4802 
3518 4296 2333 
3519 4803 
3520 4847 
3521 4960 
3522 4540 
3523 4960 
3524 4920 
3525 4850 
3526 4628 
3527 4971 
3528 4590 
3529 4998 
3530 4933 
3531 4628 
3532 4628 
3533 4296 4933 
3534 4994 
3535 4903 
3536 4720 
3537 4590 
3538 4788 
3539 4947 4957 
3540 4984 
3541 4900 
3542 4981 
3543 4923 
3544 4922 
3545 4590 4981 
3546 4794 
3547 4974 
3548 4468 
3549 4900 4879 
3550 3550 
3551 5000 
3552 4922 
3553 4887 
3554 4961 
3555 4709 
3556 4981 
3557 4890 
3558 4549 
3559 4801 
3560 4988 
3561 4961 
3562 4860 
3563 4979 
3564 4977 
3565 4965 
3566 4887 
3567 4822 
3568 4979 
3569 4971 
3570 4998 
3571 4801 
3572 4887 
3573 4628 4850 
3574 4896 
3575 4976 
3576 4989 
3577 4684 
3578 4585 
3579 4924 
3580 4991 
3581 4709 
3582 4924 
3583 4628 
3584 4670 
3585 4971 
3586 4975 
3587 4709 
3588 4960 
3589 4879 
3590 4971 
3591 4965 
3592 4679 
3593 4955 
3594 4957 
3595 4957 
3596 4923 
3597 4957 4866 
3598 4923 
3599 4870 
3600 4971 
3601 4900 
3602 4887 
3603 4998 
3604 4997 
3605 5000 
3606 4997 
3607 4621 4962 
3608 4971 
3609 4991 
3610 4468 
3611 4939 
3612 4903 
3613 4406 
3614 4844 
3615 4804 
3616 4679 
3617 4942 
3618 4960 
3619 4671 
3620 4994 
3621 4961 
3622 4827 
3623 4942 4700 
3624 4893 
3625 4891 
3626 4944 
3627 4860 
3628 4976 
3629 4879 
3630 4898 
3631 4468 
3632 4847 
3633 4660 
3634 4590 
3635 4660 
3636 4534 
3637 4852 4681 
3638 4296 
3639 4540 
3640 4961 
3641 4296 
3642 4965 
3643 4887 
3644 4827 
3645 4671 
3646 4935 
3647 4660 
3648 4961 
3649 4933 
3650 4852 
3651 4468 
3652 4938 
3653 4371 
3654 4994 
3655 4933 
3656 4988 
3657 4942 
3658 4903 
3659 4882 
3660 4984 
3661 4468 
3662 4794 
3663 4962 4989 
3664 4967 
3665 4670 
3666 4976 
3667 4890 
3668 4890 4700 
3669 4997 
3670 4628 
3671 4709 
3672 4975 
3673 4742 
3674 4198 
3675 4994 
3676 4891 
3677 4790 
3678 4947 
3679 4949 4468 4973 
3680 4468 
3681 4949 
3682 4947 
3683 4549 
3684 4684 
3685 4877 
3686 4877 
3687 4971 
3688 4923 
3689 3550 4870 
3690 4720 
3691 4624 
3692 4984 
3693 4852 
3694 4628 
3695 4870 
3696 4949 4923 4959 
3697 4714 
3698 4903 4804 
3699 4890 
3700 4898 
3701 4947 
3702 4920 
3703 4590 4860 
3704 3712 
3705 4844 
3706 4922 
3707 4900 
3708 4709 
3709 4967 
3710 4879 
3711 4710 
3712 3712 
3713 4957 
3714 4852 
3715 4991 
3716 4920 
3717 4468 
3718 4870 
3719 4933 
3720 4628 
3721 5000 
3722 4900 
3723 4903 
3724 4502 
3725 4371 
3726 4984 
3727 4882 4979 
3728 4971 
3729 4790 
3730 4827 
3731 2333 
3732 4959 
3733 4997 
3734 4671 4944 
3735 4988 
3736 4924 
3737 4879 
3738 4965 
3739 4977 
3740 4976 
3741 4997 
3742 4879 
3743 4296 
3744 4955 
3745 4788 
3746 4933 4700 
3747 4371 
3748 4963 
3749 4999 
3750 4988 
3751 4976 
3752 4994 
3753 4794 
3754 4624 
3755 4975 
3756 4960 
3757 4700 
3758 4939 4903 
3759 4296 
3760 4920 4802 
3761 4804 
3762 4949 
3763 4920 
3764 4945 
3765 4967 
3766 4720 
3767 2333 4788 
3768 4963 
3769 4939 
3770 4628 4963 
3771 3912 
3772 4879 
3773 4960 
3774 4922 4903 
3775 4684 
3776 4827 
3777 4628 
3778 4994 
3779 4790 
3780 4957 
3781 4998 
3782 4914 
3783 4967 
3784 4890 
3785 4964 
3786 4700 
3787 4923 
3788 4684 
3789 4976 
3790 4999 
3791 4852 
3792 4720 
3793 4671 
3794 4973 
3795 4893 
3796 4450 
3797 4976 
3798 4920 
3799 4850 
3800 4939 
3801 4898 
3802 4296 4994 
3803 4621 
3804 4890 
3805 3550 4450 
3806 4964 
3807 4903 
3808 4870 
3809 4991 4981 
3810 4802 
3811 4296 
3812 4961 
3813 4957 
3814 4944 
3815 4671 
3816 4670 
3817 4628 
3818 4945 
3819 4999 
3820 4920 
3821 4959 
3822 4679 
3823 4887 
3824 4984 
3825 4988 
3826 4994 
3827 4712 
3828 4967 
3829 4975 
3830 4965 
3831 4296 
3832 4998 
3833 4935 
3834 4981 
3835 4887 
3836 4971 
3837 4920 
3838 2333 
3839 4714 
3840 4933 
3841 4882 
3842 4933 
3843 4803 
3844 4961 
3845 4847 
3846 4896 
3847 4965 
3848 3912 
3849 4679 
3850 4684 
3851 4822 
3852 4870 
3853 4971 4628 
3854 4827 
3855 4371 
3856 4406 
3857 4628 
3858 4714 4628 
3859 4790 
3860 4991 
3861 4778 
3862 4988 
3863 4790 
3864 4965 4827 
3865 4896 
3866 4670 
3867 3712 
3868 4988 
3869 4778 
3870 4947 
3871 4296 4882 
3872 4468 
3873 4468 
3874 4502 
3875 4997 
3876 4981 
3877 4540 
3878 4981 
3879 4882 4923 
3880 4700 
3881 4935 
3882 4998 4628 
3883 4742 
3884 4984 
3885 4540 
3886 4900 
3887 4944 
3888 4852 
3889 4468 
3890 4802 
3891 4933 
3892 4960 
3893 4803 4709 
3894 4991 
3895 4670 
3896 4670 
3897 4406 
3898 4371 
3899 4296 
3900 3981 4977 
3901 4981 
3902 4973 
3903 4801 
3904 4998 4709 
3905 4997 
3906 4933 
3907 4709 
3908 4962 
3909 4977 
3910 4975 
3911 4998 
3912 3912 
3913 4803 
3914 4827 
3915 4468 
3916 4624 
3917 4955 4999 
3918 4679 
3919 4896 
3920 4999 
3921 4827 
3922 4994 
3923 4790 
3924 4877 
3925 4790 
3926 4468 
3927 4998 
3928 4963 
3929 4947 
3930 4971 
3931 4999 
3932 4898 
3933 4790 
3934 4844 
3935 4860 
3936 4467 
3937 4981 
3938 4999 
3939 4942 
3940 4700 4975 
3941 4850 
3942 4955 
3943 4887 
3944 4822 
3945 4628 
3946 4700 
3947 4960 
3948 4468 
3949 4742 
3950 4903 
3951 4681 
3952 4896 4714 
3953 4847 
3954 4949 
3955 4296 
3956 4981 4893 
3957 4971 
3958 4481 
3959 4923 
3960 4890 4540 
3961 4844 
3962 4647 
3963 4999 
3964 4961 
3965 4681 
3966 4850 
3967 4920 
3968 4700 
3969 4898 
3970 4877 
3971 4684 
3972 2699 
3973 4977 4802 
3974 4994 
3975 4965 
3976 4933 
3977 4874 
3978 4979 
3979 4963 
3980 4686 
3981 3981 
3982 4959 
3983 4850 
3984 4977 
3985 4900 
3986 4450 
3987 3550 4624 
3988 4709 4935 
3989 4998 
3990 4933 
3991 4296 
3992 4870 
3993 4965 
3994 4621 
3995 4686 
3996 4896 
3997 4923 
3998 4994 
3999 4975 4999 
4000 4879 
4001 4896 
4002 4893 
4003 4844 
4004 4137 4061 
4005 4371 
4006 4903 
4007 4502 
4008 4468 
4009 4933 
4010 4794 4629 
4011 4709 
4012 4879 
4013 4887 
4014 4984 
4015 4933 
4016 4999 
4017 4920 
4018 4296 
4019 4922 4955 
4020 2333 
4021 4903 
4022 4647 
4023 4989 
4024 4790 
4025 4998 
4026 4999 
4027 4984 
4028 4967 4850 
4029 4988 
4030 4481 
4031 4590 
4032 4887 
4033 4959 4891 
4034 4778 
4035 4468 4961 
4036 4860 
4037 4712 
4038 4827 
4039 4296 
4040 4860 
4041 4585 
4042 4999 
4043 4963 
4044 4679 4964 
4045 4971 
4046 4955 4945 
4047 4296 
4048 4922 
4049 4624 
4050 4844 
4051 4997 
4052 4974 
4053 4971 
4054 4967 
4055 4923 
4056 4629 
4057 4939 4998 
4058 4965 
4059 4684 
4060 4822 
4061 4061 
4062 4914 
4063 4803 
4064 4938 
4065 4949 
4066 4920 
4067 4914 
4068 4922 
4069 4852 
4070 4933 
4071 4939 
4072 4964 
4073 4803 
4074 4957 
4075 4965 
4076 4922 
4077 4981 
4078 4964 
4079 4679 
4080 4947 
4081 4803 
4082 4738 
4083 4984 
4084 4852 
4085 4700 
4086 4977 
4087 4624 
4088 4844 
4089 4679 
4090 4877 
4091 4971 
4092 4710 
4093 4988 
4094 4371 
4095 4804 
4096 4933 
4097 4957 
4098 4896 
4099 4984 
4100 4628 
4101 4967 
4102 4981 
4103 4935 
4104 4999 
4105 4964 
4106 2333 
4107 4923 
4108 4788 
4109 4962 
4110 4914 
4111 4933 
4112 4903 4955 
4113 3981 4720 
4114 4900 
4115 4924 
4116 4827 
4117 4684 
4118 4296 
4119 4621 
4120 4922 
4121 4979 
4122 4989 
4123 4944 
4124 4709 
4125 4882 
4126 4671 
4127 4827 
4128 4890 
4129 4977 4922 
4130 4898 
4131 4137 
4132 4971 
4133 4371 
4134 5000 
4135 4709 4890 
4136 4468 
4137 4137 
4138 4920 
4139 4061 
4140 4852 
4141 4850 
4142 4468 
4143 4467 
4144 4997 4778 
4145 4991 4890 4924 
4146 4991 
4147 4891 
4148 4900 
4149 4709 
4150 4963 
4151 4989 
4152 4997 4981 
4153 4967 
4154 4991 
4155 4920 4720 
4156 4924 
4157 4959 
4158 4450 
4159 4468 
4160 4997 
4161 4679 
4162 4997 
4163 4788 
4164 4999 
4165 4949 
4166 4296 
4167 4949 
4168 4890 
4169 4628 4879 
4170 4922 
4171 4850 
4172 4714 
4173 3712 
4174 4790 
4175 4624 4628 
4176 3981 
4177 4549 4852 
4178 4860 
4179 4679 
4180 4450 
4181 4852 
4182 4922 
4183 4887 
4184 4827 
4185 4949 
4186 4975 
4187 4920 
4188 4964 
4189 4061 
4190 4939 
4191 4822 
4192 4887 4967 
4193 4955 
4194 4971 4964 
4195 4957 
4196 3981 
4197 4624 
4198 4198 
4199 4984 
4200 4900 
4201 4973 
4202 3912 
4203 4790 
4204 4997 
4205 4847 
4206 4621 
4207 4709 
4208 4712 
4209 4999 4947 
4210 4994 
4211 4714 
4212 4628 
4213 4933 
4214 4468 
4215 4874 
4216 4540 
4217 4468 
4218 4406 
4219 4801 
4220 4999 
4221 4671 
4222 4955 
4223 4621 
4224 4991 
4225 4984 
4226 4887 
4227 4975 
4228 4900 4890 
4229 4827 
4230 4898 
4231 4955 
4232 4923 
4233 4967 
4234 4660 
4235 4720 
4236 4686 
4237 4977 
4238 4778 
4239 4847 
4240 4887 
4241 4628 
4242 4967 
4243 4877 4957 
4244 4988 
4245 4628 
4246 4974 
4247 4900 
4248 4866 
4249 4712 
4250 4939 
4251 4788 
4252 4850 
4253 4920 
4254 4860 
4255 4959 
4256 4585 
4257 4738 4882 
4258 4924 
4259 4991 
4260 4629 
4261 4945 
4262 4999 
4263 4647 
4264 4198 
4265 4924 
4266 4714 
4267 4870 
4268 4957 
4269 4804 
4270 4945 
4271 4802 
4272 4742 
4273 4887 
4274 4903 
4275 4903 
4276 4963 
4277 4973 
4278 4720 
4279 4712 
4280 4976 
4281 4920 
4282 4802 
4283 4822 4994 
4284 4893 
4285 4989 
4286 4549 
4287 4933 
4288 4975 4296 
4289 4468 
4290 4628 
4291 4852 
4292 4850 
4293 4963 
4294 4481 
4295 4686 
4296 4296 
4297 2333 
4298 4742 
4299 4709 
4300 4981 
4301 4296 
4302 4976 
4303 4977 
4304 4802 
4305 4468 
4306 4628 
4307 4621 
4308 4709 
4309 4847 
4310 4371 
4311 4540 
4312 4933 
4313 4624 
4314 4896 4847 
4315 4971 
4316 4973 4585 
4317 4890 
4318 4949 
4319 4988 4961 
4320 4681 
4321 4997 
4322 4965 
4323 4997 
4324 4964 
4325 4801 
4326 4924 
4327 4681 4963 
4328 4847 
4329 4714 4903 
4330 4924 
4331 3712 
4332 4973 
4333 4960 
4334 4959 
4335 4406 4850 
4336 4955 4984 
4337 4700 
4338 4900 
4339 4629 
4340 4955 
4341 4590 
4342 4874 
4343 4585 
4344 4944 
4345 4628 
4346 4860 
4347 4852 
4348 4534 
4349 4997 
4350 4296 
4351 4406 
4352 4827 4468 
4353 4061 
4354 4920 
4355 4922 
4356 4984 
4357 4981 
4358 4137 
4359 4949 
4360 4645 4860 
4361 4860 
4362 4967 
4363 4944 4939 
4364 4629 
4365 4852 
4366 4679 
4367 4947 
4368 4549 
4369 5000 
4370 4903 
4371 4371 
4372 4945 
4373 4967 
4374 4960 
4375 4964 
4376 4628 
4377 4960 
4378 4988 
4379 4935 4959 
4380 4844 
4381 4827 
4382 4964 
4383 4645 
4384 4847 
4385 4590 
4386 4999 
4387 4963 
4388 4964 
4389 4788 
4390 4994 
4391 4887 
4392 4975 4742 
4393 4964 
4394 4628 4955 
4395 4467 
4396 4923 
4397 4979 
4398 4624 
4399 4790 
4400 4709 
4401 4960 
4402 4549 
4403 4468 
4404 4882 
4405 4957 
4406 4406 
4407 4890 
4408 4981 
4409 4794 
4410 4061 
4411 4887 
4412 4924 
4413 4997 
4414 4686 4803 
4415 4997 4942 
4416 4964 
4417 4961 4942 
4418 4903 
4419 4962 
4420 4989 
4421 4891 
4422 4788 
4423 4738 
4424 4801 
4425 4877 
4426 4898 
4427 4827 4879 
4428 4549 
4429 4949 
4430 4947 
4431 4628 
4432 4920 
4433 4961 
4434 4962 
4435 4984 
4436 3981 
4437 4827 
4438 4712 
4439 4984 
4440 4671 
4441 4903 
4442 4790 
4443 4850 
4444 4989 
4445 4686 
4446 4624 
4447 4660 
4448 4939 
4449 4938 
4450 4450 
4451 4450 
4452 4923 
4453 4903 
4454 4974 
4455 4957 
4456 3712 
4457 4999 
4458 2333 
4459 4670 
4460 4852 
4461 4971 
4462 3550 
4463 4975 
4464 4961 
4465 4709 
4466 4981 
4467 4467 
4468 4468 
4469 4794 
4470 4988 4794 
4471 4965 4997 
4472 4890 
4473 4991 
4474 4976 
4475 4882 
4476 4860 
4477 4481 
4478 4989 
4479 4981 
4480 4788 4938 
4481 4481 
4482 4890 
4483 4997 
4484 4942 
4485 4960 
4486 4903 
4487 4903 4406 
4488 4628 
4489 4947 
4490 4984 
4491 4628 
4492 4971 
4493 4720 
4494 4628 
4495 4935 
4496 4975 
4497 4959 
4498 4852 4965 
4499 4991 
4500 4923 
4501 4975 
4502 4502 
4503 3712 4963 
4504 4847 
4505 4778 
4506 4976 
4507 4670 
4508 4994 
4509 4896 4964 
4510 4949 
4511 4923 
4512 4949 
4513 4974 
4514 4893 
4515 4850 
4516 4850 
4517 4999 
4518 4710 
4519 4684 4971 
4520 4590 
4521 4971 4450 
4522 4874 
4523 2699 4890 
4524 4949 4628 
4525 4998 
4526 4898 
4527 4860 4903 
4528 4922 
4529 4794 
4530 4947 
4531 4914 
4532 4945 
4533 3981 
4534 4534 
4535 4406 
4536 4628 
4537 4947 
4538 4890 
4539 4914 
4540 4540 
4541 4900 
4542 4914 
4543 4468 
4544 4967 
4545 4790 
4546 4866 
4547 4681 
4548 4893 4933 
4549 4549 
4550 4844 4679 
4551 4945 
4552 4991 
4553 4999 
4554 4977 
4555 4879 
4556 4629 
4557 4679 
4558 4973 
4559 4944 
4560 4621 
4561 3981 
4562 2333 
4563 4827 
4564 4803 
4565 4827 
4566 4891 
4567 4967 
4568 4961 
4569 4984 
4570 4945 
4571 4973 
4572 4790 
4573 4900 
4574 4847 
4575 4920 
4576 4991 
4577 4955 
4578 4922 
4579 4887 
4580 4920 
4581 4960 
4582 4920 
4583 4621 
4584 4847 
4585 4585 
4586 4827 4924 
4587 2333 
4588 4710 
4589 4714 
4590 4590 
4591 4903 
4592 4788 
4593 4720 
4594 4979 
4595 4938 
4596 4935 
4597 4984 4778 
4598 4957 
4599 4788 
4600 4890 4949 
4601 4621 
4602 4971 4896 
4603 4788 
4604 4977 
4605 4700 
4606 4628 
4607 4997 
4608 4891 
4609 4628 
4610 4959 
4611 4788 4955 
4612 4882 
4613 4850 4467 
4614 4974 4847 
4615 4984 
4616 4890 
4617 4997 
4618 4847 
4619 4679 
4620 4879 
4621 4621 
4622 4999 
4623 4468 
4624 4624 
4625 4467 
4626 4981 
4627 4742 
4628 4628 
4629 4629 
4630 4790 4922 
4631 4967 4887 
4632 4961 
4633 4984 
4634 4984 4997 
4635 4879 
4636 4896 
4637 4896 
4638 4709 
4639 4712 
4640 2333 
4641 4850 4984 
4642 5000 
4643 4877 
4644 4803 
4645 4645 
4646 4903 
4647 4647 
4648 4893 
4649 4778 4847 
4650 4882 
4651 4709 
4652 4804 
4653 4590 
4654 4879 
4655 4628 
4656 4709 
4657 4879 
4658 4481 4984 
4659 4960 4933 
4660 4660 
4661 4679 
4662 4742 
4663 4903 
4664 4296 
4665 4679 
4666 4700 4896 
4667 4999 
4668 4468 
4669 4976 
4670 4670 
4671 4671 
4672 4450 
4673 4938 
4674 4900 
4675 4914 
4676 4975 
4677 4949 
4678 4988 
4679 4679 
4680 4984 
4681 4681 
4682 4877 
4683 4879 
4684 4684 
4685 4406 4977 
4686 4686 
4687 4957 
4688 4802 
4689 4549 
4690 4981 
4691 4933 
4692 4847 
4693 4989 
4694 4998 
4695 4866 
4696 5000 
4697 4903 
4698 4939 
4699 4998 
4700 4700 
4701 4874 
4702 4850 
4703 4976 
4704 4981 4481 
4705 4549 
4706 4790 
4707 4549 
4708 4955 
4709 4709 
4710 4710 
4711 4939 
4712 4712 
4713 4720 
4714 4714 
4715 4944 
4716 4540 4681 
4717 4896 
4718 4981 
4719 4738 
4720 4720 
4721 4933 
4722 4949 
4723 4790 
4724 4933 
4725 4844 4933 
4726 4629 
4727 4962 
4728 4790 
4729 4959 
4730 4827 
4731 4850 
4732 4935 
4733 4959 
4734 2699 4890 
4735 4879 
4736 4945 
4737 4900 
4738 4738 
4739 4860 
4740 4999 
4741 4893 
4742 4742 
4743 4960 5000 
4744 4962 
4745 4790 
4746 4984 
4747 4686 
4748 4887 
4749 4984 
4750 4984 
4751 4804 
4752 4945 
4753 4920 4670 
4754 4804 
4755 4468 
4756 4778 
4757 3912 
4758 4879 
4759 4939 
4760 4965 
4761 4924 
4762 4961 
4763 4700 
4764 4975 
4765 4709 
4766 4976 
4767 4963 
4768 4468 
4769 4877 4991 
4770 4709 
4771 4468 
4772 4957 
4773 4778 4137 4962 
4774 4960 
4775 4997 
4776 4679 
4777 4923 
4778 4778 
4779 4955 
4780 4976 
4781 4877 
4782 4976 
4783 4684 
4784 4949 
4785 4965 
4786 4973 
4787 4923 
4788 4788 
4789 4961 4971 
4790 4790 
4791 4994 
4792 5000 
4793 4947 4981 
4794 4794 
4795 4822 
4796 4549 
4797 4991 
4798 4994 
4799 4804 
4800 4975 
4801 4801 
4802 4802 
4803 4803 
4804 4804 
4805 4788 
4806 4628 
4807 4852 
4808 4671 
4809 4935 4967 
4810 4879 
4811 4742 
4812 4976 4945 
4813 4989 
4814 4984 
4815 4852 
4816 4947 4967 
4817 4822 
4818 4981 
4819 4714 
4820 4923 
4821 4468 
4822 4822 
4823 4999 
4824 4945 
4825 4994 
4826 4468 4997 
4827 4827 
4828 4778 
4829 4997 
4830 4788 
4831 4997 
4832 4957 
4833 4933 
4834 4965 
4835 4903 
4836 4971 
4837 4468 4963 
4838 4852 4790 
4839 4999 
4840 4860 
4841 4957 
4842 5000 
4843 4923 4964 
4844 4844 
4845 5000 
4846 4709 
4847 4847 
4848 4788 
4849 4879 
4850 4850 
4851 4939 4957 
4852 4852 
4853 3550 4998 
4854 4947 
4855 4903 
4856 4960 
4857 4971 
4858 4959 
4859 4935 
4860 4860 
4861 4914 
4862 4997 
4863 4679 
4864 4989 
4865 4645 4621 
4866 4866 
4867 4468 
4868 4945 
4869 4850 
4870 4870 
4871 4962 4621 
4872 4923 
4873 4887 
4874 4874 
4875 4964 
4876 4971 
4877 4877 
4878 4827 
4879 4879 
4880 4955 
4881 4827 
4882 4882 
4883 4879 
4884 4827 
4885 4874 4903 
4886 4988 4647 
4887 4887 
4888 4973 
4889 4879 
4890 4890 
4891 4891 
4892 4967 
4893 4893 
4894 4847 
4895 4957 4628 
4896 4896 
4897 4989 
4898 4898 
4899 4961 4296 
4900 4900 
4901 4866 
4902 4997 
4903 4903 
4904 4700 
4905 4709 
4906 4870 
4907 4947 
4908 4890 
4909 4879 
4910 4989 
4911 4989 4801 
4912 4994 
4913 4827 
4914 4914 
4915 4893 
4916 4999 
4917 4847 
4918 4922 
4919 4947 
4920 4920 
4921 4991 
4922 4922 4468 
4923 4923 
4924 4924 
4925 4903 
4926 4979 
4927 4997 
4928 4997 
4929 4959 
4930 4991 
4931 4903 
4932 4962 5000 
4933 4933 
4934 4971 
4935 4935 
4936 4964 
4937 4971 
4938 4938 
4939 4939 
4940 4984 
4941 4991 
4942 4942 4890 
4943 4967 
4944 4944 
4945 4945 
4946 4971 
4947 4947 
4948 4850 
4949 4949 
4950 4984 
4951 4679 
4952 4709 
4953 4999 
4954 4959 4670 
4955 4955 
4956 4991 
4957 4957 
4958 4481 4893 
4959 4959 
4960 4960 
4961 4961 
4962 4962 
4963 4963 
4964 4964 
4965 4965 
4966 4979 
4967 4967 
4968 5000 
4969 4949 
4970 4957 
4971 4971 
4972 4955 
4973 4973 
4974 4974 
4975 4975 
4976 4976 
4977 4977 4955 
4978 4974 
4979 4979 
4980 4999 
4981 4981 
4982 4988 
4983 4964 
4984 4984 
4985 4964 
4986 4998 
4987 4964 
4988 4988 
4989 4989 
4990 4903 4827 
4991 4991 
4992 4900 
4993 4949 
4994 4994 
4995 4957 
4996 4933 4890 
4997 4997 
4998 4998 
4999 4999 
5000 5000 
