1 4826 
2 4954 
3 4881 
4 4986 
5 4921 
6 4281 
7 4916 
8 4972 
9 4989 
10 4841 
11 4157 
12 4563 
13 4922 
14 4962 
15 4794 
16 4983 
17 4958 
18 4825 
19 4676 
20 4862 
21 4519 
22 4990 
23 5000 
24 4800 
25 4979 
26 4776 
27 4900 
28 4971 
29 4962 
30 3654 
31 4547 
32 4638 
33 4974 
34 4435 
35 4675 
36 4281 
37 4519 
38 4988 
39 4950 
40 4984 
41 4900 
42 4987 
43 4943 
44 4962 
45 4990 
46 4894 
47 4563 
48 4563 
49 4983 
50 4921 
51 4794 
52 4993 
53 4825 
54 4511 
55 4792 
56 4971 
57 4255 
58 4988 
59 4987 
60 4479 
61 4846 
62 4893 4866 
63 4996 
64 4900 
65 4739 
66 4485 
67 4728 
68 4862 
69 4676 
70 4983 
71 4669 4979 4986 
72 4862 
73 4983 
74 4945 
75 4808 
76 4841 
77 4984 
78 4853 4983 4988 
79 4987 
80 4959 
81 4808 
82 4974 
83 4730 
84 4925 
85 4730 
86 4876 
87 4881 
88 4962 
89 4894 
90 4968 
91 4988 
92 4626 
93 4825 
94 4052 
95 4511 
96 4481 4444 
97 4744 
98 4444 
99 4983 
100 4799 
101 4859 
102 4925 
103 4821 
104 3523 
105 2978 
106 4995 
107 4790 
108 4984 
109 4957 
110 4918 
111 4972 
112 4859 
113 4995 
114 4874 
115 4989 
116 4479 
117 4995 
118 4979 
119 4972 
120 4728 
121 4979 
122 4996 
123 4884 
124 4530 
125 4893 4991 
126 4919 
127 4962 
128 4435 
129 4772 
130 4953 
131 4775 
132 4874 
133 4098 
134 4974 
135 4921 
136 4992 
137 4576 
138 4962 
139 4989 
140 4866 
141 4825 
142 4722 
143 4862 
144 4772 
145 4971 
146 4991 
147 4530 
148 4950 
149 4730 
150 4826 
151 4794 
152 4979 
153 4988 
154 4669 
155 4808 
156 4972 4825 
157 4825 
158 4730 
159 4954 
160 4999 
161 5000 
162 4991 
163 4874 
164 4950 
165 4517 
166 4790 
167 4964 
168 4979 4993 
169 4968 
170 4983 
171 4921 
172 4874 
173 4988 
174 4730 
175 4894 
176 4853 
177 4675 
178 4972 
179 4675 
180 4799 4936 
181 4922 
182 4859 
183 4925 
184 4979 
185 4986 
186 4846 
187 4984 
188 4826 
189 4921 
190 4950 
191 4772 
192 4775 
193 4949 
194 4772 
195 4853 
196 4730 
197 4925 
198 4945 
199 4098 4978 
200 4408 
201 4925 
202 4408 
203 4989 
204 4953 
205 4511 
206 4841 
207 4916 
208 4974 
209 4619 
210 4576 
211 4730 
212 4052 
213 4563 
214 4826 
215 4974 
216 4980 
217 4954 
218 4778 
219 4983 
220 4876 
221 4979 
222 4988 
223 4987 
224 4485 
225 4820 
226 4996 
227 4991 
228 4953 
229 4916 
230 4962 
231 4563 
232 4876 4958 
233 4916 
234 4968 
235 4949 
236 4794 
237 4961 
238 4983 
239 4893 
240 4772 
241 4157 
242 4984 
243 4821 
244 4826 
245 4826 
246 4945 
247 5000 
248 4775 
249 4772 
250 4853 
251 4825 
252 4479 
253 4894 
254 4772 
255 4919 
256 4826 
257 4992 
258 4866 
259 4547 
260 4936 
261 4962 
262 4315 
263 4530 
264 4420 
265 2978 4669 
266 4707 
267 4957 
268 4986 
269 4826 
270 4547 
271 4281 
272 4435 
273 4334 
274 4918 
275 4953 
276 4730 
277 4950 
278 4893 
279 4958 
280 4988 
281 4894 
282 4772 
283 4984 
284 4961 
285 4776 
286 4778 4821 
287 4876 
288 4987 
289 4959 
290 4776 
291 4530 
292 4776 
293 4547 
294 4950 
295 4921 
296 4876 
297 4884 
298 4255 
299 4894 
300 4984 
301 4949 
302 4826 
303 4730 
304 4772 
305 4862 
306 4978 
307 4826 
308 4808 
309 4971 
310 4921 
311 4957 
312 4999 
313 4790 
314 4943 
315 4485 
316 4841 
317 4959 
318 4722 
319 5000 
320 4730 
321 4945 
322 4767 
323 4925 
324 4859 
325 4820 
326 4866 
327 4253 
328 4954 
329 4995 
330 4408 
331 4859 
332 4953 
333 4971 
334 4971 
335 4991 
336 4730 
337 4799 
338 4986 
339 4859 
340 4925 
341 4958 
342 4962 4820 
343 4775 
344 4805 
345 4479 
346 4859 
347 4991 
348 4995 
349 4853 
350 4675 
351 4979 
352 4862 
353 4991 
354 4799 4853 
355 4859 
356 4925 
357 4767 
358 4052 
359 4986 
360 4918 
361 4943 
362 4919 
363 4962 
364 4841 
365 4962 
366 4815 
367 4626 
368 4983 4980 
369 4953 
370 4755 
371 4992 
372 4154 4815 
373 4730 
374 4255 
375 4978 
376 4826 
377 4744 
378 4996 
379 4980 
380 4790 
381 4943 
382 4147 
383 4866 
384 4651 
385 4820 
386 4977 
387 4626 
388 4855 
389 4914 
390 4953 
391 4739 
392 4968 
393 4826 
394 5000 
395 4676 
396 4826 
397 4866 
398 4988 
399 4862 
400 4821 
401 4954 
402 4988 
403 4958 
404 4993 
405 4799 
406 4855 
407 4874 
408 4972 
409 4530 
410 4958 
411 4894 
412 4962 
413 4957 
414 4974 
415 4563 
416 4961 
417 4978 
418 4953 
419 4776 4995 
420 4893 
421 4626 
422 4815 
423 4794 
424 4730 
425 4961 
426 4420 
427 4954 
428 4862 
429 4147 
430 4772 
431 4918 
432 4893 
433 4968 
434 4876 
435 4983 
436 4983 
437 4936 
438 4971 
439 4874 
440 4476 
441 4756 
442 4974 
443 4984 
444 4825 
445 4984 4730 
446 4481 
447 4859 
448 4988 
449 4530 
450 4936 4954 
451 4957 
452 4853 
453 4841 
454 4962 
455 4977 
456 4517 
457 4986 
458 4958 
459 4855 
460 4924 
461 4792 
462 4992 
463 4826 
464 4825 
465 4950 
466 4626 
467 4962 
468 4476 
469 4755 
470 4866 
471 4953 
472 4983 
473 4619 
474 4563 
475 4408 
476 4958 
477 4479 
478 4619 
479 4989 
480 4988 
481 3654 
482 4971 
483 4203 
484 4925 
485 4755 
486 4916 
487 4821 
488 4988 
489 4476 
490 4481 
491 4978 
492 4576 
493 4479 
494 4961 
495 4846 
496 4964 
497 4853 
498 4957 4778 
499 4950 
500 4919 
501 4157 
502 4825 
503 4792 
504 4989 
505 5000 
506 4954 
507 4954 
508 4479 
509 4957 
510 4986 
511 4964 
512 4925 
513 4722 
514 4958 
515 4853 
516 4962 
517 4925 
518 4989 
519 4958 
520 4794 
521 4853 
522 4996 4884 
523 4479 
524 4157 
525 4954 
526 4253 
527 4775 
528 4253 
529 4919 
530 4638 
531 4983 
532 4983 
533 4874 
534 4978 
535 4991 
536 4669 
537 4881 
538 4669 
539 4986 
540 4954 
541 4776 
542 4962 
543 4916 
544 4815 
545 4894 
546 4855 
547 4755 
548 4479 
549 4919 
550 4972 
551 4979 
552 4992 
553 4979 
554 4530 
555 4916 
556 4800 
557 4943 
558 4778 
559 4893 
560 4990 
561 4481 
562 4619 
563 4730 
564 4990 
565 4790 
566 4881 
567 4825 
568 4900 
569 4925 
570 4755 
571 4993 
572 4800 
573 4954 
574 4775 
575 4954 
576 4530 
577 4841 
578 4986 
579 4894 
580 4792 
581 4626 
582 4862 
583 4744 
584 4874 
585 4921 
586 4098 
587 4977 
588 4919 
589 4988 
590 4511 4874 
591 4984 
592 4479 
593 4978 
594 4989 
595 4914 
596 4953 
597 4792 
598 4959 
599 4825 
600 4808 
601 4916 
602 4964 
603 4876 
604 4983 
605 4962 
606 4815 
607 4147 
608 4435 
609 4669 
610 4669 
611 4989 
612 4790 
613 4995 
614 4808 
615 4979 
616 4918 
617 3654 
618 4853 
619 4874 
620 4825 
621 4825 
622 4983 
623 4825 
624 4964 
625 4971 
626 4962 
627 4961 
628 4233 
629 4961 
630 4517 
631 4893 4962 
632 4481 
633 4893 
634 4676 
635 4987 
636 4884 
637 4957 
638 4925 
639 4971 
640 4954 
641 4547 
642 4979 
643 4918 
644 4977 
645 4707 
646 4874 
647 4972 
648 4953 
649 4772 
650 4511 
651 4874 
652 4974 
653 4853 
654 4576 
655 4547 
656 4669 4435 
657 4957 
658 4972 
659 4988 
660 4958 
661 4755 
662 4957 
663 4924 
664 4996 
665 4977 
666 4919 
667 4255 
668 4154 
669 4776 
670 4916 
671 4253 
672 4722 
673 4825 
674 4964 
675 4989 
676 4993 
677 4855 
678 4974 
679 4792 
680 4953 
681 4281 
682 4990 
683 4990 
684 4821 
685 4918 
686 4884 4792 
687 4979 
688 4815 
689 5000 
690 4884 
691 4983 
692 4894 
693 4846 
694 4707 
695 4977 
696 4987 
697 4775 
698 4792 
699 4950 
700 4988 
701 4993 
702 4756 
703 4862 
704 4755 
705 4775 
706 4147 
707 4855 
708 4530 
709 4950 
710 4511 
711 4841 
712 4744 
713 4995 
714 4859 4954 
715 2978 
716 4881 
717 4730 
718 4983 
719 4485 
720 4739 
721 4914 
722 4918 
723 4255 
724 4420 
725 4548 
726 4925 
727 4669 
728 4815 
729 4821 
730 4855 
731 4977 
732 4619 
733 4739 
734 4825 
735 4953 
736 4984 
737 4988 
738 4959 
739 4950 
740 5000 4800 
741 4988 
742 4996 
743 4919 
744 4983 
745 4859 
746 4255 
747 4918 
748 4775 
749 4995 
750 4991 
751 4996 
752 4826 
753 4525 
754 4203 
755 4874 
756 4756 
757 4147 4983 
758 4855 
759 4767 
760 4547 
761 4986 
762 4866 
763 4974 
764 4859 
765 4995 
766 4876 
767 4157 
768 4995 
769 4479 
770 4800 
771 4971 
772 4052 
773 4959 
774 4984 
775 4900 
776 4821 
777 4825 
778 4776 
779 4826 4825 
780 4776 
781 4978 
782 4772 
783 4517 
784 4874 
785 4988 
786 4862 
787 2978 
788 4971 
789 4978 
790 4989 
791 4799 
792 4756 
793 4916 
794 4950 
795 4984 
796 4990 
797 4894 
798 4949 
799 4233 
800 4859 
801 4968 
802 4968 
803 4919 
804 4918 
805 4826 
806 4638 
807 4722 
808 4884 
809 4675 
810 4841 
811 4989 
812 4968 
813 4950 
814 4996 
815 4408 
816 4476 
817 4476 
818 4925 
819 4971 
820 4980 
821 4772 
822 4978 
823 4859 
824 4792 
825 4530 
826 4794 
827 4530 
828 3638 
829 4979 
830 4862 
831 4233 
832 4971 
833 4986 
834 3654 
835 4772 
836 4916 
837 4866 
838 4980 
839 4820 
840 4776 
841 4990 
842 4971 
843 4576 
844 4979 
845 4756 
846 4953 
847 4775 
848 4098 
849 4957 4925 
850 4993 
851 4052 4992 
852 4590 
853 4918 
854 4983 
855 4853 
856 4943 
857 4979 
858 4859 
859 4805 
860 4950 
861 4964 
862 4874 
863 4876 
864 4990 
865 4980 
866 4959 
867 4987 4744 
868 4255 
869 4805 
870 4846 
871 4995 
872 4519 
873 4979 
874 4253 
875 4914 
876 4989 4408 
877 4918 
878 4979 4590 
879 4638 
880 4936 
881 4775 
882 4825 
883 4916 
884 4866 
885 4778 
886 4756 
887 4808 4900 
888 4778 
889 4993 
890 4980 
891 4530 
892 4988 
893 4772 
894 4825 
895 4916 
896 4730 
897 4922 
898 4775 
899 4961 
900 4919 
901 4590 
902 4675 
903 4949 
904 4989 
905 5000 
906 4978 
907 4876 
908 4866 
909 4147 
910 4957 
911 4900 
912 4992 
913 4052 
914 4977 
915 4971 
916 4444 
917 4799 
918 4755 
919 4730 
920 4991 
921 4916 
922 4983 
923 4756 
924 4918 
925 4744 
926 4914 
927 4957 
928 4548 
929 4479 
930 4638 
931 4728 
932 4876 
933 4986 
934 4958 
935 4669 
936 4925 
937 4990 
938 4052 
939 4959 
940 4900 
941 4949 
942 4961 
943 4476 
944 4999 
945 3654 
946 2978 
947 4971 
948 4530 
949 4925 
950 4884 4948 
951 4988 
952 4921 
953 4820 
954 4846 
955 4989 
956 3638 
957 4999 
958 4776 
959 4983 4576 
960 4675 
961 4980 
962 4953 
963 4881 
964 4825 
965 4815 
966 4893 
967 4884 
968 4511 
969 4676 
970 4775 
971 4855 
972 5000 
973 4755 
974 4841 
975 4949 
976 4476 
977 3638 
978 4936 
979 4866 
980 4964 
981 4776 
982 4919 4776 
983 4776 
984 4954 
985 4792 
986 4954 
987 4953 
988 4821 
989 4953 
990 4730 
991 4893 
992 4756 4866 
993 4756 
994 4974 
995 4203 
996 4253 
997 4958 
998 4722 
999 4479 
1000 4945 
1001 4825 
1002 4953 
1003 4576 
1004 4203 
1005 4974 
1006 4800 
1007 4517 
1008 4989 
1009 4511 
1010 4790 
1011 4958 
1012 4548 
1013 4884 4772 
1014 4590 
1015 4984 
1016 4984 
1017 4876 
1018 4972 
1019 4722 
1020 4957 
1021 4971 
1022 4563 
1023 4900 
1024 4945 
1025 4991 
1026 4964 
1027 4918 
1028 4978 
1029 4995 
1030 4772 
1031 4744 
1032 4924 
1033 4590 
1034 4820 
1035 4959 
1036 4707 
1037 4936 
1038 4949 
1039 4755 
1040 4979 
1041 4900 4958 4775 
1042 4776 
1043 4979 
1044 4334 
1045 4874 
1046 4876 
1047 4989 
1048 4974 
1049 4881 
1050 4755 
1051 4547 
1052 4800 
1053 4971 
1054 4979 
1055 4530 
1056 4408 
1057 4936 
1058 4676 
1059 4435 
1060 4874 
1061 4576 
1062 4435 
1063 4435 
1064 4756 
1065 4995 
1066 4919 
1067 4825 
1068 4971 
1069 4996 
1070 4420 4548 
1071 5000 
1072 4826 
1073 4563 
1074 4876 
1075 4918 
1076 4755 
1077 4876 
1078 4954 
1079 4989 
1080 4900 
1081 4971 
1082 4676 
1083 4881 
1084 4862 
1085 4866 
1086 3654 
1087 4921 
1088 4992 
1089 4669 
1090 4821 
1091 4862 
1092 4862 
1093 4530 
1094 4948 
1095 4669 
1096 4958 
1097 3654 
1098 4776 
1099 4948 
1100 4964 
1101 4918 4954 
1102 4991 
1103 4977 
1104 4936 
1105 4953 
1106 4971 
1107 4959 
1108 4958 
1109 4950 
1110 4481 
1111 4853 
1112 4964 
1113 4974 
1114 4978 
1115 4826 
1116 4900 
1117 4953 
1118 4776 
1119 4517 
1120 4954 
1121 4778 
1122 4916 4476 
1123 4991 
1124 4722 4983 
1125 4958 
1126 4945 
1127 4936 
1128 4626 
1129 4728 
1130 4511 
1131 4739 
1132 4776 
1133 4918 
1134 4676 
1135 4983 
1136 4988 
1137 4958 
1138 4157 
1139 4859 
1140 4792 
1141 4876 4977 4924 
1142 4988 
1143 4957 
1144 4821 
1145 4420 
1146 4990 
1147 4945 
1148 4820 4984 
1149 4820 
1150 4525 
1151 4978 
1152 4936 
1153 4943 
1154 3638 
1155 4918 
1156 4996 
1157 4052 
1158 4954 
1159 4968 
1160 4991 
1161 4281 
1162 4992 
1163 4846 
1164 4962 
1165 4444 
1166 4826 
1167 4919 
1168 4921 
1169 4776 
1170 4884 
1171 4808 
1172 4962 
1173 4525 
1174 4962 
1175 4954 
1176 4972 
1177 4959 
1178 4900 
1179 4651 
1180 4866 
1181 4841 
1182 4874 
1183 4991 
1184 4519 
1185 5000 
1186 4919 
1187 4971 
1188 4962 
1189 4979 
1190 4730 
1191 4730 
1192 4971 
1193 4949 
1194 4984 
1195 4948 
1196 4755 
1197 4098 
1198 4884 
1199 4825 
1200 4992 
1201 4972 
1202 4755 
1203 4884 
1204 4525 
1205 4619 
1206 4881 
1207 4954 
1208 4730 
1209 4853 
1210 4619 
1211 4669 
1212 4859 
1213 4989 
1214 4918 
1215 4919 
1216 4052 
1217 3654 
1218 4203 
1219 4964 
1220 4052 
1221 4651 
1222 4968 
1223 4990 
1224 4991 
1225 4884 
1226 4820 
1227 4862 
1228 4776 
1229 4988 
1230 4862 
1231 4953 
1232 3638 
1233 4948 
1234 4991 
1235 4990 
1236 4961 
1237 4821 
1238 4921 
1239 4977 
1240 4884 4862 
1241 4894 
1242 4281 
1243 4481 
1244 4884 
1245 4990 
1246 4921 
1247 4884 
1248 4924 
1249 4776 
1250 4776 
1251 4853 
1252 4776 
1253 4799 4950 
1254 4859 
1255 4953 
1256 4954 
1257 4794 
1258 4954 
1259 4954 
1260 4722 
1261 4957 
1262 4983 
1263 4669 4989 
1264 4900 4707 
1265 4728 
1266 4953 
1267 4846 
1268 4778 
1269 4989 
1270 4900 
1271 4916 
1272 4945 
1273 4992 
1274 4676 
1275 4730 4775 
1276 4954 
1277 4983 4675 
1278 4990 
1279 4479 
1280 4974 
1281 4922 
1282 4730 
1283 4961 
1284 4203 
1285 4914 
1286 4971 
1287 4900 
1288 4949 
1289 4479 
1290 4825 
1291 4841 
1292 4669 4978 
1293 4936 
1294 4826 
1295 4315 
1296 4954 4971 
1297 4990 
1298 4479 
1299 4744 
1300 4755 
1301 4881 
1302 4825 
1303 4638 
1304 4958 
1305 2978 
1306 4919 
1307 4968 
1308 4986 
1309 4808 
1310 4728 
1311 4925 
1312 4841 
1313 4098 
1314 4936 
1315 4799 
1316 4808 
1317 4968 
1318 4979 
1319 4959 
1320 4992 
1321 4992 
1322 4925 
1323 4675 
1324 4894 
1325 4728 
1326 4958 
1327 4859 
1328 4881 
1329 4825 
1330 4233 
1331 4853 
1332 4979 
1333 4315 
1334 4961 
1335 4669 
1336 4949 
1337 4821 
1338 4853 
1339 4992 
1340 4884 
1341 4918 
1342 4954 
1343 4253 
1344 4977 
1345 4826 
1346 4841 
1347 4776 
1348 4925 
1349 4962 
1350 4961 
1351 4841 
1352 4315 
1353 4964 
1354 4995 
1355 4984 
1356 4990 
1357 4983 
1358 4971 
1359 4800 4821 
1360 4979 
1361 4619 
1362 4826 
1363 4989 
1364 4548 
1365 4676 
1366 4874 
1367 4815 
1368 4881 
1369 4853 
1370 4435 
1371 4821 
1372 4826 
1373 3523 
1374 4548 
1375 4916 
1376 4862 
1377 4826 
1378 4958 
1379 4972 
1380 4792 
1381 4420 
1382 4979 
1383 4826 
1384 4916 
1385 4800 
1386 4900 
1387 4925 
1388 4052 
1389 4825 
1390 4825 4978 
1391 4792 
1392 4924 
1393 4918 
1394 4675 
1395 4728 
1396 4992 
1397 4776 
1398 4979 
1399 3523 
1400 4157 
1401 4675 
1402 4826 
1403 4479 
1404 4525 
1405 4669 
1406 4987 
1407 4563 
1408 5000 
1409 4730 
1410 4987 
1411 4590 
1412 4794 
1413 4961 
1414 4916 
1415 4974 
1416 5000 
1417 4098 
1418 4948 
1419 4921 4775 
1420 4876 
1421 4983 
1422 4958 
1423 4707 
1424 4968 
1425 4826 
1426 4755 4841 4147 
1427 4925 
1428 4958 
1429 4866 
1430 4778 
1431 4841 
1432 4853 
1433 4953 
1434 4957 
1435 4983 
1436 4590 
1437 4993 
1438 4820 
1439 4744 4255 
1440 4808 
1441 4530 
1442 4820 
1443 4517 
1444 4996 
1445 4233 
1446 4979 
1447 4530 
1448 4974 
1449 4859 
1450 4638 
1451 4808 
1452 4881 
1453 4755 4638 
1454 4914 
1455 4984 
1456 4921 
1457 4893 
1458 4481 
1459 4961 
1460 4988 
1461 4921 
1462 4962 
1463 4962 
1464 4776 4999 
1465 4919 
1466 4989 5000 
1467 4971 
1468 4989 
1469 4815 4530 
1470 4808 
1471 4826 
1472 4808 
1473 4334 
1474 4954 
1475 3638 
1476 4790 
1477 4841 
1478 4978 
1479 4820 
1480 4958 
1481 4900 
1482 5000 
1483 4894 
1484 4925 
1485 4590 
1486 4855 4979 
1487 4826 
1488 4996 
1489 4948 
1490 4776 4989 
1491 4826 
1492 4924 
1493 4958 
1494 4530 
1495 4990 
1496 4590 
1497 4916 
1498 4961 
1499 4755 
1500 4950 
1501 4853 
1502 4530 
1503 4476 
1504 4530 
1505 4820 
1506 4548 
1507 4995 
1508 4999 
1509 5000 
1510 4983 
1511 4962 
1512 4855 
1513 4954 
1514 4986 
1515 4916 
1516 4876 
1517 4859 
1518 4874 
1519 4825 
1520 4989 
1521 4792 4755 
1522 4993 
1523 4988 
1524 4949 
1525 4707 
1526 4936 
1527 4576 
1528 4894 
1529 4435 
1530 4776 
1531 4730 
1532 4859 
1533 4862 4776 
1534 4651 
1535 4978 
1536 4962 
1537 4977 
1538 4756 
1539 4953 
1540 4990 
1541 4893 
1542 3638 
1543 4315 
1544 4147 
1545 4900 
1546 4525 
1547 4893 
1548 4098 
1549 4619 
1550 4884 
1551 4991 
1552 4479 
1553 4971 
1554 4859 
1555 4815 
1556 4619 
1557 4977 
1558 4918 
1559 4825 
1560 4979 
1561 4476 
1562 4962 
1563 4992 
1564 4959 
1565 4563 
1566 4862 
1567 4988 
1568 4730 
1569 4756 
1570 4756 
1571 4948 
1572 4881 
1573 4485 
1574 4996 
1575 4959 
1576 4881 
1577 4979 
1578 4767 
1579 4972 
1580 4530 
1581 4862 
1582 4862 
1583 4098 
1584 4894 
1585 4925 
1586 4962 
1587 4826 
1588 4916 
1589 4996 
1590 4876 
1591 4154 
1592 2978 
1593 4884 
1594 4530 
1595 4953 
1596 4233 
1597 4991 
1598 4988 
1599 4988 
1600 4961 
1601 4420 
1602 4990 
1603 4808 
1604 4980 
1605 4984 
1606 4925 
1607 4846 
1608 4790 
1609 4979 
1610 4776 
1611 4989 
1612 4651 
1613 4986 
1614 4999 
1615 4420 
1616 4435 
1617 4790 
1618 4986 
1619 4945 
1620 2978 
1621 4776 
1622 4334 
1623 4918 
1624 4954 4799 
1625 4978 
1626 4918 
1627 4626 4755 
1628 4517 
1629 4974 
1630 4651 
1631 4977 
1632 4511 
1633 4253 
1634 4989 4859 
1635 4792 
1636 4481 
1637 4825 
1638 4485 
1639 4866 
1640 4651 
1641 4826 
1642 4979 
1643 4958 
1644 4444 
1645 4916 
1646 4815 
1647 4977 
1648 4925 
1649 4722 
1650 4476 
1651 4996 
1652 4999 
1653 4962 
1654 4519 
1655 4790 
1656 4996 
1657 4971 
1658 4821 
1659 4792 4978 
1660 4953 
1661 4408 
1662 4980 
1663 4974 
1664 4986 
1665 4974 
1666 4977 
1667 4855 
1668 4253 
1669 4853 
1670 4988 
1671 4841 
1672 4739 4989 
1673 4949 
1674 4755 
1675 4900 
1676 4826 
1677 4916 
1678 4820 
1679 4974 
1680 4991 
1681 4918 
1682 4853 
1683 4988 
1684 4435 
1685 2978 
1686 4991 
1687 4547 
1688 4988 
1689 4638 
1690 4884 
1691 4511 
1692 4936 
1693 4988 
1694 4821 
1695 4707 
1696 4943 
1697 4626 4943 
1698 4993 
1699 4936 
1700 4988 
1701 4794 
1702 4989 
1703 4990 
1704 4435 
1705 4953 
1706 4893 
1707 4962 
1708 2978 
1709 4958 
1710 4794 
1711 4894 
1712 4990 
1713 4800 
1714 4479 
1715 4990 
1716 4900 
1717 4950 
1718 4943 
1719 4894 
1720 3638 
1721 4954 
1722 4919 
1723 4921 
1724 4991 
1725 4517 4958 
1726 4638 
1727 4925 
1728 4990 
1729 4900 
1730 4776 
1731 4859 
1732 4563 
1733 4792 
1734 4922 
1735 4957 
1736 4954 
1737 4950 
1738 4590 
1739 4945 
1740 4853 
1741 4233 
1742 4776 
1743 4995 
1744 4957 
1745 4945 
1746 4990 
1747 4825 
1748 4884 
1749 4862 
1750 4958 
1751 4859 
1752 4950 4479 
1753 4918 
1754 4989 
1755 4485 
1756 4517 
1757 4794 
1758 4862 
1759 4954 
1760 3654 
1761 4900 
1762 4767 
1763 4876 
1764 4876 
1765 4098 
1766 4859 
1767 4547 
1768 3654 
1769 4983 
1770 4792 4511 
1771 2978 
1772 3523 
1773 4978 
1774 4983 
1775 4525 
1776 4730 
1777 4954 
1778 4961 
1779 2978 
1780 4638 
1781 4821 
1782 4808 
1783 4962 
1784 4959 
1785 4841 
1786 4862 
1787 4862 
1788 4958 4815 
1789 4974 
1790 4949 
1791 4990 
1792 4203 
1793 4950 
1794 4576 
1795 5000 
1796 4772 
1797 4739 
1798 4925 
1799 4989 
1800 4989 
1801 4962 
1802 4855 
1803 4859 
1804 4841 
1805 4943 
1806 4792 
1807 4815 
1808 4948 
1809 4925 
1810 4855 
1811 4626 4950 
1812 4853 
1813 4925 
1814 4957 
1815 4949 
1816 4881 
1817 4988 
1818 4790 
1819 4957 
1820 4855 
1821 4638 
1822 4853 
1823 4993 
1824 4233 
1825 4511 
1826 4853 
1827 4826 
1828 4776 
1829 4481 
1830 4563 
1831 4991 
1832 4525 
1833 4964 
1834 4958 
1835 4157 
1836 4866 
1837 4530 
1838 4950 
1839 4707 
1840 4916 
1841 4957 
1842 4936 
1843 4987 
1844 3523 4948 
1845 4992 
1846 4820 
1847 4990 
1848 4921 
1849 4826 
1850 4990 
1851 4978 
1852 4993 
1853 4479 
1854 4893 
1855 4826 
1856 4825 
1857 4980 
1858 4984 
1859 4826 
1860 4826 
1861 4925 
1862 4826 4995 
1863 4778 
1864 4884 4964 
1865 4999 
1866 4900 
1867 4993 
1868 4722 
1869 4987 
1870 4924 
1871 4530 
1872 4953 
1873 4964 
1874 4626 
1875 4918 4676 
1876 4991 
1877 4971 
1878 4825 
1879 4962 
1880 4919 
1881 4949 
1882 4876 4919 
1883 4979 
1884 4790 
1885 4958 
1886 4991 
1887 4954 
1888 4435 
1889 4530 
1890 4790 
1891 4948 
1892 4983 
1893 4995 
1894 4990 
1895 4983 
1896 4853 
1897 4893 
1898 4919 
1899 4990 
1900 4481 
1901 4799 
1902 4984 
1903 4825 
1904 4808 
1905 4978 
1906 4855 
1907 4978 
1908 4983 
1909 4950 
1910 4984 
1911 4990 
1912 4799 
1913 4991 
1914 4775 
1915 4157 
1916 4805 
1917 4548 
1918 4884 
1919 4949 
1920 4147 4626 
1921 4728 
1922 4983 
1923 4936 
1924 4862 
1925 4919 
1926 4893 
1927 4815 
1928 4993 
1929 4547 
1930 4984 
1931 4876 
1932 4253 
1933 4962 4775 
1934 4977 
1935 4739 
1936 4919 
1937 4739 
1938 4820 
1939 4755 
1940 4874 
1941 4945 
1942 4855 
1943 4203 
1944 4154 
1945 4991 
1946 4953 
1947 4968 
1948 4772 
1949 4921 
1950 4730 
1951 4986 
1952 4925 
1953 4943 
1954 4954 
1955 4820 
1956 4855 
1957 4756 
1958 4862 
1959 4936 
1960 4435 
1961 4825 
1962 4669 
1963 4547 
1964 4790 
1965 4730 
1966 4728 
1967 4820 
1968 4990 
1969 4744 
1970 4651 
1971 4925 
1972 4476 
1973 4820 
1974 4954 
1975 4948 
1976 4884 
1977 4862 
1978 4820 
1979 4914 
1980 4590 4924 
1981 4853 
1982 4987 
1983 4767 
1984 4792 
1985 4921 
1986 4916 
1987 4972 
1988 4936 
1989 4756 4949 
1990 4978 
1991 4950 
1992 4991 
1993 4893 
1994 3654 
1995 4988 
1996 4408 
1997 4988 
1998 3654 
1999 4853 
2000 4866 4914 
2001 4989 
2002 4805 
2003 4983 
2004 4651 
2005 4815 
2006 4730 
2007 4334 4525 
2008 4563 4841 
2009 4638 
2010 4924 
2011 4995 
2012 4253 
2013 4922 
2014 4893 
2015 4971 
2016 4825 
2017 4987 
2018 4874 
2019 4922 
2020 4792 
2021 4744 4756 
2022 4992 
2023 4859 
2024 4590 
2025 4972 4989 
2026 3638 
2027 4255 
2028 4619 
2029 4900 
2030 4914 
2031 4651 
2032 4948 
2033 4990 
2034 4590 
2035 4530 
2036 4730 
2037 4916 
2038 4519 
2039 4995 
2040 4949 
2041 4517 
2042 4675 
2043 4408 
2044 4479 4922 
2045 4979 
2046 4638 
2047 4881 
2048 4990 
2049 4894 
2050 4479 
2051 4924 
2052 4800 
2053 4707 
2054 4669 
2055 4876 
2056 4990 
2057 4233 
2058 4949 
2059 4255 
2060 4988 
2061 4968 
2062 4958 
2063 4953 
2064 4958 
2065 4991 
2066 4590 
2067 4756 
2068 4548 
2069 4563 
2070 4977 
2071 4996 
2072 4815 
2073 4987 
2074 4974 
2075 4948 
2076 4563 
2077 4919 
2078 4916 
2079 4820 
2080 4950 
2081 4530 
2082 4977 
2083 4825 
2084 4978 
2085 4990 
2086 4919 
2087 4821 
2088 4800 
2089 4776 
2090 4881 
2091 4808 
2092 4974 
2093 4993 
2094 4950 
2095 4826 
2096 4820 
2097 4914 
2098 4991 
2099 3523 
2100 4775 
2101 4918 
2102 4893 
2103 4859 
2104 4841 
2105 4755 
2106 4978 
2107 4476 
2108 4988 4999 
2109 4990 
2110 4859 
2111 4922 
2112 4884 
2113 4334 
2114 4989 
2115 4334 
2116 4619 
2117 4772 
2118 4950 
2119 4876 
2120 4517 
2121 4978 
2122 4772 
2123 4825 
2124 4792 
2125 4876 
2126 4992 
2127 4957 
2128 4408 
2129 4925 
2130 4576 
2131 4530 
2132 4676 
2133 4435 
2134 4948 
2135 4820 
2136 4957 
2137 4989 
2138 4841 
2139 4961 
2140 4957 
2141 4820 
2142 4936 4918 4855 
2143 4619 
2144 4974 
2145 4977 
2146 4728 
2147 4989 
2148 4995 
2149 4157 
2150 4972 4147 
2151 4989 
2152 5000 
2153 4971 
2154 4968 
2155 4479 
2156 4922 
2157 4800 
2158 4485 
2159 4925 
2160 4619 
2161 4775 
2162 4983 
2163 4949 
2164 4707 
2165 4894 
2166 4989 4986 
2167 4767 
2168 4408 
2169 4548 
2170 4916 
2171 4950 
2172 4921 
2173 4563 
2174 4916 
2175 4675 
2176 3523 
2177 4794 
2178 4794 
2179 4790 
2180 4792 
2181 4922 
2182 4948 
2183 4977 
2184 4767 
2185 4547 
2186 4996 
2187 4961 
2188 4792 4925 
2189 4841 
2190 4808 
2191 4974 
2192 4519 
2193 4971 
2194 4974 
2195 4722 
2196 4676 4590 
2197 4988 
2198 4983 
2199 4855 
2200 4626 
2201 4792 
2202 4744 
2203 4993 
2204 4820 
2205 4776 
2206 4900 4563 
2207 4968 
2208 4707 
2209 4676 
2210 4772 
2211 4894 
2212 4977 
2213 4978 
2214 4707 
2215 4203 4651 
2216 4315 
2217 4988 
2218 4776 
2219 4826 
2220 4853 
2221 4805 
2222 4999 
2223 4825 
2224 4988 
2225 4953 
2226 4995 
2227 4958 
2228 4052 
2229 4991 
2230 4334 
2231 4916 
2232 4728 
2233 4921 
2234 4862 
2235 4792 
2236 4914 
2237 4961 
2238 4728 
2239 4855 
2240 4481 
2241 4853 
2242 4996 
2243 4794 
2244 4519 
2245 4922 
2246 4989 
2247 4990 
2248 4517 
2249 4772 
2250 4984 
2251 4996 
2252 4977 4989 4986 
2253 4547 
2254 4922 
2255 4954 4707 
2256 4776 
2257 4984 
2258 4884 
2259 4980 
2260 4918 
2261 4619 
2262 4651 
2263 4925 
2264 4900 
2265 4953 
2266 4485 
2267 4826 
2268 4950 4925 
2269 4914 
2270 4943 
2271 4925 
2272 4874 
2273 4767 
2274 4098 
2275 4778 
2276 4730 
2277 4799 
2278 4893 
2279 4986 
2280 4825 
2281 4884 
2282 4859 
2283 4485 
2284 4794 
2285 4530 
2286 4826 
2287 4988 
2288 4987 
2289 4918 
2290 4992 
2291 4511 
2292 4953 
2293 4961 
2294 4995 
2295 4776 
2296 4792 
2297 4919 4991 
2298 4098 
2299 4435 
2300 4815 
2301 4479 4993 
2302 4739 
2303 4799 
2304 4052 
2305 4756 
2306 4995 4924 
2307 4993 
2308 4893 
2309 4203 
2310 4841 
2311 5000 
2312 4517 
2313 4990 
2314 4921 
2315 4530 
2316 4511 
2317 4972 
2318 4918 
2319 4999 
2320 4476 
2321 4855 
2322 4919 
2323 4826 
2324 4984 
2325 4957 
2326 4778 
2327 4971 
2328 4980 4098 
2329 4957 
2330 4984 
2331 4954 
2332 4772 
2333 3654 
2334 4853 
2335 4826 
2336 4530 
2337 4919 4949 
2338 4983 
2339 4995 
2340 4825 
2341 4957 
2342 4755 
2343 4914 
2344 4548 
2345 4989 
2346 4988 
2347 4755 
2348 4925 
2349 4921 
2350 4805 
2351 4767 
2352 4989 
2353 4874 
2354 4590 
2355 4876 
2356 4730 4990 
2357 4919 
2358 4638 
2359 4925 
2360 4841 
2361 4968 
2362 4792 
2363 4800 
2364 4525 
2365 4995 
2366 4958 
2367 4853 
2368 4978 
2369 4962 
2370 4977 
2371 4991 
2372 4972 4853 
2373 4820 
2374 4925 
2375 4511 
2376 4989 
2377 3523 4943 4876 
2378 4919 
2379 4958 
2380 4919 
2381 4676 
2382 4950 
2383 4815 
2384 4957 
2385 4253 
2386 4859 
2387 4808 4874 
2388 4315 
2389 4805 
2390 4825 
2391 4805 
2392 4479 
2393 4476 
2394 4876 
2395 4874 4996 
2396 4859 
2397 4918 
2398 4922 
2399 4792 4859 
2400 4334 
2401 4954 
2402 4203 
2403 4203 
2404 4790 
2405 4547 
2406 4855 
2407 4792 
2408 4922 
2409 4530 4948 
2410 4756 5000 
2411 4479 
2412 4918 
2413 4485 4744 
2414 4948 
2415 4638 
2416 4971 
2417 4756 
2418 4815 
2419 4950 
2420 4098 
2421 4961 
2422 4530 
2423 4408 
2424 4799 
2425 4792 
2426 4943 
2427 4563 
2428 4953 
2429 4825 4800 
2430 4924 
2431 4961 
2432 4893 
2433 4983 4918 
2434 4984 
2435 4918 
2436 4444 
2437 4948 
2438 4999 
2439 4958 
2440 4799 4974 
2441 4776 
2442 4958 
2443 4476 
2444 4988 
2445 4954 
2446 4808 
2447 4862 4859 
2448 4821 
2449 4233 
2450 4954 
2451 4855 
2452 4979 
2453 4841 
2454 4945 
2455 4979 
2456 4756 
2457 4918 
2458 4990 
2459 4919 
2460 4959 
2461 4921 
2462 4853 
2463 4972 
2464 4778 
2465 4098 
2466 4954 
2467 4986 
2468 4950 
2469 4776 
2470 4881 
2471 4590 4730 
2472 4978 
2473 4990 
2474 4669 
2475 4958 
2476 4563 
2477 4996 
2478 4925 
2479 4315 
2480 4315 
2481 4744 
2482 4986 
2483 4959 
2484 4916 
2485 4924 
2486 4983 
2487 4855 
2488 4972 
2489 4995 
2490 4893 
2491 4962 
2492 4548 
2493 4154 
2494 4990 
2495 4525 
2496 4157 
2497 4859 
2498 4756 
2499 4444 
2500 4914 
2501 4476 
2502 4993 
2503 4900 4792 
2504 4989 
2505 4958 
2506 4881 
2507 4894 
2508 4203 
2509 4874 
2510 4794 
2511 4977 
2512 4767 
2513 4517 
2514 4980 
2515 4815 
2516 4936 
2517 4919 4563 
2518 4918 
2519 4792 4815 
2520 4954 
2521 4420 
2522 4744 
2523 4775 
2524 4790 
2525 4949 
2526 4626 
2527 4855 4964 4980 
2528 4921 
2529 4408 
2530 4530 4792 4972 
2531 4984 
2532 4820 
2533 4619 
2534 4876 
2535 4993 
2536 4972 
2537 4984 
2538 4983 4954 4925 
2539 4959 
2540 4991 
2541 4987 
2542 4943 
2543 4855 
2544 4826 
2545 4799 
2546 4530 
2547 4979 
2548 4755 4894 4893 
2549 4900 
2550 4772 
2551 4959 4978 4800 
2552 4776 
2553 4778 
2554 3523 
2555 4775 
2556 4991 
2557 4730 
2558 4953 
2559 4792 
2560 4978 4420 4925 
2561 4988 
2562 4233 
2563 4989 
2564 4983 
2565 4825 
2566 4805 
2567 4790 
2568 4993 
2569 4707 
2570 4900 
2571 5000 
2572 4676 
2573 4950 
2574 4157 
2575 4924 
2576 4988 
2577 4728 
2578 4790 
2579 4924 
2580 4968 
2581 3523 
2582 4983 
2583 5000 
2584 4950 
2585 4728 
2586 4987 
2587 4921 
2588 4511 
2589 4943 
2590 4619 
2591 4972 
2592 4961 
2593 4954 
2594 4815 
2595 4846 
2596 4799 
2597 4792 
2598 4993 
2599 4530 
2600 4767 
2601 4805 
2602 4576 
2603 4894 
2604 4420 
2605 4792 
2606 4971 
2607 4853 
2608 4826 
2609 4563 
2610 4859 
2611 4921 4826 4988 
2612 4776 
2613 4862 
2614 4730 
2615 4853 
2616 4971 
2617 4730 
2618 4859 
2619 4999 
2620 4954 
2621 4874 
2622 4052 4999 
2623 4987 
2624 4972 
2625 4943 
2626 4825 
2627 4916 
2628 4974 
2629 4893 
2630 4651 
2631 4979 
2632 4893 
2633 4821 
2634 4948 
2635 4977 4922 
2636 4961 4669 4949 
2637 4479 
2638 5000 4961 
2639 4866 
2640 4914 
2641 4825 
2642 4945 
2643 4626 
2644 4800 
2645 4530 
2646 4900 
2647 4825 
2648 4775 
2649 4859 
2650 4972 
2651 4730 
2652 4756 
2653 4925 
2654 4707 
2655 4530 
2656 4991 
2657 4675 
2658 4995 
2659 4983 
2660 4957 
2661 4996 
2662 4954 
2663 4792 
2664 4922 
2665 4984 
2666 4805 
2667 4949 
2668 4730 
2669 4517 
2670 4775 
2671 4815 
2672 4511 
2673 4826 
2674 2978 
2675 4988 
2676 4900 
2677 4916 
2678 4530 
2679 4756 
2680 4744 
2681 4918 
2682 4989 
2683 4953 
2684 4548 
2685 4334 
2686 4792 
2687 4959 
2688 4744 
2689 4548 
2690 4991 
2691 4988 
2692 4989 
2693 4776 
2694 4519 
2695 4916 
2696 3638 
2697 4971 
2698 4990 
2699 4859 
2700 4805 4481 
2701 4893 
2702 4799 
2703 4984 
2704 4675 
2705 4576 
2706 4962 
2707 4203 
2708 4479 
2709 4815 
2710 4792 
2711 4989 
2712 4936 
2713 4977 
2714 4968 
2715 4968 
2716 4563 
2717 4820 
2718 4853 
2719 4776 
2720 4799 
2721 4772 
2722 4800 
2723 4893 
2724 4916 
2725 4792 4776 
2726 4619 
2727 4739 
2728 4563 4987 
2729 4874 
2730 4281 
2731 4977 
2732 4862 
2733 4979 
2734 4972 
2735 4921 
2736 3523 
2737 4986 
2738 4957 
2739 4563 4866 4953 
2740 4954 
2741 4950 
2742 4859 
2743 4820 
2744 4253 
2745 4961 
2746 5000 
2747 4948 
2748 4825 4794 4984 
2749 4953 
2750 4977 
2751 4846 
2752 4918 
2753 4974 
2754 4918 
2755 4943 
2756 4894 
2757 4990 
2758 4619 
2759 4756 
2760 4669 
2761 4959 4792 
2762 4936 
2763 4776 
2764 4954 
2765 4755 
2766 4722 
2767 4739 
2768 4996 
2769 4815 
2770 4853 
2771 4255 
2772 4974 
2773 4893 
2774 4792 4881 4987 
2775 4925 
2776 4853 
2777 4548 4990 4590 
2778 4790 4739 
2779 4922 
2780 4916 
2781 4977 
2782 4203 4511 5000 
2783 4924 
2784 4855 
2785 4669 
2786 4959 
2787 4859 
2788 4799 
2789 4853 
2790 4707 
2791 4962 
2792 4876 
2793 4988 
2794 4792 
2795 4825 
2796 4855 
2797 4972 
2798 4999 
2799 4826 
2800 4547 
2801 4900 
2802 4530 
2803 4826 
2804 4999 
2805 4841 
2806 4722 
2807 4825 
2808 4315 
2809 4444 
2810 4957 
2811 4874 4936 
2812 4989 
2813 4820 4576 4925 
2814 4958 
2815 4255 
2816 4825 
2817 4948 
2818 4778 
2819 4958 
2820 4884 4922 4900 
2821 4253 
2822 3523 
2823 4530 
2824 4950 
2825 4921 
2826 3523 4918 4988 
2827 4281 
2828 4792 
2829 4988 
2830 4792 
2831 4476 4971 
2832 4936 
2833 4800 
2834 4983 
2835 4821 
2836 4962 
2837 5000 
2838 4983 
2839 4988 
2840 4859 
2841 4980 
2842 4971 
2843 4988 4993 
2844 4919 
2845 4986 
2846 4979 4675 4977 
2847 4792 
2848 4971 
2849 4971 
2850 4859 
2851 4821 
2852 4979 
2853 4916 
2854 4669 
2855 4334 
2856 4728 
2857 3654 
2858 4444 
2859 4894 
2860 4971 
2861 4755 
2862 4775 
2863 4950 
2864 4974 
2865 4925 4805 4993 
2866 4444 
2867 4485 
2868 4977 
2869 4936 
2870 4876 
2871 4918 
2872 4794 
2873 4921 
2874 4978 
2875 4988 4792 4989 
2876 4825 
2877 4820 
2878 4893 
2879 4826 
2880 4790 
2881 4730 
2882 4853 
2883 4876 4815 4958 
2884 4859 
2885 4778 4919 
2886 4986 
2887 4943 
2888 4820 
2889 4988 
2890 4979 
2891 4420 
2892 4957 
2893 4972 
2894 4859 
2895 4052 
2896 4707 
2897 4866 
2898 4958 
2899 4676 4820 
2900 4971 
2901 4775 
2902 4990 
2903 2978 
2904 4548 4767 
2905 4722 
2906 4988 
2907 4792 
2908 4792 
2909 4918 
2910 4281 
2911 4958 
2912 4253 
2913 4958 
2914 4619 
2915 4962 4530 4991 
2916 4921 
2917 4954 4826 4776 
2918 4444 
2919 4730 
2920 4826 
2921 4676 
2922 4800 
2923 4948 
2924 4992 
2925 4675 
2926 4408 
2927 3523 
2928 4525 
2929 4968 
2930 4992 
2931 4962 
2932 4959 
2933 4203 4943 
2934 4821 4730 
2935 4900 
2936 4972 
2937 4986 
2938 4957 
2939 4950 
2940 4995 
2941 4916 
2942 4841 4233 4792 
2943 4980 
2944 4972 
2945 4859 
2946 4978 
2947 4859 
2948 4790 4800 
2949 4676 4778 
2950 4739 
2951 4953 
2952 4563 
2953 4792 
2954 4962 
2955 4792 
2956 4988 
2957 4954 
2958 4914 
2959 4876 
2960 4918 
2961 4987 
2962 4826 4962 
2963 4576 
2964 4894 
2965 4950 4990 4953 
2966 4669 
2967 4996 
2968 4794 
2969 4098 
2970 4900 
2971 4962 
2972 4772 
2973 4576 
2974 4988 
2975 4281 
2976 4894 
2977 4755 
2978 2978 
2979 4157 
2980 4859 
2981 4884 
2982 4884 4919 
2983 4821 
2984 4986 
2985 4821 
2986 4778 
2987 4884 
2988 4792 
2989 4157 
2990 4820 
2991 4790 
2992 4255 
2993 4775 
2994 4800 
2995 4530 4799 4874 
2996 4626 
2997 2978 
2998 4914 
2999 4918 4992 
3000 4846 
3001 4808 
3002 4859 
3003 4792 
3004 4972 
3005 4444 
3006 4936 
3007 3523 
3008 4884 
3009 4974 
3010 4978 
3011 4530 
3012 4576 
3013 4866 
3014 4853 
3015 4984 
3016 4669 
3017 4772 
3018 4961 
3019 4253 
3020 4722 
3021 4792 
3022 4954 
3023 4978 
3024 4925 
3025 4675 
3026 4980 
3027 4971 
3028 4984 
3029 4548 
3030 4893 
3031 4548 
3032 4825 
3033 4728 
3034 4884 
3035 4962 
3036 4918 
3037 4874 
3038 3654 
3039 4479 4841 
3040 4808 
3041 4794 
3042 4435 4961 
3043 4157 
3044 4547 
3045 4983 
3046 4974 
3047 4444 
3048 4962 
3049 4862 
3050 4233 
3051 4977 
3052 4563 
3053 4977 
3054 4919 
3055 4948 4925 4821 
3056 4950 
3057 4638 
3058 4936 
3059 4853 
3060 4547 
3061 4979 
3062 4590 
3063 4983 
3064 3523 
3065 4918 
3066 4530 
3067 4914 
3068 4964 
3069 4676 
3070 4739 4485 
3071 4862 
3072 4959 
3073 4722 
3074 4958 
3075 4626 4954 
3076 4992 
3077 4792 
3078 4859 
3079 4408 
3080 4974 
3081 4862 
3082 4959 
3083 4918 
3084 4408 
3085 4776 
3086 4730 
3087 4968 
3088 4841 
3089 4936 
3090 4958 
3091 4675 
3092 4972 
3093 4992 
3094 4800 
3095 4990 
3096 4778 
3097 5000 
3098 4881 
3099 4859 4281 
3100 4972 
3101 4962 
3102 4983 
3103 4800 
3104 4953 
3105 4792 
3106 4233 
3107 4945 
3108 4772 
3109 4900 
3110 4794 
3111 4479 
3112 4984 
3113 4983 
3114 4876 
3115 4964 
3116 2978 
3117 4977 
3118 4638 
3119 4957 
3120 4925 
3121 4805 
3122 4957 4669 
3123 4859 
3124 4957 4826 
3125 4794 
3126 4948 
3127 4977 
3128 4953 4820 4792 
3129 4921 
3130 4921 
3131 3638 
3132 4996 
3133 4992 
3134 4972 
3135 4792 
3136 4876 
3137 4984 
3138 4984 
3139 5000 
3140 4772 
3141 4147 
3142 4996 
3143 4651 
3144 4530 4958 4996 
3145 4846 
3146 4957 
3147 4974 
3148 4805 
3149 4971 
3150 4157 
3151 4846 
3152 4826 
3153 4954 
3154 4255 
3155 4485 
3156 4954 
3157 4626 
3158 4925 
3159 4776 
3160 4408 
3161 4853 
3162 4800 
3163 4984 
3164 4964 
3165 4959 
3166 4995 
3167 2978 
3168 5000 
3169 4987 
3170 4919 
3171 4790 
3172 4954 
3173 4855 
3174 4866 
3175 3523 
3176 4530 
3177 4767 
3178 4999 
3179 4980 
3180 4921 
3181 4884 
3182 4962 
3183 4800 
3184 4979 
3185 4722 
3186 4919 
3187 4481 
3188 4805 
3189 4805 
3190 4979 
3191 4800 
3192 4739 
3193 4893 
3194 4799 4971 
3195 4511 
3196 4987 
3197 4790 4859 
3198 4984 
3199 4408 
3200 4853 
3201 4977 
3202 4563 
3203 4576 
3204 4884 
3205 4052 
3206 4958 
3207 4730 4972 
3208 4876 
3209 4900 
3210 4776 
3211 4638 
3212 4707 
3213 4669 
3214 4874 
3215 4281 
3216 4884 
3217 4992 
3218 4853 
3219 4918 
3220 4841 
3221 4098 
3222 4756 
3223 4707 
3224 4098 4979 4744 
3225 4874 
3226 4435 
3227 4954 
3228 4916 
3229 4874 
3230 4989 
3231 4846 
3232 4859 
3233 4972 4954 
3234 3523 
3235 4730 
3236 4846 4971 
3237 4792 
3238 4918 
3239 4990 
3240 4979 
3241 4619 
3242 4961 
3243 4980 
3244 4790 
3245 4962 
3246 4820 
3247 4989 
3248 4925 4972 4722 
3249 4519 
3250 4954 4755 4957 
3251 4972 
3252 4881 
3253 4948 
3254 4979 
3255 4916 
3256 4881 
3257 4962 
3258 4958 
3259 4722 
3260 4255 
3261 4476 
3262 4925 4989 
3263 4921 
3264 4954 
3265 4776 
3266 4953 
3267 4974 
3268 4925 
3269 4884 
3270 4815 
3271 4730 
3272 4980 
3273 4805 
3274 4876 
3275 4959 
3276 4945 
3277 4511 
3278 4900 
3279 4950 
3280 4147 
3281 4964 
3282 4676 
3283 4846 4980 
3284 4800 
3285 4958 
3286 4987 
3287 4255 
3288 4826 
3289 4972 
3290 4805 
3291 4820 4722 4948 
3292 4651 
3293 4154 
3294 4989 
3295 4525 
3296 4894 
3297 4979 
3298 4233 
3299 4894 
3300 4925 
3301 4943 
3302 4893 
3303 4884 
3304 4983 
3305 4974 
3306 4815 
3307 4979 
3308 4988 4924 
3309 4767 
3310 4853 4983 
3311 4948 
3312 4992 
3313 4986 
3314 4874 
3315 4755 
3316 4990 
3317 4995 
3318 4876 
3319 4444 
3320 4485 
3321 4958 
3322 4707 
3323 4961 
3324 3638 
3325 4315 
3326 4767 
3327 4826 
3328 4936 
3329 4977 
3330 4900 
3331 4916 4855 4755 
3332 4900 
3333 4281 
3334 4922 
3335 4651 
3336 4476 
3337 4884 
3338 4925 
3339 4255 
3340 4881 
3341 4925 
3342 4962 
3343 4894 
3344 4826 
3345 4800 
3346 4881 
3347 4728 
3348 4154 
3349 4707 4974 4722 
3350 4859 
3351 4154 
3352 4722 
3353 4255 
3354 4825 4820 4805 
3355 4987 
3356 4776 4918 4968 
3357 4815 4147 
3358 4936 
3359 4984 
3360 4203 
3361 4525 
3362 4953 
3363 4420 
3364 4874 
3365 4996 
3366 4977 
3367 4983 
3368 4999 
3369 4859 
3370 4954 
3371 4995 
3372 4841 
3373 4991 
3374 4776 
3375 4821 
3376 4962 
3377 4974 
3378 4996 
3379 4972 
3380 4790 
3381 4792 
3382 4675 
3383 4794 
3384 4825 
3385 4999 
3386 4893 
3387 4968 
3388 4916 
3389 4792 
3390 4530 
3391 4808 
3392 4772 
3393 4638 4987 
3394 4730 4989 
3395 4974 
3396 4972 
3397 4815 
3398 4962 
3399 4147 
3400 4800 
3401 4988 
3402 4974 4826 
3403 4767 
3404 4826 
3405 4876 
3406 4707 
3407 4972 
3408 4974 4444 
3409 4233 
3410 4995 
3411 4408 
3412 4590 
3413 4921 
3414 4821 
3415 4154 
3416 4987 
3417 4919 
3418 4826 
3419 4790 
3420 4959 4900 4971 
3421 4874 
3422 4950 
3423 4961 
3424 4992 
3425 4651 
3426 4921 
3427 4983 
3428 4576 
3429 4530 
3430 4919 
3431 4826 
3432 5000 
3433 4916 
3434 4919 
3435 4993 
3436 4792 
3437 4954 
3438 4977 
3439 4825 
3440 4945 
3441 4900 
3442 4999 
3443 4972 
3444 4959 
3445 4481 
3446 4945 
3447 4977 
3448 3654 
3449 4775 
3450 4722 
3451 4968 
3452 4943 
3453 4980 
3454 4530 
3455 4978 4924 4974 
3456 4675 
3457 4972 
3458 4954 
3459 4481 
3460 4154 
3461 4971 4826 4962 
3462 4914 
3463 4983 
3464 4991 
3465 4444 
3466 4959 
3467 4792 
3468 4959 
3469 4315 
3470 4772 4961 
3471 4876 
3472 4921 
3473 4959 
3474 4971 
3475 4968 
3476 4052 
3477 4859 
3478 4841 
3479 4744 
3480 4986 
3481 4953 
3482 4919 
3483 4925 
3484 4756 
3485 4821 
3486 4989 
3487 4525 
3488 4826 
3489 4945 
3490 4772 
3491 4978 
3492 4924 
3493 4943 
3494 4651 4919 4936 
3495 4959 4999 
3496 4925 
3497 4855 
3498 4979 
3499 4203 
3500 4334 
3501 4957 
3502 4866 
3503 4876 
3504 4979 
3505 4922 
3506 4916 
3507 4576 
3508 4548 
3509 4954 3523 4977 
3510 4511 
3511 4943 4881 4948 
3512 4800 
3513 4988 
3514 4862 
3515 4992 
3516 4978 
3517 4990 
3518 4996 
3519 4669 
3520 4855 
3521 4990 
3522 4707 
3523 3523 
3524 4962 
3525 4983 
3526 4983 
3527 4776 
3528 4792 
3529 4755 
3530 4281 
3531 4808 
3532 4984 
3533 4979 
3534 4957 
3535 4977 
3536 4052 
3537 4755 4874 4820 
3538 4983 
3539 4853 
3540 4990 
3541 4722 
3542 4980 
3543 4874 
3544 4950 4530 4619 
3545 4157 4916 
3546 4884 
3547 4992 
3548 4990 
3549 4989 
3550 4954 
3551 4841 
3552 4799 
3553 4916 
3554 4821 
3555 4820 
3556 4936 4799 4825 
3557 4799 
3558 4728 
3559 4255 
3560 4669 
3561 4918 
3562 4792 
3563 4924 
3564 4974 
3565 4925 
3566 4921 
3567 4772 
3568 4979 
3569 4990 4916 4519 
3570 4744 
3571 4983 
3572 4992 
3573 4990 
3574 4936 
3575 4147 
3576 4953 
3577 4675 
3578 4972 
3579 4980 
3580 4986 
3581 5000 
3582 4983 4954 4876 
3583 4979 
3584 4730 
3585 4476 4995 
3586 4517 
3587 4730 
3588 4980 
3589 4993 
3590 4995 
3591 4950 
3592 4959 
3593 4874 
3594 4990 
3595 4778 
3596 4995 
3597 4825 
3598 4794 
3599 4853 
3600 4957 
3601 4315 
3602 4950 
3603 4825 
3604 4957 
3605 5000 
3606 4826 
3607 4841 
3608 4775 
3609 4820 
3610 4772 
3611 4799 
3612 4619 4986 
3613 4936 
3614 4862 
3615 5000 
3616 4936 
3617 4576 
3618 4792 
3619 4476 
3620 4619 
3621 4675 
3622 4948 
3623 4950 
3624 4862 
3625 4949 
3626 4984 
3627 4098 
3628 4999 
3629 4862 
3630 4253 
3631 4808 
3632 4925 
3633 2978 
3634 4479 4820 
3635 4979 
3636 4790 
3637 4972 4957 4874 
3638 3638 
3639 4936 
3640 4859 4988 
3641 4918 
3642 4990 
3643 4435 
3644 4669 
3645 4334 4157 4983 
3646 4435 4772 
3647 4978 
3648 4255 
3649 4707 
3650 4855 
3651 4954 
3652 4739 
3653 4881 
3654 3654 
3655 4983 
3656 4900 4315 
3657 4990 
3658 4988 4862 4980 
3659 4962 
3660 5000 
3661 4984 
3662 3638 
3663 4950 
3664 4961 
3665 4876 
3666 4957 
3667 4841 
3668 4825 
3669 4676 4936 4794 
3670 4954 
3671 4730 
3672 4154 
3673 4772 
3674 4825 
3675 4730 
3676 4972 
3677 4990 4481 4986 
3678 4481 
3679 4950 
3680 4925 
3681 4772 
3682 4790 
3683 4098 
3684 4978 
3685 4922 
3686 4874 
3687 4950 
3688 4968 4862 
3689 4874 
3690 5000 
3691 4983 
3692 4826 
3693 4815 
3694 4958 
3695 4876 
3696 4893 
3697 4626 
3698 4972 
3699 4943 4919 4739 
3700 4233 
3701 4444 
3702 4989 
3703 4921 
3704 4950 
3705 4790 
3706 4983 
3707 4962 
3708 4919 
3709 4953 
3710 4979 
3711 4996 
3712 4825 
3713 4792 
3714 4954 
3715 4444 
3716 4792 
3717 4821 
3718 4954 
3719 4481 
3720 4989 
3721 4924 
3722 4707 
3723 4979 
3724 4977 
3725 4530 
3726 4154 
3727 4950 
3728 4707 4315 4995 
3729 4968 
3730 4961 
3731 4954 
3732 4744 
3733 4052 
3734 4052 
3735 4986 
3736 4853 
3737 4991 
3738 4669 4983 
3739 4989 
3740 4979 
3741 4776 
3742 4958 
3743 4820 
3744 4808 
3745 4971 
3746 4962 
3747 4547 4978 
3748 4203 
3749 4519 4949 4987 
3750 4996 
3751 4984 
3752 4990 
3753 3638 
3754 4157 
3755 4755 
3756 4846 
3757 4957 
3758 4921 
3759 4914 
3760 4916 
3761 4962 
3762 4876 
3763 4918 
3764 4825 
3765 4925 
3766 4675 
3767 4792 
3768 4972 
3769 4821 4999 
3770 2978 
3771 4987 
3772 4924 
3773 4972 
3774 4921 
3775 4853 
3776 4154 4722 4728 
3777 4957 
3778 4993 
3779 4948 
3780 4978 
3781 4866 
3782 4821 
3783 4961 
3784 4821 
3785 4707 
3786 4914 
3787 4805 
3788 4954 
3789 4924 
3790 4979 
3791 4918 
3792 4992 
3793 4925 
3794 4972 4936 4821 
3795 4943 4971 5000 
3796 4916 
3797 4990 
3798 4916 
3799 4435 
3800 4894 
3801 4420 
3802 4739 
3803 4957 
3804 4767 
3805 4790 
3806 4530 
3807 4921 
3808 4876 4775 4945 
3809 4730 
3810 4722 4675 
3811 4980 
3812 4989 
3813 4989 
3814 4900 
3815 4996 
3816 4530 
3817 4730 
3818 4651 
3819 4950 
3820 4776 
3821 4881 
3822 4826 
3823 4619 
3824 4728 
3825 4925 
3826 4651 
3827 4964 3638 
3828 4651 4799 
3829 4756 
3830 4962 
3831 4925 
3832 4255 
3833 4921 
3834 4881 
3835 4730 
3836 4547 
3837 4919 
3838 4914 
3839 4983 
3840 4862 
3841 4730 
3842 4957 
3843 4792 
3844 4968 
3845 4936 
3846 4669 
3847 4590 
3848 4958 
3849 4984 
3850 4919 4098 4707 
3851 4953 
3852 4776 
3853 4825 
3854 4626 
3855 4999 
3856 4948 
3857 4922 
3858 4876 
3859 4977 
3860 4756 
3861 4315 
3862 4825 4957 4974 
3863 4961 
3864 4945 
3865 4792 4999 
3866 4563 
3867 4853 
3868 4983 
3869 4157 
3870 4476 
3871 3638 
3872 4996 
3873 4866 
3874 4989 
3875 4996 
3876 4916 
3877 4859 
3878 4676 
3879 4651 
3880 4676 
3881 4862 
3882 4983 
3883 4974 
3884 4894 
3885 4707 
3886 4821 
3887 4968 
3888 4978 
3889 4147 
3890 4420 
3891 4334 
3892 4957 
3893 4959 
3894 4990 
3895 4876 
3896 4476 
3897 4925 
3898 4481 4971 
3899 4925 
3900 4957 
3901 4772 4983 4986 
3902 4949 
3903 4619 
3904 4983 
3905 4800 
3906 4984 
3907 4972 
3908 4435 
3909 4919 4776 4517 
3910 4800 
3911 4744 
3912 4954 4820 4977 
3913 4154 
3914 4987 
3915 4756 
3916 4936 
3917 4964 
3918 4826 
3919 4936 
3920 4739 
3921 4918 
3922 4476 4986 
3923 4876 
3924 4990 4820 4996 
3925 4233 
3926 4619 
3927 4978 
3928 4800 
3929 4874 
3930 4971 
3931 5000 
3932 4775 
3933 4964 
3934 4983 
3935 4859 
3936 4977 
3937 4991 
3938 4972 
3939 4800 
3940 4962 
3941 4825 
3942 4943 
3943 4853 
3944 4943 
3945 4989 2978 
3946 4893 
3947 4968 
3948 4989 
3949 4517 
3950 4794 
3951 4479 
3952 4972 
3953 4916 
3954 4914 
3955 4052 
3956 4408 
3957 4098 
3958 4991 
3959 4334 
3960 4968 
3961 4983 
3962 4958 
3963 4233 
3964 4999 
3965 4479 
3966 4420 
3967 4979 4968 4992 
3968 4772 
3969 4862 4479 4990 
3970 4943 
3971 4676 
3972 4855 4846 4707 
3973 4815 4154 4945 
3974 4744 
3975 4881 
3976 4233 
3977 4950 
3978 4676 
3979 4979 
3980 4996 
3981 4744 
3982 4730 
3983 4945 
3984 4800 
3985 4986 
3986 4853 
3987 4959 
3988 4893 
3989 4996 
3990 4916 
3991 4853 4866 4936 
3992 4481 
3993 4922 
3994 4962 
3995 4722 
3996 4925 
3997 4825 
3998 4900 4986 
3999 4959 
4000 4669 
4001 4576 
4002 4996 
4003 4825 
4004 4638 4821 4728 
4005 4964 
4006 4862 4800 4315 
4007 4853 4894 4949 
4008 4978 
4009 4157 
4010 4675 
4011 4778 
4012 4874 
4013 4984 
4014 4821 
4015 4800 
4016 4334 
4017 4918 
4018 4977 
4019 4953 
4020 4755 
4021 4730 4479 4959 
4022 4974 
4023 4921 
4024 4203 
4025 4987 
4026 4233 
4027 4993 
4028 4775 
4029 4444 
4030 4859 
4031 4943 
4032 4919 
4033 4790 
4034 4841 
4035 4772 
4036 4954 
4037 4825 
4038 4147 
4039 4922 
4040 4893 
4041 4281 
4042 4876 
4043 4778 
4044 4894 
4045 4972 
4046 4707 
4047 4983 
4048 4821 
4049 4792 
4050 4874 
4051 4476 
4052 4052 
4053 4884 4991 4948 
4054 4979 
4055 4799 
4056 4993 
4057 4957 
4058 4866 
4059 4961 
4060 4755 
4061 4519 
4062 4722 
4063 4945 
4064 4993 
4065 4914 
4066 4921 
4067 4980 
4068 4958 
4069 4989 
4070 4893 
4071 4884 4744 4936 
4072 4792 
4073 4992 
4074 4756 
4075 4255 
4076 4991 
4077 2978 
4078 4953 
4079 4919 
4080 4481 
4081 4519 
4082 4991 
4083 4676 
4084 4989 
4085 4519 
4086 4444 
4087 4730 
4088 4961 
4089 4876 
4090 4893 
4091 4953 
4092 4918 
4093 4925 
4094 4983 
4095 4990 
4096 4919 
4097 4983 
4098 4098 
4099 4957 
4100 4884 4996 4980 
4101 5000 
4102 4792 
4103 4855 
4104 4821 
4105 4980 
4106 4949 
4107 4996 
4108 4959 
4109 3654 
4110 4995 
4111 4964 
4112 4993 
4113 4979 
4114 4900 5000 4756 
4115 4948 
4116 4826 
4117 4936 
4118 4894 
4119 4756 
4120 4821 
4121 4924 
4122 4958 
4123 3638 
4124 4669 
4125 4859 
4126 4826 4959 4921 
4127 4776 
4128 4792 
4129 4945 
4130 4866 4914 4949 
4131 4233 
4132 4995 4900 
4133 4925 
4134 4971 
4135 4918 
4136 4281 4953 
4137 4862 
4138 4826 
4139 4991 
4140 4841 
4141 4925 
4142 4675 4876 4961 
4143 4959 
4144 4936 
4145 4948 
4146 4988 
4147 4147 
4148 4808 
4149 4792 
4150 4950 
4151 4922 
4152 4846 
4153 4979 
4154 4154 
4155 4995 4919 
4156 4962 
4157 4157 
4158 4739 
4159 4739 
4160 4778 
4161 4992 
4162 4922 4420 4924 
4163 4972 
4164 4961 
4165 4799 
4166 4925 
4167 4841 
4168 4958 
4169 4707 
4170 4894 
4171 4958 
4172 4315 
4173 4894 
4174 4778 
4175 4792 
4176 4974 
4177 4876 
4178 4855 
4179 4855 4978 
4180 4792 
4181 4980 
4182 2978 4808 4776 
4183 4991 
4184 4776 
4185 4988 4805 4922 
4186 4974 
4187 4962 
4188 4986 
4189 4914 
4190 4874 
4191 4978 
4192 4919 
4193 4772 
4194 4957 4984 4866 
4195 4547 
4196 4626 
4197 4862 
4198 4669 
4199 4479 
4200 4921 4962 4954 
4201 4481 
4202 4948 
4203 4203 
4204 4991 
4205 4052 4936 4987 
4206 4987 
4207 4925 
4208 4776 
4209 4881 
4210 4943 
4211 4253 
4212 4948 
4213 4859 
4214 4859 4986 4756 
4215 4756 
4216 4676 
4217 4922 4820 4974 
4218 4948 
4219 4767 
4220 4874 
4221 4916 
4222 4893 
4223 4651 4900 4987 
4224 4980 
4225 3638 
4226 4859 
4227 4334 
4228 4530 
4229 4989 
4230 4957 
4231 4943 
4232 4984 
4233 4233 
4234 4790 
4235 4953 
4236 4826 
4237 4995 
4238 4921 
4239 4972 
4240 4914 
4241 4755 
4242 4722 
4243 4874 
4244 4983 
4245 4979 
4246 4954 4808 4728 
4247 4730 
4248 4435 
4249 4730 
4250 4974 
4251 4776 4949 4999 
4252 4983 4862 4986 
4253 4253 
4254 4953 
4255 4255 
4256 4936 
4257 4098 
4258 4949 
4259 4805 
4260 4977 
4261 4408 
4262 4954 
4263 4980 
4264 4825 
4265 4949 
4266 4984 
4267 4922 
4268 4728 
4269 4730 4925 4993 
4270 4962 
4271 4821 
4272 4943 
4273 4900 
4274 4954 
4275 4626 
4276 4979 
4277 4420 
4278 4859 
4279 4996 
4280 4919 
4281 4281 
4282 4476 
4283 4707 
4284 4790 
4285 4968 
4286 4590 
4287 4435 
4288 4775 
4289 4988 
4290 4953 
4291 5000 
4292 4638 
4293 4954 
4294 4820 
4295 4978 
4296 4992 
4297 4957 
4298 4921 
4299 4957 
4300 4874 
4301 4916 
4302 4728 
4303 4953 
4304 4638 
4305 4916 
4306 4993 
4307 4826 
4308 4444 4841 4996 
4309 4821 
4310 4676 
4311 4950 
4312 4756 
4313 4767 
4314 4435 
4315 4315 
4316 4925 
4317 4841 
4318 4859 
4319 4826 
4320 4957 
4321 4815 4799 4790 
4322 4968 
4323 4989 
4324 4983 
4325 4953 
4326 4979 
4327 4968 
4328 4989 4825 4794 
4329 4974 
4330 4862 4916 4992 
4331 4921 
4332 4825 
4333 4548 
4334 4334 
4335 4826 
4336 4739 4980 4959 
4337 4959 
4338 4772 
4339 4590 
4340 4756 
4341 4825 
4342 4676 
4343 4954 
4344 4999 
4345 4841 
4346 4530 
4347 4525 
4348 4876 
4349 4815 
4350 4925 
4351 4874 
4352 4971 
4353 4988 4968 4893 
4354 4943 
4355 4755 
4356 4862 4576 4962 
4357 4778 
4358 4919 
4359 4954 
4360 4900 
4361 5000 
4362 4914 
4363 4772 
4364 4722 
4365 4881 
4366 4874 
4367 4984 4547 
4368 4900 
4369 4953 
4370 4962 
4371 4972 4853 4987 
4372 4778 
4373 4924 
4374 4820 
4375 4052 4959 4530 
4376 4675 
4377 4957 4918 4993 
4378 4853 
4379 4971 
4380 4772 
4381 4953 4936 4916 
4382 4992 
4383 4924 
4384 4638 
4385 4974 
4386 4962 
4387 4862 
4388 4950 
4389 4775 
4390 4914 
4391 4476 
4392 4894 
4393 4980 
4394 4519 
4395 4792 
4396 4936 
4397 4988 
4398 4925 4954 4968 
4399 4957 
4400 4576 
4401 4962 
4402 4853 
4403 4778 
4404 4444 
4405 4987 
4406 4918 
4407 4972 
4408 4408 
4409 4991 4916 4815 
4410 4989 
4411 4995 
4412 4984 
4413 4989 
4414 4776 4943 4900 
4415 4950 
4416 4987 
4417 4548 
4418 4756 4821 4971 
4419 4881 
4420 4420 
4421 4862 
4422 4980 
4423 4924 
4424 4476 
4425 4772 
4426 4862 
4427 4977 
4428 4950 
4429 4862 
4430 4954 
4431 4959 
4432 4772 
4433 4924 4420 4996 
4434 4974 
4435 4435 
4436 4722 
4437 4859 
4438 4968 
4439 4826 
4440 4866 4626 4936 
4441 4974 
4442 4767 
4443 4918 4948 4990 
4444 4444 
4445 4281 
4446 4772 
4447 4991 
4448 4772 
4449 4563 
4450 4936 
4451 4988 
4452 4790 
4453 4945 
4454 4953 
4455 4980 
4456 4479 4936 4925 
4457 4876 4776 4739 
4458 4974 
4459 4675 
4460 4916 
4461 4924 
4462 4922 
4463 4547 
4464 4986 
4465 4968 
4466 4986 
4467 4825 3523 4978 
4468 4954 
4469 4825 
4470 4815 
4471 4983 
4472 4922 
4473 4808 
4474 4977 
4475 4918 
4476 4476 
4477 4730 
4478 4147 
4479 4479 
4480 4820 
4481 4481 
4482 4900 
4483 4563 
4484 4924 
4485 4485 
4486 4993 
4487 4978 
4488 4772 
4489 5000 
4490 4485 
4491 4916 
4492 4767 
4493 4900 
4494 4853 
4495 4962 
4496 4918 
4497 4826 
4498 4792 
4499 4730 4959 4968 
4500 4993 
4501 4986 
4502 4914 
4503 4154 
4504 4893 
4505 4525 
4506 4815 
4507 4991 
4508 4800 
4509 4874 
4510 4730 5000 4945 
4511 4511 
4512 4983 
4513 4894 
4514 4968 
4515 3654 4825 4855 
4516 4881 
4517 4517 
4518 4255 
4519 4519 
4520 4517 4866 4859 
4521 4862 
4522 4916 
4523 4739 
4524 4986 
4525 4525 
4526 4853 
4527 4972 4943 4525 
4528 4986 
4529 4936 
4530 4530 
4531 4924 
4532 4767 
4533 4707 4919 4945 
4534 4974 
4535 4776 
4536 4974 
4537 4916 
4538 4991 
4539 4874 
4540 4992 
4541 4893 
4542 4707 
4543 4790 
4544 4855 
4545 4921 
4546 4481 4820 4987 
4547 4547 
4548 4548 
4549 4996 
4550 4767 
4551 4894 
4552 4971 
4553 4974 
4554 4820 
4555 4669 
4556 4820 
4557 4996 
4558 4775 4989 4948 
4559 4859 
4560 4778 4408 4986 
4561 4986 
4562 4962 
4563 4563 
4564 4962 
4565 4919 
4566 4958 
4567 4936 
4568 4993 
4569 4971 
4570 4590 
4571 4894 
4572 4954 
4573 4853 
4574 4511 
4575 4800 
4576 4576 
4577 4900 
4578 4778 
4579 4792 
4580 4894 
4581 4794 
4582 4755 4841 4918 
4583 4805 
4584 4958 
4585 4590 
4586 4707 
4587 4988 
4588 4481 
4589 4676 4855 4974 
4590 4590 
4591 4979 4954 4563 
4592 4821 
4593 4876 
4594 4961 4921 4978 
4595 4983 
4596 4959 
4597 4958 
4598 4974 
4599 4775 
4600 4979 
4601 4916 
4602 4563 
4603 4792 
4604 4953 
4605 4972 
4606 4986 
4607 4767 
4608 4979 
4609 4962 
4610 4675 
4611 4825 
4612 4775 
4613 4547 4881 4794 
4614 4859 
4615 4799 
4616 4255 4962 3523 
4617 4971 
4618 4916 
4619 4619 
4620 4990 
4621 4794 
4622 4874 
4623 4978 
4624 4972 
4625 4775 
4626 4626 
4627 4961 
4628 4993 
4629 4775 
4630 4988 
4631 4977 
4632 4730 
4633 4799 
4634 4530 
4635 4744 
4636 4996 
4637 4978 
4638 4638 
4639 4990 
4640 4893 
4641 4841 
4642 4918 
4643 4978 
4644 4950 
4645 4767 
4646 4776 
4647 4991 4954 4884 
4648 4971 
4649 4961 
4650 4756 
4651 4651 
4652 4862 
4653 4792 
4654 4744 
4655 4921 
4656 4730 
4657 4862 
4658 4996 
4659 4826 
4660 4979 
4661 4576 
4662 4948 
4663 4862 
4664 4893 
4665 4974 
4666 4989 
4667 4958 
4668 4950 
4669 4669 
4670 4922 
4671 4790 
4672 4730 
4673 4776 
4674 4996 
4675 4675 
4676 4676 
4677 4772 
4678 4989 
4679 4925 
4680 4730 
4681 4984 
4682 4953 
4683 4916 4995 4519 
4684 4916 
4685 4918 
4686 4986 
4687 4954 
4688 4776 
4689 4730 
4690 4992 
4691 4989 
4692 4821 4977 4739 
4693 4959 4576 4936 
4694 4530 4548 4772 
4695 5000 
4696 4918 
4697 4936 
4698 4971 
4699 4993 
4700 4826 
4701 4874 
4702 4481 4548 4866 
4703 3638 
4704 4984 
4705 4790 
4706 4948 
4707 4707 
4708 4954 
4709 4962 
4710 4959 
4711 4968 
4712 4894 
4713 4778 
4714 4979 
4715 4999 
4716 4989 
4717 4722 4916 4961 
4718 4958 
4719 4977 
4720 4794 
4721 4893 
4722 4722 
4723 4730 4921 4893 
4724 4728 
4725 4815 
4726 4995 
4727 4999 
4728 4728 
4729 4739 
4730 4730 
4731 4792 
4732 4992 
4733 4950 
4734 4841 
4735 4756 
4736 4953 
4737 4984 
4738 4958 
4739 4739 
4740 4999 
4741 4953 
4742 4977 
4743 4894 
4744 4744 
4745 4855 
4746 4979 
4747 4948 
4748 4962 
4749 4914 
4750 4334 4914 4945 
4751 4772 
4752 4924 
4753 4841 
4754 4922 
4755 4755 
4756 4756 
4757 4918 
4758 4950 
4759 4826 
4760 4961 
4761 4950 
4762 4881 4808 4519 
4763 4676 
4764 4826 
4765 4821 
4766 4990 
4767 4767 
4768 4530 
4769 4921 
4770 4894 
4771 4991 
4772 4772 
4773 4988 
4774 4988 4950 4999 
4775 4775 
4776 4776 
4777 4894 4576 4730 
4778 4778 
4779 4950 
4780 4953 
4781 4925 
4782 4987 
4783 4954 
4784 4755 
4785 4948 
4786 4992 
4787 4893 
4788 4866 
4789 4996 
4790 4790 
4791 4962 
4792 4792 
4793 4826 
4794 4794 
4795 4949 
4796 4563 
4797 4772 
4798 4962 
4799 4799 
4800 4800 
4801 4993 
4802 4918 
4803 4989 
4804 4958 
4805 4805 
4806 4859 
4807 4983 
4808 4808 
4809 4989 
4810 4949 
4811 4988 
4812 4826 
4813 4893 
4814 4954 
4815 4815 
4816 4972 
4817 4979 
4818 4893 
4819 4925 
4820 4820 
4821 4821 
4822 4862 
4823 4987 4977 4154 
4824 4980 4971 4792 
4825 4825 
4826 4826 
4827 4977 4996 4999 
4828 4776 
4829 4945 
4830 4953 
4831 4945 
4832 4977 
4833 4996 
4834 4841 
4835 4841 
4836 5000 
4837 4862 
4838 4826 
4839 4983 
4840 4853 
4841 4841 
4842 4984 
4843 4992 
4844 4991 
4845 4918 
4846 4846 4722 4825 
4847 4826 
4848 4971 
4849 4980 
4850 4862 4821 4918 
4851 4950 
4852 4281 4866 4921 
4853 4853 
4854 4792 
4855 4855 
4856 4974 
4857 5000 
4858 4993 
4859 4859 
4860 4983 
4861 4949 
4862 4862 
4863 4772 
4864 4943 
4865 4853 
4866 4866 
4867 4995 4744 4936 
4868 3523 4874 4999 
4869 4972 4775 4918 
4870 4776 
4871 4841 
4872 4921 
4873 4444 4989 4993 
4874 4874 
4875 4953 
4876 4876 
4877 4921 
4878 4862 
4879 4962 
4880 4961 
4881 4881 
4882 4980 
4883 4953 
4884 4884 
4885 4996 
4886 4921 4948 4945 
4887 4959 
4888 4919 
4889 4943 
4890 4919 
4891 4945 
4892 4730 4954 3654 
4893 4893 
4894 4894 
4895 4957 
4896 4983 
4897 4825 
4898 4916 
4899 4988 4894 4792 
4900 4900 
4901 4991 
4902 4968 
4903 4961 
4904 4925 
4905 4949 
4906 4989 
4907 4996 
4908 4988 4826 4943 
4909 4989 
4910 4995 
4911 4959 4992 4756 
4912 4957 
4913 4925 
4914 4914 
4915 4999 
4916 4916 
4917 4958 
4918 4918 
4919 4919 
4920 4957 
4921 4921 
4922 4922 
4923 4987 
4924 4924 
4925 4925 
4926 4936 
4927 4971 
4928 4914 
4929 4826 
4930 4974 
4931 4988 
4932 4974 
4933 4900 
4934 4978 
4935 4530 4924 4855 
4936 4936 
4937 4988 
4938 4519 4916 4957 
4939 4900 4884 4980 
4940 4968 
4941 5000 
4942 4971 
4943 4943 
4944 4995 4730 4948 
4945 4945 
4946 4954 
4947 4894 4821 4945 
4948 4948 
4949 4949 
4950 4950 
4951 4936 
4952 4984 
4953 4953 
4954 4954 
4955 4900 4525 4949 
4956 4988 4977 4949 
4957 4957 
4958 4958 
4959 4959 
4960 4999 
4961 4961 
4962 4962 
4963 4986 
4964 4964 4820 4722 
4965 4987 
4966 4986 
4967 4971 
4968 4968 
4969 4925 
4970 4977 
4971 4971 
4972 4972 
4973 4983 4957 4894 
4974 4974 
4975 4992 
4976 4979 
4977 4977 
4978 4978 
4979 4979 
4980 4980 
4981 4485 4676 4800 
4982 4971 
4983 4983 
4984 4984 
4985 4996 
4986 4986 
4987 4987 
4988 4988 
4989 4989 
4990 4990 
4991 4991 
4992 4992 
4993 4993 
4994 4953 
4995 4995 
4996 4996 
4997 4098 4996 4979 
4998 4986 
4999 4999 
5000 5000 
