1 4748 
2 4722 
3 4946 
4 4582 4994 4913 
5 4847 
6 4887 
7 4966 4978 
8 4979 
9 4980 
10 4953 4277 
11 4530 
12 4845 
13 4883 
14 4928 
15 4896 
16 4991 
17 4845 
18 4976 
19 4966 4976 
20 4979 
21 4530 
22 4940 4993 4810 
23 4277 
24 4419 
25 4957 
26 3334 
27 4966 
28 4877 
29 4961 
30 4972 
31 4946 
32 4904 
33 4930 
34 4994 
35 4766 
36 4876 
37 4740 
38 4986 
39 4582 
40 4945 
41 4971 4780 4913 
42 4939 
43 4740 
44 4913 
45 4511 
46 4940 
47 4902 
48 4603 
49 4279 
50 4511 
51 4993 
52 4994 
53 4980 
54 4984 
55 4663 
56 4277 
57 4772 
58 4928 
59 4933 
60 4845 4335 
61 4488 
62 4864 
63 4946 4966 4722 
64 4980 
65 4956 
66 4997 
67 4841 
68 4766 
69 4973 
70 4874 4976 4939 
71 4688 
72 4742 
73 4884 
74 4956 
75 4953 4129 4987 
76 4722 4867 
77 4740 
78 4989 4735 4776 
79 4759 
80 4949 
81 4928 
82 4915 
83 4714 
84 4995 
85 4845 
86 4955 
87 4847 
88 4933 
89 4952 
90 4961 
91 4961 
92 4766 
93 4874 
94 4904 4948 4735 
95 4979 
96 4742 
97 4976 
98 4972 
99 4766 
100 4895 
101 4688 
102 2908 4378 4852 
103 4946 4912 4740 
104 4995 
105 4503 
106 4714 
107 4972 
108 4915 
109 4956 
110 4984 
111 4410 
112 4997 
113 4858 
114 4891 
115 4564 
116 4864 
117 4780 
118 4895 
119 2908 
120 4913 
121 4790 
122 4857 4740 
123 4858 
124 4937 
125 4845 
126 4129 
127 4772 
128 4720 
129 4948 
130 4879 
131 4925 
132 4243 
133 4603 
134 4939 
135 4772 
136 4888 
137 4740 
138 3756 
139 4948 
140 4984 
141 4937 4953 
142 4996 
143 4844 
144 4978 
145 4155 
146 4955 
147 4301 
148 4722 
149 4993 
150 4971 
151 4891 
152 4980 
153 4845 
154 4991 
155 4722 
156 4888 
157 4913 4905 
158 4766 
159 4994 
160 4081 
161 4978 
162 4966 
163 4874 
164 4996 3947 
165 4553 
166 4646 
167 4992 4971 
168 4948 
169 4771 
170 4129 4495 
171 4360 
172 4277 
173 4852 
174 4858 
175 4993 
176 4847 
177 4972 4360 
178 4945 4782 
179 4776 4905 
180 4772 
181 4910 
182 4984 4279 
183 4129 
184 4668 
185 4378 
186 4995 
187 4488 
188 4622 
189 4905 
190 4419 
191 4991 
192 4888 
193 4735 
194 4986 
195 4686 
196 4978 
197 4961 4857 4748 
198 4979 
199 4891 
200 4822 4902 
201 4912 
202 4603 4905 
203 4301 
204 4976 
205 4904 4858 4857 
206 4957 
207 4994 
208 4847 
209 4989 
210 4976 
211 4891 4444 
212 4879 
213 4906 
214 4818 
215 4961 
216 4857 
217 4933 
218 4933 4772 
219 3756 
220 4901 
221 4901 
222 4955 
223 4360 
224 4081 
225 4845 
226 4720 
227 4759 
228 4991 
229 4939 
230 4883 
231 4906 
232 5000 
233 4751 
234 4953 
235 4818 
236 4993 
237 4688 
238 4939 
239 4748 4992 
240 4495 
241 4902 
242 4760 
243 4998 
244 4766 
245 4686 
246 4913 
247 2908 
248 4722 4888 
249 4948 
250 4760 
251 4740 
252 4502 
253 4867 
254 4766 
255 4910 
256 4822 
257 4279 
258 4928 
259 4939 
260 4888 
261 4961 
262 4984 
263 4847 
264 4845 
265 4906 4996 
266 4948 
267 4663 
268 4930 
269 4997 
270 4971 
271 4845 
272 4939 
273 4957 
274 4782 
275 4663 
276 4891 
277 4277 
278 4876 
279 4419 
280 4748 
281 4488 
282 4971 
283 4360 
284 4980 
285 4906 
286 4987 
287 4980 
288 4957 4891 
289 4937 4511 
290 4939 
291 4841 
292 4961 
293 4993 
294 4998 
295 4646 
296 4722 
297 4946 
298 4940 4867 
299 4876 
300 4876 4560 
301 4530 
302 4887 
303 4928 
304 4780 
305 4887 
306 4603 
307 4984 
308 4994 
309 4996 4867 
310 4419 
311 4888 
312 4895 
313 4822 
314 4841 
315 4973 
316 4444 
317 4930 
318 4939 
319 4992 
320 4953 
321 4955 
322 4966 
323 4905 
324 4776 
325 4930 
326 4857 
327 4986 
328 4971 
329 4888 
330 4841 
331 4984 
332 4957 
333 4993 
334 2908 
335 4891 
336 4672 
337 4847 
338 4822 
339 4997 
340 4766 
341 4766 
342 4997 
343 4488 
344 4335 4879 
345 4560 
346 4940 4079 
347 4748 
348 4864 
349 4845 
350 4896 
351 4982 
352 4771 
353 4895 
354 4582 
355 4957 
356 4857 
357 4847 
358 4822 
359 4896 
360 4933 
361 4760 
362 4906 
363 4953 
364 4915 
365 4937 3756 
366 4301 
367 4852 
368 4663 
369 4852 4804 
370 4913 
371 4776 
372 4742 
373 4857 
374 4930 
375 4966 
376 2908 
377 4688 
378 4933 
379 4979 
380 4735 
381 4804 
382 4301 
383 4790 
384 4915 
385 4957 
386 4876 
387 4972 
388 4953 
389 4277 
390 4378 
391 4858 
392 4503 
393 4949 
394 4998 
395 3756 
396 4335 
397 4760 
398 4603 
399 4876 
400 4925 
401 4946 
402 4335 
403 4906 
404 4912 
405 4913 
406 4957 
407 4902 
408 4992 
409 4905 
410 4957 
411 4976 
412 4995 4772 
413 4360 
414 4904 
415 4928 
416 4877 3334 
417 4961 
418 4822 
419 4554 
420 4997 
421 4888 
422 4560 
423 4966 
424 4822 
425 4992 4603 
426 4913 
427 4735 
428 4993 
429 4917 
430 4495 
431 4081 
432 4553 
433 4993 
434 4905 
435 4876 
436 4780 
437 4748 
438 4917 4858 
439 4949 4658 
440 4841 
441 4410 
442 4603 
443 4488 
444 4925 4877 
445 4915 
446 4877 
447 4980 
448 4964 
449 4995 
450 4772 
451 4864 
452 4998 
453 4993 
454 860 4956 4503 
455 4279 
456 4864 
457 4953 
458 4904 
459 4301 
460 4896 
461 4971 4984 
462 4979 
463 860 
464 4553 
465 4740 
466 4953 
467 4984 
468 4992 
469 4937 
470 4600 4976 
471 4937 
472 4971 
473 4976 
474 4995 
475 563 
476 4740 
477 4740 
478 5000 
479 4707 
480 4888 
481 4971 
482 4904 
483 4759 
484 4864 
485 4902 
486 4984 4946 
487 4553 
488 4488 4984 
489 4997 3756 4742 
490 4964 
491 4735 
492 4966 
493 4998 4858 
494 4945 
495 4891 
496 4930 
497 4917 
498 4841 
499 4998 
500 4996 4772 
501 4910 
502 4986 
503 4852 
504 4948 4810 
505 4780 
506 4225 
507 4858 
508 4864 
509 4966 4973 
510 4847 
511 4997 
512 4993 
513 3334 4554 4994 
514 4915 
515 4867 
516 4339 
517 4895 
518 4984 
519 860 
520 4994 
521 4952 
522 4945 
523 4688 4966 
524 4688 
525 4720 4444 
526 4996 
527 4984 
528 4740 
529 4658 
530 4720 
531 4953 
532 4991 
533 4980 
534 4867 
535 4503 
536 4876 
537 4955 
538 4973 
539 4895 
540 4945 
541 4913 
542 4867 
543 4945 
544 4964 
545 3864 
546 4995 
547 4564 
548 4945 
549 4740 
550 4759 4845 
551 4917 4957 
552 4658 
553 4722 
554 4378 
555 4668 4155 4845 
556 4780 
557 4910 
558 4953 
559 4964 
560 4804 
561 4972 
562 4933 
563 563 
564 4277 
565 4751 
566 4646 
567 4896 
568 4852 5000 
569 4877 
570 4993 
571 4744 
572 4984 
573 4277 4980 4993 
574 4378 
575 4994 
576 4978 
577 4748 
578 4994 
579 4488 
580 4996 
581 4553 
582 3864 
583 4979 
584 4953 
585 4905 
586 4930 
587 4910 
588 4378 
589 4585 
590 4722 
591 4277 4155 4884 
592 4945 
593 4335 
594 4888 4925 
595 4841 
596 4410 
597 4335 
598 4995 
599 4896 
600 4987 4945 
601 4994 
602 4993 
603 4904 
604 4904 
605 4971 
606 4553 2908 
607 4760 
608 3000 4339 
609 4502 
610 4937 
611 4952 
612 4945 
613 4857 
614 4976 
615 1243 
616 4972 
617 4603 
618 4722 
619 4971 
620 4928 
621 4925 
622 4948 4987 
623 4857 
624 4973 
625 4966 
626 4904 
627 4603 
628 4879 
629 4622 3334 
630 4964 
631 4952 
632 4906 
633 4646 4159 
634 4360 
635 4360 4940 
636 4917 
637 4939 4582 
638 3947 
639 4502 
640 4686 
641 4953 4987 
642 4766 
643 4939 
644 4864 
645 4155 
646 4553 4971 
647 4992 
648 4335 
649 4906 
650 4735 
651 3864 
652 2908 
653 4986 
654 4888 
655 4895 
656 4668 
657 4782 
658 4079 
659 4964 
660 4906 
661 4948 
662 4891 
663 4686 
664 4945 
665 4554 
666 4913 
667 4996 
668 4335 4955 
669 4888 
670 4906 4994 
671 4995 
672 4917 
673 4279 
674 4925 
675 4996 
676 4760 
677 4982 3334 
678 4891 
679 4939 
680 4972 
681 4904 
682 4971 
683 4939 
684 4335 
685 4948 
686 4953 
687 4904 
688 5000 
689 4600 
690 4980 
691 4688 
692 563 4980 
693 4622 
694 4155 
695 4335 
696 4279 
697 4864 4904 
698 4877 
699 3864 
700 4646 
701 5000 
702 4225 
703 4904 
704 4818 
705 4582 
706 4847 
707 4766 
708 4707 
709 4887 
710 4722 
711 4760 
712 4925 
713 4822 
714 4771 
715 4722 
716 4912 
717 4978 
718 4948 
719 4852 
720 4956 
721 4939 4987 
722 4945 
723 4766 
724 4957 
725 4377 4766 
726 4759 
727 4081 
728 4879 4966 
729 4748 
730 4957 
731 4971 
732 4722 
733 4845 
734 4360 4994 
735 4910 
736 4155 
737 4360 
738 4925 
739 4953 
740 4995 
741 4335 
742 4939 
743 4928 
744 4933 
745 4845 
746 4902 
747 4600 
748 4952 
749 4748 
750 4335 
751 4857 
752 4841 
753 4956 
754 4771 
755 4955 
756 4858 
757 4760 
758 4335 
759 4818 
760 4780 
761 4876 
762 4906 
763 4782 
764 4910 
765 4511 
766 4992 
767 4976 
768 4971 
769 4946 
770 4852 
771 3864 
772 4984 4948 
773 4742 
774 4895 
775 4867 
776 4957 
777 4488 
778 4937 
779 4989 
780 4857 4339 
781 4877 
782 4879 
783 4740 
784 4883 
785 4857 2501 
786 4707 
787 4488 
788 4953 
789 4658 
790 4864 
791 4335 
792 4772 
793 4971 4360 
794 4980 
795 4720 
796 4582 
797 4771 
798 4976 1243 
799 4946 
800 4940 4971 
801 4864 
802 4940 4982 
803 4917 
804 4945 
805 4772 
806 4810 
807 4804 
808 4971 4772 4744 
809 4995 
810 4991 
811 4928 
812 4495 
813 4987 4915 
814 4530 
815 4688 
816 4996 
817 4957 
818 4560 
819 4986 
820 4339 
821 4945 
822 4891 4904 
823 4867 4980 4933 
824 4957 
825 4663 
826 4742 
827 4884 
828 2532 
829 4081 
830 4996 
831 4940 
832 4906 
833 4444 
834 4658 
835 4742 
836 4888 
837 4335 
838 4243 
839 4081 
840 4782 
841 4553 
842 4720 
843 4852 
844 4895 
845 3756 
846 4782 
847 4895 
848 4857 
849 4895 4582 
850 4847 
851 4987 
852 4864 4948 
853 4771 
854 4888 
855 4847 
856 4864 
857 4822 
858 4993 
859 4663 
860 860 
861 4760 
862 4940 
863 4790 
864 4937 
865 4940 
866 4939 
867 4982 
868 4925 
869 4966 
870 4937 
871 4966 
872 4686 
873 4818 4776 
874 4603 
875 4378 
876 2908 
877 4895 4992 
878 4930 
879 4852 
880 4772 4905 
881 4976 
882 4966 
883 4896 4335 
884 4845 
885 4953 
886 4986 
887 4603 4864 
888 5000 
889 5000 
890 4553 
891 4966 
892 4948 
893 4961 
894 4992 
895 4902 
896 4949 
897 4410 
898 4874 
899 4957 
900 4378 
901 4888 4081 
902 4864 4912 
903 4986 
904 4984 
905 4876 
906 4994 
907 4740 
908 4553 
909 4972 
910 4600 
911 4876 
912 4672 
913 4335 1892 
914 4956 
915 4864 4858 
916 4845 
917 4867 
918 4335 
919 4989 
920 4925 
921 4852 
922 4905 
923 4957 
924 4845 
925 4955 
926 4989 
927 4961 
928 4864 
929 4744 
930 4980 3988 
931 4953 
932 4956 
933 4939 4844 1892 
934 4987 4867 4946 
935 4966 
936 4867 4585 
937 4912 
938 4940 
939 4600 
940 3756 
941 4378 
942 4335 
943 4852 
944 4902 
945 4560 
946 4888 
947 4378 
948 4946 4949 
949 4993 
950 4879 4992 
951 4982 
952 4751 
953 4874 
954 4937 
955 4845 
956 4279 
957 4378 
958 4688 
959 4912 
960 4867 
961 4722 
962 4772 
963 4603 
964 4992 
965 4987 
966 4994 
967 4986 
968 4948 
969 4949 
970 4129 4940 
971 4419 
972 4847 4979 
973 4864 
974 4360 
975 4742 
976 4904 4949 
977 4857 
978 4742 4760 
979 4998 
980 4759 4997 4979 
981 4502 
982 4980 
983 4996 
984 2375 
985 4971 
986 4997 
987 4079 
988 4992 
989 4722 
990 4994 4939 
991 4857 
992 5000 
993 4857 
994 3756 
995 4847 
996 4949 
997 4888 
998 2375 
999 3988 4772 
1000 4722 4933 
1001 4847 
1002 4906 4079 
1003 4996 
1004 4906 
1005 4980 
1006 4771 
1007 4971 4915 
1008 4841 
1009 4360 
1010 4277 4377 
1011 4603 
1012 4776 
1013 4989 
1014 4952 
1015 4822 
1016 4939 
1017 4335 
1018 4759 
1019 4771 
1020 4901 
1021 4852 4857 
1022 4906 4857 
1023 4910 
1024 4939 
1025 4905 
1026 4989 
1027 4377 
1028 4888 
1029 4301 
1030 4998 
1031 4953 
1032 4956 
1033 4771 
1034 4987 4930 5000 
1035 4841 
1036 4992 
1037 4964 
1038 4339 4790 
1039 4948 4079 
1040 4993 
1041 4841 4978 
1042 5000 4994 
1043 4600 
1044 4672 
1045 4925 
1046 4686 
1047 4751 
1048 4905 
1049 4810 4933 
1050 4956 
1051 3947 
1052 4772 4857 
1053 4876 
1054 4782 
1055 4646 
1056 5000 
1057 4858 
1058 4502 
1059 4991 
1060 4946 
1061 4952 4917 4910 
1062 4672 
1063 4972 
1064 4949 
1065 4957 
1066 563 4360 
1067 4488 
1068 4966 
1069 4155 4867 4891 
1070 4603 
1071 4742 
1072 4720 
1073 4937 
1074 4378 
1075 4772 
1076 4879 
1077 4940 
1078 4760 4511 4378 
1079 4760 4971 4841 
1080 4888 
1081 4996 
1082 4879 
1083 4155 
1084 4243 
1085 4939 
1086 4928 
1087 4564 
1088 4488 
1089 4722 4335 
1090 4979 
1091 4852 
1092 4560 
1093 4930 
1094 4864 
1095 4622 
1096 4378 
1097 4776 
1098 4888 
1099 4930 
1100 4993 
1101 4946 
1102 4847 
1103 4668 
1104 4845 
1105 4989 
1106 4335 4502 
1107 4940 
1108 4933 
1109 4961 
1110 4225 
1111 4986 
1112 4378 
1113 4419 
1114 4925 
1115 4891 
1116 4155 
1117 4663 
1118 4772 
1119 4751 
1120 4582 
1121 4930 
1122 4945 
1123 4972 
1124 4742 
1125 4760 
1126 4940 
1127 4852 
1128 4895 
1129 4530 
1130 4957 
1131 4925 
1132 4979 
1133 4891 4277 
1134 4744 4905 
1135 4503 
1136 4971 
1137 4939 
1138 4876 
1139 4864 
1140 4155 
1141 4279 
1142 4979 
1143 4279 
1144 4917 
1145 4864 
1146 4915 
1147 4996 
1148 4956 
1149 4930 
1150 3947 
1151 4953 
1152 4928 
1153 4904 4735 4560 
1154 3756 
1155 4874 
1156 4972 
1157 4984 
1158 4720 
1159 4982 
1160 4995 4915 
1161 4553 4720 
1162 4079 
1163 4945 
1164 4511 
1165 4852 
1166 4845 
1167 4994 
1168 4930 
1169 4984 
1170 4845 
1171 4818 
1172 4901 
1173 4905 
1174 4896 
1175 4946 4984 
1176 3864 
1177 4980 
1178 4917 
1179 4917 
1180 4905 4976 
1181 4976 4991 4410 
1182 4895 
1183 4760 
1184 4804 
1185 4766 
1186 4772 
1187 4904 
1188 4876 
1189 4984 
1190 4930 
1191 4744 
1192 4864 
1193 4976 
1194 4980 
1195 4996 
1196 4277 
1197 4772 
1198 4742 
1199 4751 
1200 4955 
1201 4742 
1202 4867 
1203 4822 
1204 4560 
1205 4847 
1206 4378 
1207 4973 
1208 4511 
1209 4946 
1210 4902 
1211 4766 
1212 4891 
1213 4622 4360 
1214 4904 
1215 4720 
1216 4891 
1217 4992 
1218 4928 
1219 4766 4876 
1220 4925 
1221 4964 
1222 4560 
1223 4585 
1224 4603 
1225 4933 
1226 4419 
1227 4913 
1228 4155 
1229 4564 
1230 4530 
1231 4992 
1232 4902 
1233 4915 
1234 4772 
1235 4987 
1236 2908 
1237 4978 
1238 4945 
1239 4996 
1240 1554 
1241 4937 
1242 4722 
1243 1243 4772 
1244 4992 
1245 4360 
1246 4335 
1247 4772 
1248 4986 
1249 4772 
1250 4987 
1251 4917 
1252 4560 
1253 4600 4989 
1254 4530 
1255 4996 
1256 4925 
1257 4740 
1258 4686 4994 4902 
1259 4722 
1260 4503 
1261 4864 4888 4742 4939 
1262 4901 
1263 4879 
1264 4742 
1265 4917 
1266 4668 
1267 4937 
1268 4980 4948 
1269 4939 
1270 4966 
1271 4910 
1272 4722 
1273 4905 
1274 4883 
1275 4663 
1276 4822 
1277 4946 
1278 4759 
1279 4688 4891 
1280 4766 
1281 4155 
1282 4822 4906 
1283 4225 4980 
1284 4720 
1285 4980 
1286 4987 
1287 4939 
1288 4864 
1289 4957 
1290 4585 
1291 4905 
1292 4888 
1293 2501 
1294 4984 
1295 4910 
1296 4971 
1297 4896 
1298 4956 
1299 4759 
1300 4360 
1301 4874 
1302 4952 4751 
1303 4982 
1304 4993 
1305 4991 
1306 4867 
1307 4910 
1308 4906 
1309 4996 
1310 3864 4864 
1311 4979 
1312 4759 
1313 4722 
1314 4335 
1315 4994 
1316 4844 
1317 4915 
1318 4949 
1319 4378 
1320 4997 
1321 4279 
1322 4744 
1323 4751 
1324 4895 4622 4949 
1325 4766 
1326 4720 
1327 4966 
1328 4844 
1329 4759 
1330 4933 
1331 4995 
1332 4891 
1333 4841 
1334 4989 
1335 5000 4771 4946 
1336 4686 4857 
1337 4444 
1338 4658 4933 
1339 4888 5000 
1340 4888 
1341 4766 
1342 4884 
1343 4129 
1344 4582 
1345 4973 
1346 4335 
1347 4930 
1348 4748 
1349 4937 
1350 4845 4530 
1351 4905 
1352 4511 
1353 4998 
1354 4993 
1355 4904 
1356 4984 
1357 4864 
1358 4966 4987 
1359 4335 
1360 4668 4994 
1361 4891 
1362 4360 4971 
1363 4939 
1364 4937 
1365 3864 
1366 4971 
1367 4991 
1368 4782 
1369 4946 
1370 4980 
1371 4946 
1372 4986 
1373 4686 
1374 4887 
1375 4360 
1376 4953 
1377 4742 
1378 4971 
1379 4980 
1380 4822 4995 4883 
1381 4876 
1382 4995 
1383 4864 
1384 4905 
1385 4971 
1386 4953 
1387 4603 
1388 4937 
1389 4530 
1390 4847 
1391 4937 
1392 4658 
1393 4912 
1394 4888 
1395 4994 4495 4444 
1396 4852 
1397 4858 
1398 4966 
1399 4735 
1400 4603 
1401 4876 
1402 4858 
1403 4939 
1404 4917 
1405 4686 
1406 4976 
1407 4912 
1408 4887 
1409 4887 
1410 4987 
1411 4945 
1412 4560 
1413 4503 
1414 4155 
1415 4993 
1416 4772 
1417 4553 
1418 5000 
1419 4857 
1420 4971 
1421 4971 
1422 4906 4658 
1423 4646 
1424 4993 
1425 4910 
1426 4748 
1427 4277 
1428 4874 
1429 4879 
1430 4973 
1431 4940 
1432 4984 
1433 4976 
1434 4953 
1435 4760 
1436 4782 
1437 4867 
1438 4243 
1439 4891 
1440 4896 
1441 4939 
1442 4378 
1443 4129 
1444 4888 
1445 4867 
1446 3988 
1447 4790 
1448 4419 
1449 4940 
1450 4553 
1451 4603 
1452 4904 
1453 4766 
1454 4810 
1455 4895 
1456 4996 
1457 4956 
1458 4997 
1459 4867 
1460 4987 
1461 4759 
1462 4772 
1463 4554 
1464 4952 
1465 4984 4966 
1466 4966 
1467 4986 
1468 4971 
1469 4945 
1470 4378 4720 
1471 4155 
1472 4822 4891 
1473 4930 
1474 4905 4971 4961 
1475 860 4980 
1476 4917 4905 4939 
1477 4925 
1478 4603 
1479 4937 
1480 4603 
1481 4984 
1482 4992 
1483 4952 
1484 4904 
1485 4917 
1486 4735 
1487 4360 
1488 4971 
1489 4720 
1490 4858 
1491 4952 
1492 4277 
1493 4748 4857 
1494 4973 
1495 4980 
1496 4891 
1497 4847 
1498 4622 
1499 4961 
1500 4905 
1501 4946 5000 4986 4564 
1502 4978 
1503 4444 
1504 4858 
1505 4953 
1506 4488 
1507 4864 
1508 4582 
1509 4891 
1510 4904 4966 
1511 1554 
1512 4917 
1513 4993 
1514 4984 
1515 4335 
1516 4847 
1517 4867 
1518 4155 
1519 4759 
1520 4980 
1521 4946 3864 
1522 4748 
1523 4946 
1524 4760 
1525 4980 
1526 4852 4891 
1527 4891 
1528 4925 4996 
1529 4966 
1530 4841 
1531 4906 
1532 4995 
1533 4668 
1534 3756 
1535 4742 
1536 3988 
1537 4847 
1538 4780 
1539 4081 4847 4564 
1540 4937 
1541 4992 
1542 4155 
1543 4844 
1544 4997 
1545 4994 
1546 4688 
1547 4877 
1548 5000 4937 
1549 4688 
1550 4976 
1551 4997 
1552 4896 4946 
1553 4972 
1554 1554 
1555 4888 
1556 4419 
1557 4410 
1558 4891 
1559 3756 
1560 4079 
1561 4742 
1562 4243 4971 4771 4495 
1563 4646 
1564 4980 
1565 4956 
1566 4906 
1567 4603 4891 
1568 4991 
1569 4917 4560 
1570 4766 
1571 4852 
1572 4953 
1573 4948 
1574 5000 4707 4910 
1575 4953 
1576 4976 
1577 4952 
1578 4979 
1579 4986 
1580 4980 
1581 4360 
1582 4722 
1583 4933 
1584 4980 
1585 4876 
1586 4945 
1587 4742 
1588 3756 
1589 4966 
1590 4553 4987 
1591 4993 
1592 4913 
1593 4225 
1594 4279 
1595 4884 
1596 4079 
1597 4991 
1598 4600 4930 
1599 4759 
1600 4844 
1601 4876 
1602 4995 
1603 4766 
1604 4888 4966 
1605 4904 
1606 4939 
1607 4766 4603 
1608 4335 
1609 4979 
1610 4845 
1611 4822 
1612 4845 
1613 4759 4857 
1614 4930 
1615 4984 
1616 4845 
1617 4378 4891 4937 
1618 4845 
1619 4957 
1620 4913 
1621 4301 
1622 4883 
1623 4946 
1624 4888 
1625 4877 
1626 4748 
1627 4722 4766 4940 4906 
1628 4502 
1629 4991 
1630 4663 
1631 4895 4582 4910 
1632 4876 
1633 4360 
1634 4991 
1635 4928 
1636 4335 4622 4955 
1637 4986 
1638 4957 
1639 4790 
1640 4902 
1641 4904 
1642 4971 4986 
1643 4939 
1644 4603 
1645 4079 
1646 4953 
1647 4980 
1648 4998 
1649 4998 
1650 4378 
1651 4976 
1652 4930 
1653 4891 
1654 4995 
1655 4790 
1656 5000 
1657 4891 5000 4953 
1658 4503 
1659 4953 
1660 4971 
1661 4646 
1662 4844 
1663 4822 4771 
1664 4997 
1665 4913 
1666 4766 
1667 4360 
1668 4937 
1669 4976 
1670 4845 
1671 4904 
1672 4748 
1673 2501 
1674 4933 
1675 4939 4964 
1676 4955 
1677 4888 4917 
1678 4982 
1679 4973 
1680 4864 
1681 4622 
1682 4906 
1683 4904 
1684 2908 4972 
1685 4748 
1686 4129 
1687 4992 
1688 4360 
1689 4277 
1690 4818 4844 4915 
1691 4980 
1692 4603 
1693 4553 
1694 4971 
1695 4905 4847 
1696 4279 3756 4772 
1697 4864 
1698 4955 4585 
1699 4410 
1700 4933 
1701 4992 4933 
1702 4883 
1703 4301 
1704 4735 
1705 4971 
1706 4986 
1707 4925 
1708 4672 
1709 4742 
1710 4225 4804 
1711 4917 
1712 4884 
1713 4663 
1714 4887 
1715 2532 
1716 4966 
1717 4720 
1718 4994 
1719 3864 
1720 4939 
1721 4996 
1722 4928 
1723 4992 
1724 4081 
1725 4945 
1726 4844 
1727 4735 
1728 4742 
1729 4335 4867 
1730 4980 
1731 4720 
1732 4722 
1733 4957 
1734 4888 
1735 4857 4953 4915 
1736 4904 4766 
1737 4957 
1738 4864 
1739 4751 
1740 4973 
1741 4360 
1742 4987 
1743 4748 
1744 4912 
1745 4925 
1746 4933 
1747 4993 
1748 3864 4722 
1749 4858 
1750 4530 4966 
1751 4982 
1752 4864 4905 
1753 4876 
1754 4986 
1755 4622 
1756 4913 
1757 4864 
1758 4511 
1759 4560 
1760 4883 
1761 4887 
1762 4488 
1763 4917 
1764 4822 
1765 4912 
1766 4663 
1767 4984 
1768 4994 
1769 4982 
1770 4243 
1771 4980 
1772 4804 
1773 4159 
1774 4622 4933 
1775 4987 
1776 4997 
1777 4997 
1778 4852 
1779 4917 
1780 4081 
1781 4993 
1782 4225 
1783 4585 
1784 4980 
1785 4159 4339 
1786 4912 
1787 4933 
1788 4760 4992 
1789 4949 
1790 4759 
1791 4378 
1792 4646 4971 4996 
1793 4688 4971 
1794 4933 
1795 4335 
1796 4994 
1797 4360 
1798 4996 
1799 4360 
1800 4360 4964 4722 
1801 4772 
1802 4982 
1803 4707 
1804 4554 
1805 4948 
1806 4984 
1807 4672 
1808 4790 
1809 4844 
1810 4982 
1811 4867 
1812 4804 
1813 4971 
1814 4902 
1815 4766 
1816 4933 
1817 4993 
1818 4904 
1819 4891 
1820 4444 
1821 4987 
1822 4740 
1823 4930 
1824 4906 
1825 4917 
1826 4844 
1827 4961 
1828 4720 
1829 4079 4971 
1830 4984 
1831 4771 
1832 4553 4277 
1833 4948 
1834 4915 
1835 4603 
1836 4646 
1837 4949 
1838 4987 
1839 4810 4857 
1840 4980 
1841 4766 
1842 4279 
1843 4722 
1844 4879 
1845 4560 
1846 4895 4980 
1847 4155 
1848 4530 
1849 5000 
1850 4377 
1851 4888 
1852 4847 
1853 4925 
1854 4760 
1855 4818 
1856 4939 
1857 4904 
1858 4857 
1859 4957 
1860 4822 
1861 2908 
1862 4740 4971 4867 
1863 3000 4782 
1864 4940 
1865 4904 
1866 4766 
1867 4804 4917 
1868 4904 4971 4933 
1869 4891 4772 
1870 4804 
1871 5000 
1872 4888 4759 4554 
1873 5000 
1874 4495 
1875 4982 
1876 4852 
1877 4928 
1878 4810 
1879 4987 
1880 4906 
1881 4888 
1882 3864 
1883 4748 
1884 4852 
1885 4129 
1886 3947 
1887 4225 
1888 4804 
1889 4957 
1890 4243 
1891 4858 
1892 1892 
1893 4993 
1894 4668 
1895 4847 
1896 4720 
1897 4998 
1898 4917 
1899 4760 
1900 4844 
1901 4603 4560 4953 
1902 4744 
1903 4874 
1904 4744 
1905 4905 4740 
1906 4930 4378 
1907 4939 
1908 4992 4079 
1909 4864 
1910 4603 4776 
1911 4772 
1912 4939 4720 
1913 4867 
1914 4772 
1915 4603 
1916 4980 
1917 4081 
1918 4930 
1919 4748 
1920 4996 
1921 4930 
1922 4972 
1923 4940 
1924 4917 
1925 4553 
1926 4891 4876 4744 
1927 4301 
1928 4658 
1929 4891 
1930 4887 
1931 4996 
1932 4895 4939 
1933 4933 
1934 4939 
1935 4955 
1936 4904 
1937 4939 4658 4888 
1938 4780 
1939 4917 
1940 4847 
1941 4887 
1942 4722 4891 
1943 4978 
1944 4933 
1945 4957 
1946 4658 
1947 4879 
1948 4891 
1949 4902 
1950 4844 
1951 4989 
1952 4600 
1953 4955 
1954 4585 
1955 4895 4993 
1956 4079 
1957 4895 4360 4997 
1958 4953 
1959 4956 
1960 4948 
1961 4912 
1962 4912 
1963 4956 
1964 4845 
1965 4887 
1966 4845 
1967 4904 
1968 3947 
1969 4895 
1970 4804 3988 
1971 4740 
1972 4852 
1973 4771 
1974 4939 
1975 4984 4360 
1976 4972 
1977 4874 
1978 4957 
1979 5000 
1980 4129 
1981 4867 
1982 4744 
1983 4852 
1984 4933 
1985 4751 
1986 4913 
1987 4864 
1988 4949 
1989 4335 
1990 4957 
1991 4901 
1992 4857 
1993 4857 
1994 4991 
1995 4225 
1996 4961 
1997 4864 
1998 4917 
1999 4378 
2000 4984 
2001 4980 
2002 4979 
2003 4722 4939 
2004 4980 
2005 4928 
2006 4603 
2007 4530 
2008 4766 
2009 4917 
2010 4940 
2011 4994 
2012 4771 
2013 4335 
2014 4782 4917 
2015 4378 
2016 4973 
2017 4946 
2018 4782 
2019 4997 
2020 4888 
2021 4553 4844 4930 
2022 4858 
2023 4956 
2024 4955 
2025 4928 4857 
2026 4996 4772 
2027 4896 
2028 4948 4081 
2029 4722 
2030 4905 
2031 4961 4984 4980 
2032 4913 
2033 4874 
2034 4993 
2035 3947 
2036 4930 
2037 4847 
2038 4966 
2039 5000 
2040 4994 3756 
2041 4301 
2042 4129 
2043 4986 
2044 4847 
2045 4945 4904 4530 
2046 4957 
2047 4079 4993 4933 
2048 4688 
2049 4994 
2050 4992 
2051 4857 
2052 4913 
2053 4987 
2054 4277 
2055 4993 
2056 4930 
2057 4953 
2058 4720 4937 4904 
2059 4993 
2060 4858 
2061 4852 
2062 4946 
2063 4553 
2064 4989 
2065 4845 4585 4335 
2066 4945 
2067 4740 
2068 4740 
2069 4982 
2070 4989 
2071 4946 
2072 3864 4339 4159 
2073 4993 4722 
2074 4864 
2075 4987 
2076 2908 4906 4751 
2077 4930 
2078 4301 
2079 4867 
2080 4714 
2081 4976 
2082 4772 
2083 4818 
2084 4904 
2085 4722 
2086 4658 
2087 4081 
2088 3947 
2089 4905 
2090 4810 
2091 4553 
2092 4966 
2093 4987 
2094 4980 4928 
2095 4600 4953 
2096 4867 
2097 4956 
2098 4996 
2099 4744 4603 
2100 4946 
2101 4155 
2102 4488 
2103 4986 
2104 4945 
2105 4887 4917 
2106 4335 
2107 4998 
2108 4989 
2109 4994 
2110 4952 
2111 4603 
2112 4902 
2113 4940 
2114 4957 
2115 4858 
2116 4995 
2117 4997 
2118 4910 
2119 4913 
2120 4910 
2121 3756 
2122 4720 
2123 4904 
2124 4888 
2125 4771 
2126 4956 
2127 4419 
2128 4996 
2129 4622 
2130 4986 
2131 4993 
2132 4913 
2133 4360 
2134 4946 
2135 4858 
2136 1892 4766 4748 
2137 4771 
2138 4915 4782 4933 4957 4978 
2139 4444 
2140 4622 
2141 4971 
2142 4857 
2143 4953 
2144 4978 
2145 4360 
2146 4994 
2147 4904 
2148 4243 
2149 4917 
2150 4946 
2151 4996 
2152 4993 
2153 4722 
2154 4603 
2155 4879 
2156 4949 
2157 4887 
2158 4939 
2159 4867 4992 3756 4948 
2160 4766 
2161 4913 
2162 4742 
2163 4888 
2164 4553 
2165 4858 
2166 4957 
2167 4772 
2168 4225 
2169 4957 
2170 4971 
2171 4852 
2172 4782 
2173 4553 4980 
2174 4925 4955 
2175 4928 
2176 4603 
2177 4279 
2178 4995 
2179 4879 
2180 4378 
2181 4847 
2182 4852 4847 4874 
2183 4949 
2184 4554 
2185 4744 
2186 4953 4771 4913 
2187 4335 
2188 4864 4419 4980 4925 
2189 4759 
2190 4444 
2191 4844 
2192 4933 
2193 4994 
2194 4782 4994 4772 3334 
2195 4810 
2196 4502 
2197 4335 
2198 4582 
2199 4966 
2200 4301 
2201 4953 
2202 5000 
2203 4913 
2204 4964 
2205 3864 
2206 4913 
2207 4668 
2208 4279 
2209 4930 4553 4895 
2210 4759 
2211 4766 
2212 4772 
2213 4917 
2214 4906 
2215 4949 
2216 4858 
2217 4722 
2218 4841 4360 4984 
2219 4917 
2220 4896 
2221 4810 
2222 4867 
2223 4966 
2224 4847 
2225 4780 
2226 2908 
2227 4998 
2228 4714 
2229 4895 
2230 4972 
2231 4585 
2232 4845 
2233 4891 
2234 4564 
2235 4600 
2236 4845 
2237 4155 
2238 4714 
2239 4857 
2240 4864 
2241 4925 
2242 4953 
2243 4948 
2244 4748 4845 5000 
2245 4744 
2246 4946 
2247 4844 
2248 4925 
2249 4984 
2250 4744 
2251 4818 
2252 4917 
2253 4939 
2254 4904 
2255 4984 
2256 4776 
2257 4901 
2258 4906 
2259 4966 
2260 4845 
2261 4945 
2262 4972 
2263 4940 
2264 4553 
2265 4888 4772 
2266 4996 
2267 4995 
2268 4810 
2269 4810 
2270 4972 
2271 4928 
2272 4976 
2273 4972 
2274 4979 
2275 4989 
2276 4891 
2277 4772 
2278 4984 
2279 4335 
2280 4993 4904 
2281 4905 
2282 4760 
2283 4377 4939 4891 
2284 4335 
2285 4996 4925 4622 4858 
2286 4822 
2287 2501 3334 4966 
2288 4847 4560 
2289 4864 
2290 4973 
2291 4867 
2292 4949 
2293 4928 
2294 4966 
2295 4495 
2296 4904 
2297 4410 
2298 4953 
2299 4913 
2300 4913 
2301 4939 
2302 4360 
2303 4877 
2304 4998 
2305 4876 
2306 4857 
2307 4987 
2308 4740 
2309 4966 
2310 4335 
2311 4877 
2312 4906 
2313 4937 
2314 4949 
2315 4895 
2316 4948 
2317 2501 4917 
2318 4971 4948 4989 4957 
2319 4772 
2320 4335 
2321 4933 
2322 4996 
2323 4905 
2324 4940 
2325 4844 
2326 4360 
2327 4335 
2328 4945 
2329 4925 
2330 4912 
2331 4883 
2332 4780 
2333 4925 
2334 4939 
2335 4994 
2336 4243 
2337 4992 
2338 4751 
2339 4751 
2340 4945 
2341 4973 
2342 4992 
2343 4928 
2344 4933 4913 
2345 4905 
2346 4984 4917 
2347 4748 
2348 4553 
2349 4904 
2350 4888 
2351 4760 
2352 4904 4720 
2353 4913 
2354 4957 
2355 4998 
2356 4378 
2357 4410 
2358 4884 
2359 4495 
2360 4939 
2361 4225 4722 
2362 4994 
2363 4668 
2364 4243 
2365 4952 
2366 4993 4953 4766 
2367 4946 4810 4155 
2368 4740 
2369 4997 
2370 4953 
2371 4864 
2372 4966 
2373 4129 
2374 4925 
2375 2375 
2376 4933 
2377 4995 
2378 4937 
2379 4804 
2380 4913 
2381 4888 
2382 4980 
2383 4953 
2384 4996 
2385 4925 
2386 4952 
2387 4992 
2388 4937 
2389 4925 
2390 4511 
2391 3756 4079 
2392 4751 
2393 4822 
2394 4917 
2395 4419 
2396 4879 
2397 4997 
2398 4858 
2399 4884 
2400 4864 
2401 4917 
2402 4279 
2403 4996 
2404 4876 4722 4940 
2405 4790 
2406 4419 
2407 4876 
2408 4945 
2409 4603 
2410 4841 4847 4888 
2411 4952 
2412 4945 
2413 4980 
2414 4495 
2415 4906 4966 4663 
2416 4937 
2417 4933 
2418 4845 
2419 2908 
2420 4945 
2421 4952 
2422 4740 
2423 4079 
2424 4582 
2425 4845 
2426 4937 4553 
2427 4993 
2428 4948 
2429 4980 4986 4937 4971 
2430 4876 
2431 4780 
2432 4940 4419 
2433 4925 
2434 4582 
2435 4987 
2436 4335 
2437 4953 
2438 4901 
2439 4980 
2440 4993 
2441 4874 
2442 4961 
2443 4928 
2444 4857 
2445 4946 
2446 4994 
2447 4957 
2448 4933 
2449 4751 
2450 4857 
2451 4841 
2452 4945 
2453 4888 
2454 4335 
2455 4857 
2456 4740 
2457 1554 
2458 4884 
2459 4972 
2460 4742 4905 
2461 4841 
2462 4503 
2463 4895 
2464 4955 
2465 4995 
2466 4378 
2467 4553 
2468 4887 
2469 4804 
2470 4991 
2471 4887 
2472 4993 
2473 4564 
2474 4937 
2475 4766 
2476 4742 
2477 4845 
2478 4852 
2479 4760 
2480 4953 
2481 4895 
2482 4560 
2483 4877 
2484 1554 4339 4980 
2485 4378 
2486 4722 
2487 4841 
2488 4847 
2489 4953 4155 
2490 4973 4503 4937 4992 4930 
2491 4858 
2492 4906 
2493 4688 
2494 4957 
2495 4980 
2496 4992 
2497 4930 
2498 4973 
2499 4928 
2500 4994 
2501 2501 
2502 4992 
2503 4810 
2504 4991 
2505 4956 
2506 4378 
2507 4946 
2508 4844 
2509 4502 
2510 4876 
2511 4751 
2512 4772 
2513 4945 
2514 4953 
2515 4904 
2516 4998 
2517 4646 
2518 4917 
2519 4845 
2520 4891 
2521 4933 
2522 4760 
2523 4888 
2524 4582 
2525 2908 
2526 4992 
2527 4744 
2528 4603 4930 
2529 4857 
2530 4772 
2531 4980 
2532 2532 4751 4984 
2533 4904 
2534 4971 
2535 4953 
2536 4888 
2537 4748 
2538 4984 
2539 4760 
2540 4901 
2541 4998 
2542 4867 
2543 4844 
2544 4810 
2545 4858 
2546 4957 4554 4841 
2547 4925 
2548 4930 
2549 4957 
2550 4945 
2551 4966 
2552 4867 
2553 4945 
2554 4720 
2555 4844 
2556 4780 
2557 4966 
2558 4895 
2559 4973 
2560 4937 
2561 4714 
2562 4961 
2563 4847 
2564 4895 
2565 4930 
2566 4946 
2567 4957 
2568 4980 
2569 2532 4419 4159 
2570 4933 
2571 4888 
2572 4335 
2573 4419 
2574 4360 
2575 4925 
2576 3864 4277 
2577 4939 
2578 4888 
2579 4966 
2580 4857 
2581 4913 
2582 4937 
2583 4984 
2584 4852 
2585 4971 
2586 4939 
2587 4663 
2588 4952 
2589 4966 
2590 4901 
2591 4672 
2592 4857 
2593 4995 
2594 4771 
2595 4994 
2596 4993 
2597 4488 
2598 4488 
2599 4877 
2600 4996 
2601 4603 
2602 4971 
2603 4847 
2604 4996 
2605 4760 
2606 4972 
2607 4957 
2608 4982 
2609 4335 
2610 4978 
2611 4530 
2612 4998 
2613 4243 
2614 4782 
2615 4978 
2616 4864 
2617 4992 
2618 4992 
2619 4948 
2620 4901 
2621 4759 
2622 4906 4966 
2623 4905 
2624 4896 
2625 4688 
2626 4896 
2627 4867 
2628 4948 
2629 4933 
2630 4930 
2631 4980 
2632 1554 4582 
2633 4622 
2634 4766 4887 
2635 4917 
2636 4986 4744 4945 
2637 4891 
2638 4952 
2639 4987 
2640 4910 
2641 4841 
2642 4904 
2643 4751 
2644 4906 
2645 4686 
2646 4987 
2647 4844 
2648 4790 
2649 4948 
2650 4956 
2651 4973 
2652 4995 
2653 4930 
2654 4978 
2655 4896 
2656 4961 
2657 4847 
2658 4925 4989 
2659 4335 
2660 4904 
2661 4939 
2662 4957 
2663 4159 4335 
2664 4772 
2665 4790 
2666 4972 
2667 3864 
2668 4760 
2669 4912 4939 
2670 4933 
2671 4603 
2672 4553 
2673 4976 
2674 4760 
2675 4984 
2676 4913 
2677 4992 
2678 4957 
2679 4980 
2680 4891 
2681 4930 
2682 4782 
2683 4511 
2684 4913 
2685 4979 
2686 4622 
2687 4159 4776 4782 
2688 4933 
2689 4810 
2690 4980 
2691 4335 
2692 4810 
2693 4896 
2694 4603 4876 
2695 4913 
2696 4804 
2697 5000 
2698 4646 
2699 4994 
2700 3947 
2701 4917 
2702 4986 4946 4993 
2703 4994 
2704 4603 
2705 4585 
2706 4877 
2707 4845 
2708 4939 
2709 4917 4335 
2710 4225 
2711 4980 4772 
2712 4603 
2713 4530 4945 4912 
2714 4940 
2715 4603 
2716 4879 
2717 4989 
2718 4845 
2719 4998 
2720 4976 4997 4622 4339 
2721 4971 
2722 4992 4994 
2723 4772 
2724 4984 
2725 4748 
2726 4503 
2727 4707 
2728 4748 
2729 4876 
2730 4668 4966 
2731 4946 
2732 4949 
2733 4335 
2734 4277 
2735 4998 4488 
2736 4913 
2737 4686 4917 4961 
2738 4888 
2739 4810 4742 4748 4720 4905 
2740 4488 
2741 4991 
2742 4913 
2743 4984 
2744 4966 
2745 4845 4844 
2746 4553 
2747 4751 
2748 4961 
2749 4864 
2750 4686 
2751 4888 
2752 4955 
2753 4760 
2754 4992 
2755 4928 
2756 4973 
2757 4760 
2758 4955 
2759 4996 
2760 4989 
2761 4888 
2762 4488 
2763 4874 
2764 4933 
2765 4946 4904 4744 
2766 4992 
2767 4980 4129 
2768 4902 
2769 4360 
2770 4982 
2771 4553 
2772 4945 
2773 4735 
2774 4956 
2775 4858 
2776 4986 
2777 4966 
2778 4502 
2779 4876 4672 4952 
2780 4986 
2781 4720 
2782 4925 
2783 4852 
2784 4688 
2785 4956 
2786 4841 
2787 4759 
2788 4877 
2789 4930 
2790 4939 
2791 4744 
2792 4740 
2793 4905 
2794 4937 
2795 4503 
2796 4913 
2797 4982 
2798 4603 
2799 4782 
2800 4277 4760 4857 
2801 4553 
2802 4155 
2803 4603 
2804 4760 
2805 4360 
2806 4888 
2807 4939 
2808 4987 
2809 4992 
2810 4906 
2811 4847 
2812 4511 
2813 4225 
2814 4937 
2815 4884 
2816 4912 
2817 4906 
2818 4748 4966 4945 
2819 4857 
2820 4912 
2821 4857 
2822 4917 
2823 4948 
2824 4993 4991 
2825 4686 
2826 4939 
2827 4658 
2828 4913 
2829 4933 
2830 4243 
2831 4996 
2832 4966 
2833 4980 
2834 4906 
2835 4735 
2836 4864 
2837 4867 
2838 4993 
2839 4946 
2840 4979 
2841 4966 
2842 4877 
2843 4925 
2844 4971 
2845 4279 
2846 4410 
2847 4874 
2848 4722 
2849 4917 
2850 4155 
2851 4896 
2852 4225 
2853 4956 
2854 4972 
2855 4720 4867 4279 
2856 4760 4980 
2857 4772 
2858 4989 
2859 4961 
2860 4971 4984 
2861 4378 
2862 4896 
2863 4979 
2864 4804 
2865 4585 
2866 4658 
2867 4782 4852 
2868 4360 4984 
2869 4771 
2870 4953 
2871 4766 
2872 4966 
2873 4735 
2874 4994 
2875 4081 
2876 4841 
2877 4852 
2878 4790 
2879 4987 
2880 4845 
2881 4780 
2882 4766 
2883 4949 
2884 4841 4744 
2885 4722 
2886 4978 
2887 4780 
2888 4766 
2889 4822 
2890 4948 
2891 4867 
2892 4884 
2893 4925 4874 4953 
2894 4845 
2895 4772 
2896 4904 
2897 4978 
2898 4966 
2899 4913 
2900 4972 
2901 4225 
2902 4782 
2903 4993 
2904 4953 
2905 4658 
2906 4668 
2907 4955 4986 4159 4844 4913 
2908 2908 
2909 4956 4874 4582 
2910 4844 
2911 4867 
2912 4419 4937 
2913 4971 
2914 4957 4971 
2915 4928 4984 
2916 4996 
2917 4360 
2918 4622 
2919 4996 4945 4771 
2920 4553 
2921 4887 
2922 4982 
2923 4905 
2924 4949 
2925 4858 
2926 4845 
2927 4672 
2928 4939 4933 4884 4982 
2929 4864 
2930 4913 
2931 4564 
2932 4948 
2933 4714 
2934 4378 
2935 4530 
2936 4940 
2937 4335 
2938 4822 
2939 4980 
2940 4946 4844 
2941 3756 
2942 4155 
2943 4961 
2944 4888 4984 
2945 4933 
2946 4976 
2947 4600 
2948 4948 
2949 5000 
2950 4495 
2951 4980 
2952 4989 
2953 3756 
2954 4966 
2955 4953 
2956 4946 
2957 4940 
2958 5000 
2959 4888 
2960 4771 
2961 4953 4804 
2962 4980 
2963 4991 
2964 4081 
2965 4940 
2966 4939 
2967 4976 
2968 4964 4991 4751 
2969 4987 4748 4986 
2970 4946 
2971 4891 
2972 4973 
2973 4901 
2974 4530 
2975 4979 
2976 4955 
2977 4864 
2978 3988 
2979 4845 
2980 4864 
2981 4722 
2982 4980 
2983 4953 
2984 4905 
2985 4961 
2986 4949 
2987 4945 
2988 3756 
2989 4925 4917 4979 
2990 4971 
2991 4751 
2992 4790 
2993 4658 
2994 4930 
2995 4896 
2996 4301 
2997 4841 
2998 4748 
2999 4888 
3000 3000 4996 4888 
3001 4955 
3002 4772 
3003 4668 
3004 4945 
3005 4973 
3006 4852 
3007 4933 
3008 4129 
3009 4760 
3010 4915 
3011 4735 
3012 4495 
3013 4841 
3014 4243 
3015 4940 
3016 4495 
3017 4984 
3018 4939 
3019 4998 
3020 3864 4905 4339 4945 
3021 4980 
3022 4686 
3023 4772 
3024 4917 
3025 4748 
3026 4939 
3027 4780 
3028 4976 
3029 4502 4888 4979 
3030 3756 4984 
3031 4847 
3032 2908 
3033 4996 
3034 4952 3000 4948 
3035 4971 
3036 4972 
3037 4993 
3038 4984 
3039 4979 
3040 4845 
3041 4864 
3042 4982 
3043 4776 
3044 4989 
3045 4772 
3046 4906 4895 4971 
3047 4980 
3048 4888 4955 4879 4771 
3049 4945 
3050 4301 
3051 4771 4887 
3052 4511 4722 4742 
3053 4378 
3054 4904 
3055 4822 
3056 4668 
3057 4972 
3058 4979 4940 
3059 4902 
3060 4857 
3061 4991 
3062 4766 
3063 4966 4864 
3064 4895 
3065 4079 
3066 4772 
3067 4883 
3068 1554 4996 
3069 4945 4867 4864 
3070 4891 
3071 4503 
3072 4946 
3073 4939 
3074 4939 
3075 4888 
3076 4658 
3077 4906 4939 
3078 4553 
3079 4722 
3080 4720 
3081 4845 
3082 4884 4992 
3083 4989 
3084 4961 
3085 4955 
3086 4766 
3087 4841 
3088 4822 
3089 4980 
3090 4852 
3091 4952 
3092 4949 
3093 4915 
3094 4952 
3095 4953 4782 4945 
3096 4910 
3097 4335 
3098 4891 
3099 4972 
3100 4760 
3101 4966 
3102 4955 
3103 4079 
3104 4933 
3105 4760 
3106 4847 
3107 4996 
3108 4966 
3109 4888 
3110 4906 2501 4722 
3111 4945 
3112 4982 
3113 4895 
3114 4079 
3115 4949 4857 4742 
3116 4742 
3117 4560 
3118 4663 
3119 4952 
3120 4998 
3121 4845 
3122 4360 
3123 4952 
3124 4688 
3125 4891 
3126 4901 
3127 4945 
3128 4933 
3129 4971 
3130 4782 
3131 3864 4585 
3132 4984 
3133 4155 4772 4980 
3134 4858 
3135 4822 
3136 4722 
3137 4887 
3138 4876 
3139 4419 
3140 4906 
3141 4879 
3142 4419 
3143 4707 
3144 4339 4488 4937 
3145 4867 
3146 4937 
3147 4904 
3148 4790 
3149 4984 4980 
3150 4585 
3151 4502 
3152 4858 
3153 4971 
3154 4378 
3155 4874 
3156 4995 
3157 4748 
3158 4845 
3159 4979 
3160 5000 
3161 4879 
3162 4081 
3163 4772 
3164 4987 
3165 4928 
3166 4937 
3167 4874 4982 4772 4672 
3168 4952 
3169 4989 
3170 4876 
3171 3864 
3172 4867 
3173 4688 
3174 4980 4946 
3175 4751 
3176 5000 
3177 4600 
3178 4155 4904 4378 
3179 4748 
3180 4748 
3181 4989 
3182 3864 
3183 4982 
3184 4940 
3185 4980 
3186 4888 
3187 4857 1554 4582 
3188 4984 
3189 4603 
3190 4980 
3191 4720 
3192 4841 
3193 4982 
3194 4511 
3195 4972 
3196 4874 
3197 4603 
3198 4953 
3199 4790 
3200 5000 
3201 4360 
3202 4940 
3203 5000 
3204 4847 
3205 4603 
3206 4585 
3207 4966 4906 
3208 4982 
3209 4913 
3210 4867 
3211 4925 
3212 4841 
3213 4949 4622 4600 3864 4973 
3214 4930 
3215 4948 
3216 4993 
3217 4503 
3218 4672 
3219 4993 4553 4946 
3220 4895 
3221 4949 
3222 4980 4822 4876 
3223 4759 
3224 3864 
3225 4495 4857 4079 
3226 4948 
3227 4939 
3228 4279 
3229 4913 
3230 4740 
3231 4879 
3232 4955 
3233 4772 
3234 4953 
3235 3947 
3236 4980 
3237 4982 
3238 4991 
3239 4994 
3240 4884 
3241 4857 
3242 4714 
3243 4966 
3244 4822 
3245 4913 
3246 4912 
3247 4867 
3248 4928 
3249 4511 
3250 4760 
3251 4867 
3252 4740 
3253 4844 
3254 4582 
3255 4989 
3256 4956 
3257 4225 
3258 4953 4876 4994 4707 
3259 4668 
3260 4553 
3261 4864 
3262 4987 
3263 4904 
3264 4887 4672 4976 
3265 4720 
3266 4994 
3267 4984 
3268 4554 
3269 4937 
3270 4771 
3271 4971 
3272 4980 
3273 4822 
3274 4945 4957 4766 
3275 4804 
3276 4744 
3277 4904 
3278 4852 
3279 4933 
3280 4984 4360 4906 4335 
3281 4946 
3282 4759 
3283 4759 
3284 4961 
3285 4766 
3286 4986 
3287 4876 
3288 4888 
3289 4987 
3290 4946 
3291 4335 4554 
3292 4930 4987 
3293 4876 
3294 4966 
3295 4953 
3296 4940 4668 
3297 4079 
3298 4852 
3299 4895 
3300 4972 
3301 4917 
3302 4955 
3303 4930 
3304 4966 
3305 4987 
3306 4502 
3307 4782 
3308 4740 
3309 4896 
3310 4845 
3311 4782 
3312 4948 
3313 4995 
3314 4720 
3315 4992 
3316 4600 
3317 4129 
3318 4847 
3319 4996 
3320 4995 
3321 4917 
3322 4335 
3323 4939 4945 
3324 4553 
3325 4912 
3326 4973 
3327 4952 
3328 4946 
3329 4378 
3330 4883 
3331 4910 
3332 4896 
3333 4993 
3334 3334 
3335 4973 
3336 4553 
3337 4964 
3338 4852 
3339 4378 3988 4530 4971 
3340 4688 
3341 4979 
3342 4966 
3343 4984 
3344 4564 
3345 4335 
3346 4714 
3347 4930 
3348 4961 
3349 4925 
3350 4225 
3351 4378 4772 4906 
3352 4937 4488 4964 
3353 4984 
3354 4867 
3355 4933 
3356 4658 
3357 4502 
3358 4955 
3359 4488 4984 
3360 4912 
3361 4751 
3362 4887 
3363 4658 
3364 4686 
3365 4585 
3366 4945 4488 
3367 2375 3988 
3368 4913 
3369 4722 
3370 4864 
3371 4937 
3372 4867 
3373 4913 
3374 4877 
3375 4444 
3376 4339 3864 
3377 4503 
3378 4964 
3379 4790 
3380 4818 
3381 4993 
3382 4980 
3383 4961 
3384 4915 
3385 4277 4759 4993 
3386 4904 
3387 4994 
3388 4740 
3389 4818 
3390 4952 
3391 4688 
3392 4937 
3393 4672 
3394 4720 
3395 4966 
3396 4946 
3397 4972 
3398 4742 
3399 4672 
3400 4766 
3401 4582 
3402 4906 4912 
3403 4982 
3404 4953 
3405 4858 
3406 4378 
3407 3756 
3408 4972 
3409 4360 
3410 4155 4987 4879 
3411 4668 
3412 4841 
3413 4925 
3414 4301 
3415 4419 4279 
3416 4993 
3417 4876 
3418 4961 
3419 4360 
3420 4858 4857 4978 
3421 4686 
3422 4772 
3423 4722 
3424 4972 
3425 4858 
3426 4993 
3427 4155 
3428 4984 
3429 4771 
3430 4884 
3431 4910 
3432 4864 
3433 4901 
3434 4996 
3435 4973 
3436 4858 
3437 4917 
3438 5000 
3439 4858 
3440 4488 
3441 4956 
3442 4668 
3443 4663 
3444 4603 
3445 4989 4991 4945 
3446 4902 
3447 4933 
3448 4847 
3449 4913 4933 4339 
3450 4948 4759 4993 
3451 4986 
3452 4766 
3453 4946 
3454 4937 
3455 4603 
3456 4984 
3457 4966 
3458 4858 
3459 4279 4998 
3460 4930 
3461 4857 
3462 4948 
3463 4980 
3464 4688 
3465 4279 
3466 4904 4874 
3467 4957 
3468 4956 4864 4957 
3469 4818 
3470 4973 
3471 4668 
3472 4955 
3473 4989 
3474 4279 
3475 4279 
3476 4896 
3477 4996 
3478 4906 
3479 4488 
3480 4982 
3481 4987 
3482 4937 
3483 4972 
3484 4759 
3485 4946 
3486 4915 
3487 4582 
3488 4933 
3489 4782 
3490 4511 
3491 4957 
3492 4953 4987 4841 
3493 4553 
3494 4668 
3495 4857 
3496 4917 
3497 4553 
3498 4585 
3499 4895 4852 4782 
3500 4845 
3501 4993 
3502 4740 
3503 4771 
3504 4930 
3505 4989 
3506 4939 
3507 4852 
3508 4989 
3509 4864 
3510 4906 
3511 4852 
3512 4966 4720 4995 
3513 4888 
3514 4844 
3515 4857 
3516 4888 
3517 4987 
3518 4992 
3519 4945 
3520 4956 
3521 4895 
3522 4989 
3523 4984 
3524 4782 
3525 4845 
3526 4939 
3527 4751 
3528 4378 
3529 4804 
3530 4984 
3531 4917 
3532 4225 4996 
3533 4976 
3534 4776 
3535 4804 
3536 4998 
3537 4891 
3538 4867 
3539 4883 
3540 4978 
3541 4335 
3542 4995 
3543 4917 
3544 2375 4887 4876 3988 
3545 4748 
3546 4980 4879 4915 4993 
3547 4998 
3548 4930 
3549 4997 
3550 4864 
3551 4966 4984 4928 
3552 4720 
3553 4979 
3554 4867 
3555 4979 
3556 4991 
3557 4720 4858 4841 
3558 4955 
3559 4810 
3560 4688 
3561 4888 
3562 4997 
3563 4503 
3564 4993 
3565 4845 
3566 4955 4912 4996 
3567 5000 
3568 4378 
3569 4782 
3570 4155 
3571 4760 
3572 4998 
3573 4955 
3574 4419 4804 4339 4961 
3575 4378 
3576 4444 
3577 4857 
3578 4511 
3579 4984 
3580 4952 
3581 5000 
3582 4937 
3583 4751 
3584 4760 
3585 4940 
3586 4976 
3587 4155 
3588 4915 4867 4810 
3589 4663 
3590 4335 
3591 4771 
3592 4979 
3593 4905 
3594 4961 
3595 4776 
3596 4845 4720 4766 
3597 4904 
3598 4925 
3599 4945 
3600 2908 
3601 3947 
3602 4906 
3603 4759 
3604 4925 
3605 4928 
3606 4957 
3607 4782 
3608 4864 
3609 3864 4225 4946 4884 
3610 4945 
3611 4360 
3612 4530 
3613 4744 
3614 4928 
3615 4277 4335 4971 
3616 4722 
3617 4896 
3618 4772 
3619 4933 
3620 4887 
3621 4335 
3622 4760 
3623 4488 
3624 4976 
3625 4410 
3626 4946 4582 4989 4874 
3627 4978 
3628 4810 
3629 4912 
3630 4984 
3631 4554 
3632 4810 
3633 4991 4946 4600 4810 
3634 4553 
3635 4841 
3636 4896 
3637 4987 
3638 4876 4937 4603 4939 4904 
3639 4991 
3640 4895 
3641 4948 4955 4852 4720 
3642 4810 
3643 4530 
3644 4876 
3645 4772 
3646 4984 4961 4564 4502 
3647 4858 
3648 4996 
3649 4948 
3650 4940 
3651 4984 
3652 4902 4772 4896 
3653 4957 4847 4600 4707 
3654 4776 
3655 4982 
3656 4996 4895 
3657 4997 
3658 4986 
3659 4994 
3660 4996 
3661 4847 
3662 4714 
3663 4079 
3664 4772 
3665 3864 5000 4339 4953 
3666 4956 4782 4688 4957 
3667 4847 
3668 4822 
3669 4895 
3670 4992 
3671 4748 
3672 4952 
3673 3756 
3674 4957 
3675 4772 
3676 4972 4339 4939 4818 
3677 5000 
3678 4986 4902 4658 
3679 4582 
3680 4279 
3681 4939 4668 4852 
3682 4585 
3683 4930 
3684 4760 
3685 4961 
3686 4992 
3687 4864 
3688 4335 
3689 4603 4980 4939 4949 
3690 4904 
3691 4930 
3692 4992 4646 4986 
3693 4772 
3694 4847 
3695 4993 
3696 4864 4937 4335 4982 
3697 4953 3334 4925 4081 4901 4845 
3698 4972 
3699 4582 
3700 4766 
3701 4937 
3702 4913 
3703 4906 
3704 4081 
3705 4603 
3706 4867 
3707 4888 
3708 4966 
3709 4966 
3710 4720 
3711 4553 
3712 4554 
3713 4740 
3714 4883 
3715 4722 
3716 4984 
3717 4953 4751 4553 
3718 4722 
3719 4159 
3720 4953 
3721 4129 4955 4804 
3722 4847 
3723 4751 
3724 4906 4895 4971 
3725 4686 
3726 4955 
3727 4948 
3728 3864 
3729 4891 
3730 4780 
3731 4782 
3732 4857 
3733 4982 
3734 4845 
3735 4622 4582 
3736 4966 
3737 4844 
3738 4780 
3739 4740 
3740 4360 
3741 4742 4966 4913 4818 
3742 4748 
3743 4335 
3744 4845 
3745 4844 
3746 4976 
3747 3756 
3748 4957 
3749 4948 
3750 4845 
3751 4735 
3752 4905 
3753 4973 
3754 4986 
3755 4978 
3756 3756 
3757 4686 4530 4994 
3758 4895 
3759 4933 4079 4852 
3760 4155 4906 4913 4867 
3761 4966 
3762 4901 
3763 4978 
3764 3947 
3765 4971 
3766 4818 
3767 4953 
3768 4760 
3769 4966 
3770 4978 
3771 4948 4864 5000 
3772 4906 
3773 4360 
3774 4646 
3775 4444 
3776 4952 
3777 4904 4225 4554 4874 
3778 4957 
3779 4895 
3780 4852 4986 4772 4867 
3781 4902 
3782 4966 4360 4953 
3783 4891 
3784 4895 
3785 4993 
3786 4937 
3787 4930 
3788 4980 
3789 4996 
3790 4844 4946 4905 4707 
3791 4279 4930 4686 4646 
3792 4915 2501 3988 4939 4858 
3793 4901 
3794 4891 
3795 4360 
3796 4946 
3797 4933 
3798 4979 
3799 4888 
3800 4888 
3801 4714 
3802 4984 
3803 4902 
3804 4940 
3805 4742 
3806 4410 
3807 4989 4992 4772 4971 
3808 4925 
3809 4902 
3810 4989 
3811 4966 
3812 4879 
3813 4986 4888 4913 
3814 4766 
3815 4488 
3816 4867 
3817 4996 
3818 4980 
3819 4672 
3820 4771 
3821 4933 
3822 4622 4582 
3823 4857 
3824 4945 4957 4852 4335 
3825 4991 
3826 4948 
3827 4663 
3828 4772 
3829 4658 
3830 4852 
3831 4081 4858 4939 4966 
3832 4993 
3833 4895 4663 4339 4646 4948 
3834 4852 
3835 4772 
3836 4841 
3837 4940 
3838 4879 
3839 4994 
3840 4996 
3841 4946 
3842 4822 
3843 4845 4771 4225 2532 4560 4339 4663 
3844 4857 
3845 4444 
3846 4895 
3847 4772 
3848 4225 
3849 4917 4957 4978 
3850 4155 4883 4913 
3851 4888 
3852 4955 
3853 4949 
3854 4982 
3855 4495 
3856 4972 
3857 4971 
3858 4949 
3859 4993 
3860 4686 
3861 3988 4949 4603 4912 4858 
3862 4740 
3863 4688 
3864 3864 2908 4930 
3865 5000 
3866 4378 
3867 4722 
3868 4939 
3869 4966 
3870 4971 
3871 4933 4937 4646 4995 
3872 4444 
3873 4772 
3874 4847 
3875 4891 
3876 4972 
3877 4760 
3878 4948 
3879 4993 
3880 4864 4925 4766 4997 
3881 4972 
3882 4930 
3883 4668 
3884 4771 
3885 4668 
3886 4986 
3887 4772 
3888 4554 
3889 4980 
3890 4939 
3891 4495 
3892 4979 
3893 4891 
3894 4771 
3895 4864 
3896 4740 
3897 4760 
3898 4996 
3899 4867 
3900 4419 
3901 4966 
3902 4946 
3903 4772 
3904 4913 
3905 4720 4966 4994 4997 
3906 4503 
3907 4987 
3908 4930 
3909 4971 
3910 4686 
3911 4081 
3912 4891 
3913 4953 
3914 4714 
3915 4772 
3916 4658 
3917 4877 
3918 4980 2501 3988 
3919 4955 4419 4603 4780 
3920 4953 4887 3988 
3921 4818 
3922 4776 
3923 4966 
3924 4939 
3925 4760 
3926 4444 
3927 4243 4937 4818 4978 
3928 4986 
3929 4939 
3930 4810 
3931 4766 4582 1554 4622 
3932 4744 
3933 4939 
3934 4844 4906 4744 4857 
3935 4997 
3936 4901 
3937 4668 
3938 4503 
3939 4913 
3940 4857 
3941 4917 
3942 4912 
3943 4952 
3944 4243 
3945 4986 
3946 4955 
3947 3947 
3948 4961 
3949 4955 
3950 4937 
3951 4129 
3952 4966 
3953 4989 
3954 4917 
3955 4603 
3956 4964 
3957 4928 
3958 4994 
3959 4766 
3960 4991 
3961 4995 
3962 4994 
3963 4955 
3964 4991 
3965 4582 4622 5000 
3966 3864 
3967 4910 
3968 4939 
3969 4864 
3970 4818 
3971 4858 
3972 4966 4955 4560 4952 4980 4888 4720 
3973 4582 
3974 4973 
3975 4992 
3976 4790 4852 4810 
3977 4915 
3978 4957 
3979 4986 
3980 4945 
3981 4582 
3982 4891 
3983 4964 
3984 4686 
3985 4979 
3986 4503 
3987 4564 
3988 3988 2375 
3989 4957 
3990 4945 
3991 4982 
3992 4997 
3993 4895 
3994 4917 
3995 4740 
3996 4419 4844 4159 4760 4992 4822 
3997 4994 
3998 4955 
3999 4883 
4000 4917 
4001 4891 4688 4841 
4002 4905 
4003 4277 
4004 4939 
4005 4335 
4006 4973 
4007 4930 
4008 4847 
4009 4895 
4010 4776 
4011 4841 
4012 4884 
4013 4277 4905 4945 
4014 4940 
4015 4751 
4016 4945 
4017 4771 
4018 4722 
4019 4915 
4020 4957 
4021 4953 
4022 4953 
4023 3334 4906 3988 4707 4600 
4024 4913 
4025 4910 
4026 4864 
4027 4940 
4028 4996 
4029 4952 
4030 4887 
4031 4957 
4032 4993 
4033 4966 
4034 4852 2501 4879 4996 
4035 4847 
4036 4994 
4037 4744 
4038 4984 
4039 4707 
4040 4845 
4041 4772 
4042 4891 
4043 4939 
4044 4949 
4045 4891 
4046 4939 
4047 4672 
4048 4600 
4049 4858 
4050 4530 4079 4722 4891 
4051 4876 
4052 4751 
4053 4933 
4054 4553 
4055 4901 
4056 4735 4658 4864 
4057 4902 
4058 4888 
4059 5000 
4060 4748 
4061 4957 
4062 4971 
4063 4994 
4064 4844 
4065 4378 
4066 4987 
4067 4603 4966 4360 4751 
4068 4857 
4069 4503 
4070 4961 
4071 4748 
4072 4419 
4073 4339 4888 4301 
4074 4079 
4075 4707 
4076 4987 
4077 4818 4940 4980 4957 
4078 4225 
4079 4079 
4080 4790 
4081 4081 
4082 4993 
4083 4966 
4084 4987 
4085 4980 
4086 4906 
4087 4582 4622 
4088 4961 
4089 4989 
4090 4867 
4091 4987 
4092 4956 
4093 4858 
4094 4982 
4095 4991 
4096 4847 4488 4818 4930 4955 
4097 4925 
4098 4822 
4099 4751 
4100 4953 
4101 4949 
4102 4511 
4103 4858 
4104 4722 
4105 4847 
4106 4776 
4107 4945 
4108 4883 
4109 4955 
4110 4917 
4111 4847 4852 4991 4998 
4112 4978 
4113 4996 
4114 3756 
4115 4822 
4116 4952 2532 4957 4810 4945 4760 4339 
4117 4980 
4118 4905 
4119 4582 4279 4905 4980 
4120 4722 
4121 4560 4928 4933 4993 4339 4410 4279 
4122 4902 
4123 4864 
4124 4600 
4125 4776 
4126 4335 
4127 4993 4994 4940 4992 
4128 4155 
4129 4129 
4130 4904 
4131 4378 
4132 4852 4766 
4133 4564 
4134 4735 4925 
4135 4976 4939 4771 4714 
4136 4957 
4137 4946 
4138 4976 
4139 4847 
4140 4772 
4141 4953 4735 4984 
4142 4986 
4143 4957 
4144 4986 
4145 4953 
4146 4979 
4147 4822 
4148 4957 
4149 4995 
4150 4972 
4151 4991 
4152 4888 
4153 4772 
4154 4864 
4155 4155 
4156 4891 
4157 4933 4751 4948 
4158 4952 
4159 4159 4079 4867 4953 
4160 4961 
4161 4884 
4162 4991 
4163 4714 
4164 4277 
4165 4917 4772 4720 4995 
4166 4984 
4167 4847 
4168 4953 
4169 4982 
4170 4905 
4171 4864 
4172 4887 
4173 4915 
4174 4980 
4175 4979 
4176 4759 
4177 4790 
4178 4844 
4179 4877 
4180 4928 
4181 4976 
4182 4980 
4183 4857 
4184 4771 4845 3947 4686 
4185 4925 
4186 4940 
4187 4953 
4188 4976 
4189 4766 3864 4946 
4190 4992 
4191 4994 
4192 4879 
4193 4933 
4194 4901 
4195 4996 
4196 4378 
4197 4906 
4198 4888 
4199 4964 
4200 4891 
4201 4993 
4202 4917 
4203 4582 4978 4902 4822 
4204 4989 
4205 4874 
4206 4912 
4207 4857 
4208 4722 4980 4740 
4209 2375 4888 4966 3988 4891 4955 
4210 4844 4913 4971 4946 
4211 4766 4079 4973 4560 4603 
4212 4982 
4213 4751 
4214 4686 
4215 4971 
4216 4976 
4217 4782 
4218 4976 
4219 4720 
4220 4930 
4221 4841 
4222 4891 
4223 4554 
4224 4891 
4225 4225 
4226 4966 
4227 4972 
4228 4984 
4229 4902 
4230 4887 
4231 4847 
4232 4904 
4233 4971 4895 4735 4997 
4234 4987 
4235 4759 
4236 4740 
4237 4771 4930 4360 4896 
4238 4912 
4239 4953 
4240 4915 
4241 4888 
4242 4766 
4243 4243 
4244 4748 
4245 4818 
4246 4986 
4247 3756 4904 4906 4982 
4248 4946 
4249 4335 
4250 4982 
4251 4841 
4252 4771 
4253 4913 
4254 4987 
4255 4771 
4256 4915 
4257 4722 
4258 4953 
4259 4895 
4260 4847 
4261 4742 
4262 4952 
4263 4857 
4264 4874 
4265 4913 
4266 5000 4852 4564 4917 
4267 4905 
4268 4858 
4269 4953 
4270 4986 
4271 4946 
4272 4939 
4273 4992 
4274 4410 
4275 4917 4971 4874 4879 
4276 4530 4876 4887 3988 4243 4720 4928 
4277 4277 
4278 4772 
4279 4279 
4280 4902 
4281 4735 
4282 4884 
4283 4722 
4284 4925 
4285 4845 
4286 4360 4888 4904 4790 
4287 4994 
4288 4913 4852 2532 4159 4771 4867 4989 4845 
4289 4852 
4290 4946 
4291 5000 
4292 4945 
4293 4949 
4294 4857 
4295 4847 
4296 4948 
4297 4603 4917 4945 4996 
4298 4554 
4299 4993 
4300 4925 
4301 4301 
4302 4971 
4303 4740 
4304 4622 4582 
4305 4995 
4306 4987 
4307 4735 
4308 4553 
4309 4603 
4310 4945 
4311 4966 
4312 4672 
4313 4940 
4314 4930 
4315 4913 
4316 4966 
4317 4904 
4318 4876 
4319 4279 
4320 4915 
4321 5000 
4322 4378 
4323 4847 
4324 4301 
4325 5000 4982 4940 
4326 4973 
4327 4766 
4328 4810 
4329 4339 4822 
4330 4996 4511 4714 
4331 4955 
4332 4554 
4333 4722 
4334 4976 3864 4986 4972 4339 4913 4841 
4335 4335 
4336 4925 
4337 4912 
4338 4564 
4339 4339 4867 
4340 4971 
4341 4966 
4342 4961 
4343 4410 
4344 4759 
4345 4966 
4346 4952 4978 4742 4867 
4347 4966 
4348 4772 
4349 4948 
4350 4979 
4351 4980 
4352 4511 
4353 4564 
4354 4887 
4355 4997 
4356 4972 
4357 4488 4989 4663 
4358 4930 
4359 4888 
4360 4360 
4361 4867 
4362 4663 
4363 4928 
4364 4622 4582 
4365 4378 
4366 4419 
4367 4759 4722 4949 4979 
4368 4742 4760 4933 4972 
4369 2908 
4370 4780 
4371 4852 
4372 4915 
4373 4874 
4374 4953 
4375 4874 
4376 4937 
4377 4766 
4378 4378 
4379 4992 
4380 4884 
4381 4957 4751 4714 4877 
4382 4335 4989 4686 4771 
4383 4996 
4384 4957 
4385 4884 
4386 4776 
4387 4987 
4388 4857 4945 4906 
4389 4987 
4390 4301 
4391 4707 
4392 4980 
4393 4891 
4394 4989 
4395 4913 
4396 4867 
4397 4553 
4398 4996 4822 4877 
4399 4979 
4400 4887 
4401 4335 
4402 4996 
4403 4495 
4404 4901 4079 4603 4995 
4405 4940 
4406 4948 
4407 4847 
4408 4961 
4409 4888 
4410 4410 
4411 4952 
4412 4966 
4413 4857 
4414 4720 
4415 4720 
4416 4857 4930 4686 4672 
4417 4845 
4418 4864 4720 
4419 4419 
4420 4564 
4421 4946 
4422 4978 
4423 4887 
4424 4360 
4425 4760 
4426 4994 
4427 4707 
4428 4910 
4429 4993 
4430 4955 
4431 4904 
4432 4992 
4433 4979 
4434 4896 4858 4879 4707 
4435 4891 4079 4663 
4436 4996 
4437 4925 
4438 4953 
4439 4301 
4440 4857 
4441 4335 
4442 563 4972 4896 4982 4864 4339 
4443 4444 
4444 4444 
4445 4857 
4446 4933 
4447 4751 
4448 4928 
4449 4782 
4450 4991 
4451 4976 
4452 4751 4939 4972 4998 
4453 4994 
4454 4760 
4455 4879 
4456 4904 
4457 4940 
4458 4852 
4459 4129 
4460 4955 
4461 4335 4772 4782 4980 
4462 4995 
4463 4858 
4464 4867 
4465 5000 4994 4913 
4466 4997 
4467 4986 
4468 4966 
4469 4966 
4470 4876 
4471 4782 
4472 4913 4686 4895 4511 
4473 4945 
4474 4966 
4475 4953 
4476 4600 
4477 4845 
4478 4818 
4479 4760 4906 4841 4867 
4480 4971 
4481 4277 
4482 4994 4930 4913 4986 4953 
4483 4902 
4484 4980 
4485 4301 
4486 4961 4874 4966 
4487 4966 
4488 4488 
4489 4845 
4490 4979 
4491 4902 
4492 4790 
4493 4955 
4494 4772 
4495 4495 
4496 4444 
4497 4902 
4498 5000 
4499 4917 4772 4896 4946 
4500 4858 
4501 4996 
4502 4502 
4503 4503 
4504 4994 
4505 4658 
4506 4901 
4507 4925 
4508 4867 4971 4928 
4509 4948 
4510 4979 
4511 4511 
4512 4937 
4513 4952 
4514 4917 
4515 4955 
4516 4081 
4517 4971 4888 4600 4883 
4518 4081 
4519 4998 
4520 4760 4335 4905 4937 4748 
4521 4488 4971 4688 4554 
4522 4818 
4523 4771 
4524 4876 
4525 4751 
4526 4994 
4527 4964 
4528 4864 
4529 4760 4857 4742 4997 
4530 4530 
4531 4810 
4532 4971 
4533 4953 
4534 4847 
4535 4867 
4536 4888 
4537 4772 
4538 4994 
4539 4987 
4540 4740 
4541 4940 
4542 4946 
4543 4991 
4544 4845 
4545 4378 
4546 4933 
4547 4946 
4548 4852 
4549 4906 4991 4989 4714 
4550 4937 
4551 4822 
4552 4980 
4553 4553 
4554 4554 
4555 4864 
4556 4852 
4557 4759 
4558 4780 
4559 3864 4335 4845 4952 
4560 4560 
4561 4966 4992 4444 4867 
4562 4966 
4563 4883 
4564 4564 
4565 4904 
4566 4995 
4567 4930 
4568 4976 
4569 4760 
4570 4772 
4571 4804 
4572 4972 
4573 4972 
4574 4902 
4575 4971 
4576 4891 
4577 4945 
4578 4760 
4579 4945 
4580 4993 4956 4722 4858 
4581 4876 
4582 4582 
4583 4603 4888 4973 4991 
4584 4883 
4585 4585 
4586 4742 
4587 4744 
4588 4857 
4589 4984 4668 4979 4971 
4590 4891 
4591 4845 3756 4079 4946 4883 
4592 4707 
4593 4895 
4594 4560 4949 4603 4891 
4595 4751 
4596 4845 
4597 4930 
4598 4876 
4599 4917 
4600 4600 
4601 4844 
4602 4992 
4603 4603 
4604 4759 4939 4937 
4605 4891 
4606 4810 
4607 4948 4930 4585 4707 
4608 4744 
4609 4996 
4610 4766 
4611 4742 
4612 4360 
4613 4766 
4614 4888 
4615 4912 
4616 4976 
4617 4876 
4618 4766 4940 4857 4973 
4619 4976 
4620 4646 
4621 4961 
4622 4622 4582 
4623 4867 
4624 4997 
4625 4993 
4626 4502 
4627 4858 
4628 4847 
4629 4858 
4630 4887 
4631 4993 
4632 4997 
4633 4895 
4634 4720 
4635 4982 
4636 4995 
4637 4933 4771 4378 4225 
4638 4945 
4639 4896 
4640 4744 
4641 4917 
4642 4955 
4643 4759 
4644 4940 
4645 4955 
4646 4646 
4647 4980 
4648 4603 
4649 4772 
4650 4841 
4651 4155 
4652 4953 
4653 4952 
4654 4913 
4655 4155 4953 4553 4933 4993 
4656 4891 
4657 4891 
4658 4658 
4659 4912 
4660 3947 
4661 4949 
4662 4888 
4663 4663 
4664 4971 4888 4913 4912 
4665 4876 
4666 4658 4946 4857 4874 
4667 4766 4822 4845 4857 
4668 4668 
4669 4360 4979 4857 4978 
4670 4858 
4671 4742 
4672 4672 
4673 4419 
4674 4996 
4675 4993 
4676 4993 
4677 4955 4081 4876 4913 
4678 4976 
4679 4946 
4680 4994 
4681 4603 
4682 4603 
4683 4991 
4684 4953 
4685 4129 4663 4603 4933 
4686 4686 
4687 4879 
4688 4688 
4689 4901 
4690 4912 
4691 4992 
4692 4913 
4693 4155 
4694 4955 
4695 4279 
4696 4994 
4697 4748 4735 4993 4686 4760 
4698 4876 
4699 4858 
4700 4766 
4701 4991 
4702 4971 
4703 4879 
4704 4772 
4705 4722 
4706 4884 
4707 4707 
4708 4994 4953 4945 4339 4971 4995 4992 4913 4957 
4709 4946 
4710 4852 
4711 4857 
4712 4748 
4713 4980 
4714 4714 
4715 4720 
4716 4993 
4717 4994 4243 4996 
4718 4913 
4719 4957 
4720 4720 
4721 4810 
4722 4722 
4723 4913 
4724 4917 
4725 4976 
4726 4906 
4727 4876 
4728 4961 
4729 4772 
4730 4845 
4731 4845 
4732 4904 
4733 4771 4946 4672 4722 
4734 4867 
4735 4735 4997 
4736 4560 
4737 4998 
4738 4979 
4739 4877 
4740 4740 
4741 4939 4858 4973 4891 
4742 4742 
4743 4822 
4744 4744 
4745 4937 
4746 4937 4867 4790 4915 
4747 4904 
4748 4748 
4749 4822 
4750 4980 
4751 4751 
4752 4902 
4753 4876 
4754 4933 
4755 4994 
4756 4603 
4757 4984 
4758 4998 
4759 4759 
4760 4760 
4761 4972 
4762 4957 
4763 4876 4488 4955 4913 
4764 4971 
4765 4980 
4766 4766 
4767 4714 4877 
4768 4646 
4769 4766 
4770 4949 
4771 4771 
4772 4772 
4773 4751 4895 4989 4997 
4774 4939 
4775 4742 4883 4672 4995 
4776 4776 
4777 4771 
4778 4987 
4779 4984 
4780 4780 
4781 4495 
4782 4782 
4783 4992 
4784 4772 
4785 4378 
4786 4906 
4787 4410 
4788 4982 
4789 4672 
4790 4790 
4791 4987 
4792 4933 
4793 4857 5000 4982 4991 
4794 4603 
4795 4760 
4796 4554 
4797 4360 
4798 4766 
4799 4978 
4800 4966 
4801 4564 
4802 4937 
4803 4845 
4804 4804 
4805 4780 
4806 4998 
4807 4845 4917 4971 4904 4972 
4808 4930 
4809 4945 
4810 4810 
4811 4939 
4812 4928 
4813 4810 
4814 4972 
4815 4979 
4816 4928 
4817 4987 
4818 4818 
4819 4748 4782 4971 4991 
4820 4804 
4821 4553 
4822 4822 
4823 4841 4984 4622 4360 
4824 4884 
4825 4841 
4826 4971 
4827 4877 
4828 4937 
4829 4760 
4830 4987 
4831 4378 4946 4883 4904 
4832 4989 
4833 4844 
4834 4887 4339 4997 
4835 4997 
4836 4939 
4837 4895 
4838 4511 4992 4887 4949 
4839 4980 
4840 4978 
4841 4841 
4842 4488 4984 4956 4600 4913 
4843 4857 4772 4852 4495 
4844 4844 
4845 4845 
4846 4998 
4847 4847 
4848 4884 
4849 4864 
4850 4957 
4851 4488 4560 4891 4991 
4852 4852 
4853 4891 
4854 4994 
4855 4994 4917 4714 4867 
4856 4279 
4857 4857 
4858 4858 
4859 4883 4766 4760 4845 
4860 4987 
4861 4891 4917 3947 4991 
4862 4928 
4863 4913 
4864 4864 
4865 4766 
4866 4740 
4867 4867 
4868 4912 
4869 4996 
4870 4858 4772 4646 4339 4996 
4871 4994 
4872 4688 4946 4984 4554 
4873 4887 
4874 4874 
4875 4993 
4876 4876 
4877 4877 
4878 4876 
4879 4879 
4880 4874 
4881 4991 
4882 4989 
4883 4883 
4884 4884 
4885 4995 
4886 4904 
4887 4887 
4888 4888 
4889 4937 4953 4804 4646 
4890 4857 
4891 4891 
4892 4867 
4893 4996 
4894 4992 
4895 4895 
4896 4896 
4897 4925 4955 4740 4945 
4898 4961 
4899 4973 
4900 4930 
4901 4901 
4902 4902 
4903 4972 
4904 4904 
4905 4905 
4906 4906 
4907 4928 
4908 4984 
4909 4888 
4910 4910 
4911 4867 
4912 4912 
4913 4913 
4914 4335 
4915 4915 
4916 4742 4771 4335 4760 
4917 4917 
4918 4953 
4919 4913 
4920 4913 
4921 4279 4933 4658 4852 4912 
4922 4867 4939 4707 4953 
4923 4996 
4924 4973 
4925 4925 
4926 4858 
4927 4772 
4928 4928 
4929 4945 
4930 4930 
4931 4997 
4932 4937 4913 4928 
4933 4933 
4934 4986 
4935 4939 
4936 4946 
4937 4937 
4938 4841 
4939 4939 
4940 4940 
4941 4993 
4942 4972 
4943 4946 
4944 2908 4895 4979 4751 
4945 4945 
4946 4946 
4947 4864 4891 4766 4722 
4948 4948 
4949 4949 
4950 4939 4243 4984 4933 4957 
4951 4976 
4952 4952 
4953 4953 
4954 4966 
4955 4955 
4956 4956 
4957 4957 
4958 4980 
4959 4980 
4960 4913 
4961 4961 
4962 4945 
4963 4913 
4964 4964 4603 4841 4884 
4965 4957 
4966 4966 
4967 4957 
4968 4984 
4969 4995 
4970 4688 4335 4976 4972 
4971 4971 
4972 4972 
4973 4973 
4974 4845 4895 4945 4622 4888 4159 4720 4339 4972 4646 4841 4998 4930 4966 
4975 4279 4984 4722 4966 
4976 4976 
4977 4720 4949 4845 4955 
4978 4978 
4979 4979 
4980 4980 
4981 4858 
4982 4982 
4983 4995 
4984 4984 
4985 4852 
4986 4986 
4987 4987 
4988 4582 4984 4966 4961 4622 
4989 4989 
4990 4933 
4991 4991 
4992 4992 
4993 4993 
4994 4994 
4995 4995 
4996 4996 
4997 4997 
4998 4998 
4999 4945 
5000 5000 
